'161.0.1',5900,63300,4,'',0,10000,4,'',0,10000,4,'',0,10000,4,'',0,10000,4,'',0,10000,4,'',0,10000,4,'',0,10000,4,'',0,10000,4,'',0,10000,4,'',0,10000,4,'',0,10000,4,'',0,10000,4,'',0,10000,4,'',0,10000,4,'',0,10000,4,'',0,10000,4,'',0,10000,4,'',0
'161.0.1',5901,63300,,'',0,10000,,'',0,10000,,'',0,10000,,'',0,10000,,'',0,10000,,'',0,10000,,'',0,10000,,'',0,10000,,'',0,10000,,'',0,10000,,'',0,10000,,'',0,10000,,'',0,10000,,'',0,10000,,'',0,10000,,'',0,10000,,'',0,10000,,'',0
'161.0.2',5900,73300,4,'',0,10000,4,'',0,10000,4,'',0,10000,4,'',0,10000,4,'',0,10000,4,'',0,10000,4,'',0,10000,4,'',0,10000,4,'',0,10000,4,'',0,10000,4,'',0,10000,4,'',0,10000,4,'',0,10000,4,'',0,10000,4,'',0,10000,4,'',0
'161.0.2',5901,73300,,'',0,10000,,'',0,10000,,'',0,10000,,'',0,10000,,'',0,10000,,'',0,10000,,'',0,10000,,'',0,10000,,'',0,10000,,'',0,10000,,'',0,10000,,'',0,10000,,'',0,10000,,'',0,10000,,'',0,10000,,'',0
'161.0.3',5900,53900,4,'',0,8000,4,'',0,2000,4,'',0,2000,4,'',0,6000,4,'',0,2000,4,'',0,6200,4,'',0,2000,4,'',0,9300,4,'',0,10000,4,'',0,10000,4,'',0,10000,4,'',0,10000,4,'',0,10000,4,'',0,10000,4,'',0,40800,4,'',0,10000,4,'',0,10000,4,'',0,10000,4,'',0,10000,4,'',0,10000,4,'',0
'161.0.3',5901,91400,,'',0,10000,,'',0,10000,,'',0,10000,,'',0,10000,,'',0,10000,,'',0,10000,,'',0,3000,,'',0,6100,,'',0,2400,,'',0,2300,,'',0,6200,,'',0,1900,,'',0,7100,,'',0,1800,,'',0,10100,,'',0,10000,,'',0,10000,,'',0,10000,,'',0,10000,,'',0,10000,,'',0
'161.0.3',15900,154400,4,'',0,6100,4,'',0,2400,4,'',0,2300,4,'',0,6200,4,'',0,9000,4,'',0,1800,4,'',0
'161.0.3',15901,54100,,'',0,8000,,'',0,2000,,'',0,6000,,'',0,2000,,'',0,2000,,'',0,6200,,'',0,2000,,'',0
'161.1141.3',15900,173300,4,'',0
'161.1143.3',15900,173300,4,'',0
'161.0.1',40101,80710,,'',0,32600,,'',0,60000,,'',0
'161.0.2',40101,80710,,'',0,32600,,'',0,60000,,'',0
'161.0.3',40101,63210,,'',0,17500,,'',0,13500,,'',0,61200,,'',0,17900,,'',0,17900,,'',0
