'3',5000,63000,,'',0,1500,,'',0,7000,,'',0,3000,,'',0,7000,,'',0
'3',5001,153500,4,'',0,7100,4,'',0,3400,4,'',0,7000,4,'',0
'1',5400,65400,4,'',0,10000,4,'',0,10000,4,'',0,10000,4,'',0,14800,4,'',0,10000,4,'',0,10000,4,'',0,10000,4,'',0,10000,4,'',0,9900,4,'',0,10000,4,'',0,10000,4,'',0,5500,4,'',0,10000,4,'',0,10000,4,'',0,10000,4,'',0,10000,4,'',0
'1',5401,55700,,'',0,10000,,'',0,10000,,'',0,10000,,'',0,10000,,'',0,10000,,'',0,10000,,'',0,10000,,'',0,10000,,'',0,10000,,'',0,10000,,'',0,10000,,'',0,10000,,'',0,10000,,'',0,10000,,'',0,10000,,'',0,10000,,'',0
'16902',5400,85500,4,'',0,10000,4,'',0,14700,4,'',0,10000,4,'',0,9900,4,'',0,10000,4,'',0,9900,4,'',0,5900,4,'',0,10000,4,'',0,10000,4,'',0,9600,4,'',0,10000,4,'',0,10000,4,'',0,10000,4,'',0
'16902',5401,75700,,'',0,10000,,'',0,10000,,'',0,10000,,'',0,10000,,'',0,10000,,'',0,10000,,'',0,10000,,'',0,10000,,'',0,10000,,'',0,10000,,'',0,10000,,'',0,10000,,'',0,10000,,'',0
'17002',5400,85500,4,'',0,10000,4,'',0,14700,4,'',0,10000,4,'',0,9900,4,'',0,10000,4,'',0,9900,4,'',0,5900,4,'',0,10000,4,'',0,10000,4,'',0,9600,4,'',0,10000,4,'',0,10000,4,'',0,10000,4,'',0,10000,4,'',0,10000,4,'',0,10000,4,'',0,10000,4,'',0
'17002',5401,75700,,'',0,10000,,'',0,10000,,'',0,10000,,'',0,10000,,'',0,10000,,'',0,10000,,'',0,10000,,'',0,10000,,'',0,10000,,'',0,10000,,'',0,10000,,'',0,10000,,'',0,10000,,'',0,10000,,'',0,10000,,'',0,10000,,'',0,10000,,'',0
'3',5400,65800,4,'',0,7100,4,'',0,3000,4,'',0,7000,4,'',0,3000,4,'',0,7000,4,'',0,7500,4,'',0,10000,4,'',0,10000,4,'',0,10400,4,'',0,10000,4,'',0,10200,4,'',0,10000,4,'',0,3000,4,'',0,7500,4,'',0,2700,4,'',0,7000,4,'',0,2400,4,'',0,6900,4,'',0,3000,4,'',0,7000,4,'',0,3000,4,'',0,7000,4,'',0,10000,4,'',0
'3',5401,55900,,'',0,6800,,'',0,3000,,'',0,6800,,'',0,3000,,'',0,7100,,'',0,7500,,'',0,10000,,'',0,10000,,'',0,10000,,'',0,10000,,'',0,10000,,'',0,10000,,'',0,3000,,'',0,7000,,'',0,2900,,'',0,7000,,'',0,3000,,'',0,7100,,'',0,3000,,'',0,7000,,'',0,3000,,'',0,7000,,'',0,10000,,'',0
