100,7605,1,0
100,8638,2,0
100,7150,3,0
100,6088,4,0
100,6104,5,0
100,6125,6,0
100,6107,7,0
100,6084,8,0
100,6103,9,0
100,6102,10,0
100,6122,11,0
100,8331,12,0
100,8330,13,0
100,8322,14,0
100,8335,15,0
100,8329,16,0
100,8332,17,0
100,6448,18,0
100,6450,19,0
100,6451,20,0
100,7401,21,0
100,7403,22,0
100,7410,23,0
100,7406,24,0
100,7421,25,0
100,7404,26,0
100,7411,27,0
100,7405,28,0
100,7407,29,0
100,7417,30,0
100,7413,31,0
100,6201,32,0
100,6620,33,0
100,6621,34,0
100,8640,35,1
101,8640,1,0
101,6617,2,0
101,6618,3,0
101,6619,4,0
101,6203,5,0
101,7423,6,0
101,7416,7,0
101,7408,8,0
101,7422,9,0
101,7418,10,0
101,7420,11,0
101,7412,12,0
101,7419,13,0
101,7409,14,0
101,7402,15,0
101,6453,16,0
101,6447,17,0
101,6449,18,0
101,6454,19,0
101,6452,20,0
101,8328,21,0
101,8337,22,0
101,8333,23,0
101,8336,24,0
101,8327,25,0
101,8338,26,0
101,6121,27,0
101,6085,28,0
101,6106,29,0
101,6087,30,0
101,6455,31,0
101,6773,32,0
101,6778,33,0
101,6779,34,0
101,6775,35,0
101,6787,36,0
101,7351,37,0
101,7605,38,1
200,9104,1,0
200,7082,2,0
200,8488,3,0
200,8503,4,0
200,8489,5,0
200,6602,6,0
200,6604,7,0
200,7162,8,0
200,7158,9,0
200,7164,10,0
200,7168,11,0
200,7165,12,0
200,7166,13,0
200,7163,14,0
200,6644,15,0
200,6982,16,0
200,6985,17,0
200,8262,18,0
200,6564,19,0
200,6979,20,0
200,6612,21,0
200,7279,22,0
200,7277,23,0
200,7285,24,0
200,7283,25,0
200,7274,26,0
200,6409,27,0
200,6403,28,0
200,6407,29,0
200,6406,30,0
200,7355,31,0
200,7345,32,0
200,7357,33,0
200,7352,34,0
200,7349,35,0
200,7354,36,0
200,7347,37,0
200,7351,38,0
200,7343,39,0
200,6088,40,0
200,6104,41,0
200,6125,42,0
200,6107,43,0
200,6733,44,0
200,8435,45,1
201,8435,1,0
201,6590,2,0
201,6089,3,0
201,2021,4,0
201,7348,5,0
201,7346,6,0
201,7350,7,0
201,7341,8,0
201,7353,9,0
201,7358,10,0
201,7344,11,0
201,7356,12,0
201,6405,13,0
201,6404,14,0
201,6413,15,0
201,6414,16,0
201,7275,17,0
201,8641,18,0
201,7281,19,0
201,7280,20,0
201,6610,21,0
201,6980,22,0
201,6981,23,0
201,6563,24,0
201,6565,25,0
201,6984,26,0
201,6616,27,0
201,6032,28,0
201,7167,29,0
201,7170,30,0
201,7171,31,0
201,7172,32,0
201,6597,33,0
201,6605,34,0
201,8491,35,0
201,8497,36,0
201,8496,37,0
201,7086,38,0
201,7072,39,0
201,9104,40,1
300,9110,1,0
300,7082,2,0
300,7078,3,0
300,7067,4,0
300,7076,5,0
300,7066,6,0
300,7069,7,0
300,7084,8,0
300,7068,9,0
300,7079,10,0
300,7166,11,0
300,7163,12,0
300,6644,13,0
300,6982,14,0
300,6985,15,0
300,6979,16,0
300,6612,17,0
300,7279,18,0
300,7277,19,0
300,7285,20,0
300,7283,21,0
300,7274,22,0
300,6409,23,0
300,6403,24,0
300,6407,25,0
300,6406,26,0
300,7355,27,0
300,7345,28,0
300,7357,29,0
300,7352,30,0
300,7349,31,0
300,7354,32,0
300,7347,33,0
300,7351,34,0
300,7614,35,0
300,8616,36,0
300,8612,37,0
300,8618,38,0
300,8615,39,0
300,8619,40,0
300,6019,41,0
300,6018,42,0
300,8418,43,0
300,8426,44,0
300,8177,45,0
300,7451,46,0
300,8141,47,0
300,6921,48,0
300,6919,49,0
300,6922,50,0
300,6924,51,0
300,6928,52,0
300,6949,53,0
300,6959,54,0
300,6958,55,0
300,6956,56,0
300,6953,57,0
300,6955,58,0
300,6957,59,0
300,8610,60,0
300,2017,61,0
300,6014,62,1
301,6014,1,0
301,8609,2,0
301,8611,3,0
301,8608,4,0
301,6951,5,0
301,6950,6,0
301,6954,7,0
301,6952,8,0
301,7205,9,0
301,6949,10,0
301,6959,11,0
301,6958,12,0
301,8241,13,0
301,6925,14,0
301,6927,15,0
301,6920,16,0
301,6926,17,0
301,6917,18,0
301,8140,19,0
301,8176,20,0
301,8065,21,0
301,8422,22,0
301,6020,23,0
301,6022,24,0
301,8622,25,0
301,8620,26,0
301,8617,27,0
301,8621,28,0
301,7606,29,0
301,7346,30,0
301,7350,31,0
301,7341,32,0
301,7353,33,0
301,7358,34,0
301,7344,35,0
301,7356,36,0
301,6405,37,0
301,6404,38,0
301,6413,39,0
301,6414,40,0
301,7275,41,0
301,8640,42,0
301,7281,43,0
301,7280,44,0
301,6610,45,0
301,6980,46,0
301,6981,47,0
301,6986,48,0
301,6984,49,0
301,6616,50,0
301,6032,51,0
301,8396,52,0
301,7063,53,0
301,7083,54,0
301,7065,55,0
301,7074,56,0
301,7075,57,0
301,7085,58,0
301,7077,59,0
301,6660,60,0
301,7072,61,0
301,9110,62,1
400,9103,1,0
400,7082,2,0
400,7078,3,0
400,7067,4,0
400,7076,5,0
400,7066,6,0
400,7069,7,0
400,7084,8,0
400,7068,9,0
400,7079,10,0
400,7166,11,0
400,7163,12,0
400,7169,13,0
400,6643,14,0
400,8551,15,0
400,8562,16,0
400,8565,17,0
400,8573,18,0
400,2016,19,0
400,8561,20,0
400,8564,21,0
400,8557,22,0
400,8569,23,0
400,8566,24,0
400,8559,25,0
400,6545,26,0
400,8205,27,0
400,8190,28,0
400,8214,29,0
400,8183,30,0
400,8196,31,0
400,8195,32,0
400,8194,33,0
400,8328,34,0
400,8337,35,0
400,8308,36,0
400,8313,37,0
400,8311,38,0
400,8315,39,0
400,8310,40,0
400,6970,41,0
400,6960,42,0
400,6966,43,0
400,6202,44,0
400,8317,45,0
400,8302,46,0
400,7144,47,1
401,7144,1,0
401,8225,2,0
401,6962,3,0
401,6965,4,0
401,6969,5,0
401,8314,6,0
401,8306,7,0
401,8307,8,0
401,8309,9,0
401,8322,10,0
401,8335,11,0
401,8329,12,0
401,8332,13,0
401,8219,14,0
401,8179,15,0
401,8223,16,0
401,8184,17,0
401,6544,18,0
401,8558,19,0
401,8554,20,0
401,8556,21,0
401,8572,22,0
401,8571,23,0
401,2015,24,0
401,8550,25,0
401,8549,26,0
401,8567,27,0
401,8570,28,0
401,8552,29,0
401,6616,30,0
401,6032,31,0
401,8396,32,0
401,7063,33,0
401,7083,34,0
401,7065,35,0
401,7074,36,0
401,7075,37,0
401,7085,38,0
401,7077,39,0
401,6660,40,0
401,7072,41,0
401,9103,42,1
700,7378,1,0
700,7049,2,0
700,7048,3,0
700,7047,4,0
700,7050,5,0
700,6734,6,0
700,8350,7,0
700,7382,8,0
700,7370,9,0
700,7362,10,0
700,7365,11,0
700,7364,12,0
700,6770,13,0
700,6783,14,0
700,6776,15,0
700,6777,16,0
700,6781,17,0
700,6774,18,0
700,6780,19,0
700,6786,20,0
700,6790,21,0
700,6771,22,0
700,8639,23,0
700,6107,24,0
700,6084,25,0
700,6103,26,0
700,6102,27,0
700,6124,28,0
700,6114,29,0
700,6097,30,0
700,8294,31,0
700,8292,32,0
700,8300,33,0
700,8301,34,0
700,8298,35,0
700,8297,36,0
700,8220,37,0
700,8187,38,0
700,8185,39,0
700,8219,40,0
700,8179,41,0
700,8223,42,0
700,8184,43,0
700,8206,44,0
700,8221,45,0
700,8222,46,0
700,8181,47,0
700,8210,48,0
700,8201,49,0
700,8215,50,0
700,8192,51,0
700,8209,52,0
700,8217,53,0
700,8204,54,0
700,8207,55,0
700,8191,56,0
700,8211,57,0
700,7131,58,0
700,7130,59,0
700,7379,60,0
700,7360,61,0
700,8165,62,1
701,8165,1,0
701,7361,2,0
701,7368,3,0
701,7371,4,0
701,7133,5,0
701,8212,6,0
701,8208,7,0
701,8203,8,0
701,8197,9,0
701,8218,10,0
701,8193,11,0
701,8202,12,0
701,8182,13,0
701,8213,14,0
701,8178,15,0
701,8205,16,0
701,8190,17,0
701,8214,18,0
701,8183,19,0
701,8196,20,0
701,8195,21,0
701,8194,22,0
701,8186,23,0
701,8188,24,0
701,8296,25,0
701,8303,26,0
701,8305,27,0
701,8295,28,0
701,8299,29,0
701,8293,30,0
701,6096,31,0
701,6113,32,0
701,6123,33,0
701,6121,34,0
701,6085,35,0
701,6106,36,0
701,6087,37,0
701,6455,38,0
701,6773,39,0
701,6778,40,0
701,6779,41,0
701,6775,42,0
701,6787,43,0
701,6769,44,0
701,6785,45,0
701,6768,46,0
701,6782,47,0
701,7366,48,0
701,7377,49,0
701,7381,50,0
701,7374,51,0
701,7369,52,0
701,7373,53,0
701,7376,54,0
701,7378,55,1
800,8961,1,0
800,8431,2,0
800,9000,3,0
800,6579,4,0
800,7337,5,0
800,7309,6,0
800,7305,7,0
800,7299,8,0
800,7328,9,0
800,7304,10,0
800,7313,11,0
800,7330,12,0
800,7303,13,0
800,7333,14,0
800,6297,15,0
800,6266,16,0
800,6245,17,0
800,6226,18,0
800,6236,19,0
800,6228,20,0
800,6285,21,0
800,6249,22,0
800,6257,23,0
800,6278,24,0
800,6277,25,0
800,6240,26,0
800,6280,27,0
800,6255,28,0
800,6253,29,0
800,6241,30,0
800,6230,31,0
800,6274,32,0
800,6258,33,0
800,6224,34,0
800,6273,35,0
800,2202,36,0
800,6272,37,0
800,6234,38,0
800,6233,39,0
800,6276,40,0
800,6242,41,0
800,6248,42,0
800,6275,43,0
800,6246,44,0
800,6279,45,0
800,6264,46,0
800,6252,47,0
800,6251,48,0
800,6216,49,0
800,6217,50,0
800,6269,51,0
800,6644,52,0
800,6982,53,0
800,6985,54,0
800,8262,55,0
800,6564,56,0
800,6197,57,0
800,6193,58,0
800,6203,59,0
800,6195,60,0
800,6191,61,0
800,8633,62,0
800,8193,63,0
800,8202,64,0
800,8182,65,0
800,8213,66,0
800,8178,67,0
800,8205,68,0
800,8190,69,0
800,8214,70,0
800,8183,71,0
800,8196,72,0
800,8195,73,0
800,8194,74,0
800,8328,75,0
800,8337,76,0
800,8333,77,0
800,8336,78,0
800,8327,79,0
800,8338,80,0
800,6121,81,0
800,6085,82,0
800,6106,83,0
800,6087,84,0
800,8414,85,1
801,8414,1,0
801,6125,2,0
801,6107,3,0
801,6084,4,0
801,6103,5,0
801,6102,6,0
801,6122,7,0
801,8331,8,0
801,8330,9,0
801,8322,10,0
801,8335,11,0
801,8329,12,0
801,8332,13,0
801,8219,14,0
801,8179,15,0
801,8223,16,0
801,8184,17,0
801,8206,18,0
801,8221,19,0
801,8222,20,0
801,8181,21,0
801,8210,22,0
801,8201,23,0
801,8215,24,0
801,8629,25,0
801,8634,26,0
801,6192,27,0
801,6196,28,0
801,6201,29,0
801,6199,30,0
801,6198,31,0
801,6194,32,0
801,6563,33,0
801,6565,34,0
801,6984,35,0
801,6289,36,0
801,6286,37,0
801,6219,38,0
801,6250,39,0
801,6288,40,0
801,6262,41,0
801,6268,42,0
801,6256,43,0
801,6247,44,0
801,6222,45,0
801,6223,46,0
801,6287,47,0
801,6239,48,0
801,6220,49,0
801,6221,50,0
801,6271,51,0
801,6232,52,0
801,6284,53,0
801,6290,54,0
801,6259,55,0
801,9023,56,0
801,6254,57,0
801,6265,58,0
801,6235,59,0
801,6229,60,0
801,6244,61,0
801,6283,62,0
801,9024,63,0
801,6227,64,0
801,6282,65,0
801,6237,66,0
801,6238,67,0
801,6281,68,0
801,6263,69,0
801,6260,70,0
801,6243,71,0
801,6297,72,0
801,7338,73,0
801,7296,74,0
801,7331,75,0
801,7323,76,0
801,7327,77,0
801,7312,78,0
801,7325,79,0
801,7311,80,0
801,7310,81,0
801,7329,82,0
801,8433,83,0
801,9001,84,0
801,8432,85,0
801,8961,86,1
1000,8162,1,0
1000,8483,2,0
1000,8484,3,0
1000,8482,4,0
1000,8319,5,0
1000,6835,6,0
1000,7175,7,0
1000,7209,8,0
1000,8172,9,0
1000,7211,10,0
1000,7215,11,0
1000,8581,12,0
1000,8583,13,0
1000,8584,14,0
1000,8585,15,0
1000,8424,16,0
1000,8419,17,0
1000,8429,18,0
1000,8389,19,0
1000,7611,20,0
1000,8638,21,0
1000,7150,22,0
1000,6088,23,0
1000,6104,24,0
1000,6125,25,0
1000,6107,26,0
1000,6084,27,0
1000,6103,28,0
1000,6102,29,0
1000,6122,30,0
1000,8331,31,0
1000,8330,32,0
1000,8334,33,0
1000,8313,34,0
1000,8311,35,0
1000,8315,36,0
1000,8310,37,0
1000,6970,38,0
1000,6960,39,0
1000,6966,40,0
1000,6964,41,0
1000,6207,42,0
1000,6210,43,0
1000,6211,44,0
1000,8291,45,0
1000,7144,46,1
1001,7144,1,0
1001,8302,2,0
1001,8304,3,0
1001,6206,4,0
1001,6209,5,0
1001,6208,6,0
1001,6961,7,0
1001,6962,8,0
1001,6965,9,0
1001,6969,10,0
1001,8314,11,0
1001,8306,12,0
1001,8307,13,0
1001,8309,14,0
1001,8312,15,0
1001,8336,16,0
1001,8327,17,0
1001,8338,18,0
1001,6121,19,0
1001,6085,20,0
1001,6106,21,0
1001,6087,22,0
1001,6455,23,0
1001,6773,24,0
1001,6778,25,0
1001,6779,26,0
1001,6775,27,0
1001,6787,28,0
1001,7351,29,0
1001,7613,30,0
1001,7197,31,0
1001,8428,32,0
1001,8587,33,0
1001,8580,34,0
1001,8586,35,0
1001,8582,36,0
1001,7214,37,0
1001,7213,38,0
1001,8171,39,0
1001,7210,40,0
1001,2022,41,0
1001,7173,42,0
1001,6834,43,0
1001,9076,44,0
1001,8416,45,0
1001,8323,46,0
1001,8320,47,0
1001,8603,48,0
1001,8598,49,0
1001,6306,50,0
1001,2004,51,0
1001,7053,52,0
1001,7052,53,0
1001,7051,54,0
1001,6369,55,0
1001,6591,56,0
1001,6592,57,0
1001,7057,58,0
1001,6974,59,0
1001,8160,60,0
1001,8161,61,0
1001,8162,62,1
1400,7143,1,0
1400,7138,2,0
1400,7136,3,0
1400,9021,4,0
1400,7135,5,0
1400,7134,6,0
1400,7137,7,0
1400,8232,8,0
1400,7390,9,0
1400,7391,10,0
1400,6562,11,0
1400,6559,12,0
1400,6863,13,0
1400,6867,14,0
1400,6890,15,0
1400,6872,16,0
1400,6870,17,0
1400,6891,18,0
1400,6931,19,0
1400,8166,20,0
1400,8167,21,0
1400,6515,22,0
1400,6516,23,0
1400,7183,24,0
1400,7182,25,0
1400,7253,26,0
1400,7254,27,0
1400,8371,28,0
1400,8370,29,0
1400,7396,30,0
1400,7186,31,0
1400,7188,32,0
1400,8578,33,0
1400,6900,34,0
1400,6903,35,0
1400,7006,36,0
1400,7007,37,0
1400,7005,38,0
1400,7011,39,0
1400,7279,40,0
1400,7277,41,0
1400,7285,42,0
1400,7283,43,0
1400,7274,44,0
1400,6409,45,0
1400,6403,46,0
1400,6407,47,0
1400,6406,48,0
1400,7355,49,0
1400,7420,50,0
1400,7412,51,0
1400,7419,52,0
1400,7409,53,0
1400,7402,54,0
1400,7414,55,0
1400,8291,56,0
1400,8316,57,0
1400,8225,58,0
1400,6962,59,0
1400,6965,60,0
1400,6969,61,0
1400,8314,62,0
1400,8306,63,0
1400,8307,64,0
1400,8309,65,0
1400,8312,66,0
1400,8336,67,0
1400,8327,68,0
1400,8338,69,0
1400,6121,70,0
1400,6085,71,0
1400,6106,72,0
1400,6087,73,1
1401,6107,1,0
1401,6084,2,0
1401,6103,3,0
1401,6102,4,0
1401,6122,5,0
1401,8331,6,0
1401,8330,7,0
1401,8334,8,0
1401,8313,9,0
1401,8311,10,0
1401,8315,11,0
1401,8310,12,0
1401,6970,13,0
1401,6960,14,0
1401,6966,15,0
1401,6202,16,0
1401,8317,17,0
1401,8302,18,0
1401,8304,19,0
1401,7415,20,0
1401,7401,21,0
1401,7403,22,0
1401,7410,23,0
1401,7406,24,0
1401,7421,25,0
1401,7404,26,0
1401,6396,27,0
1401,6405,28,0
1401,6404,29,0
1401,6413,30,0
1401,6414,31,0
1401,7275,32,0
1401,8640,33,0
1401,7281,34,0
1401,7280,35,0
1401,7009,36,0
1401,7010,37,0
1401,7004,38,0
1401,7008,39,0
1401,6901,40,0
1401,8579,41,0
1401,7187,42,0
1401,7397,43,0
1401,7395,44,0
1401,8372,45,0
1401,8373,46,0
1401,7255,47,0
1401,7252,48,0
1401,7251,49,0
1401,7184,50,0
1401,6514,51,0
1401,6517,52,0
1401,8168,53,0
1401,8169,54,0
1401,6916,55,0
1401,6848,56,0
1401,6871,57,0
1401,6852,58,0
1401,6845,59,0
1401,6905,60,0
1401,6853,61,0
1401,6560,62,0
1401,6561,63,0
1401,7392,64,0
1401,7393,65,0
1401,8231,66,0
1401,7139,67,0
1401,7140,68,0
1401,7141,69,0
1401,7142,70,0
1401,7143,71,1
2100,2013,1,0
2100,6976,2,0
2100,8239,3,0
2100,6152,4,0
2100,7181,5,0
2100,7178,6,0
2100,6624,7,0
2100,6318,8,0
2100,6317,9,0
2100,6150,10,0
2100,6176,11,0
2100,6172,12,0
2100,6170,13,0
2100,6161,14,0
2100,6182,15,0
2100,6186,16,0
2100,6167,17,0
2100,6166,18,0
2100,6156,19,0
2100,6181,20,0
2100,6164,21,0
2100,6188,22,0
2100,6185,23,0
2100,6162,24,0
2100,6144,25,0
2100,6157,26,0
2100,6189,27,0
2100,7119,28,0
2100,6375,29,0
2100,6376,30,0
2100,6395,31,0
2100,6505,32,0
2100,8366,33,0
2100,6386,34,0
2100,6391,35,0
2100,6387,36,0
2100,6392,37,0
2100,7081,38,0
2100,7073,39,0
2100,9106,40,1
2101,9106,1,0
2101,7064,2,0
2101,7080,3,0
2101,6382,4,0
2101,6394,5,0
2101,6389,6,0
2101,6393,7,0
2101,8367,8,0
2101,6378,9,0
2101,6155,10,0
2101,6384,11,0
2101,6381,12,0
2101,6379,13,0
2101,7120,14,0
2101,6160,15,0
2101,6179,16,0
2101,6154,17,0
2101,6184,18,0
2101,6153,19,0
2101,6180,20,0
2101,6163,21,0
2101,6147,22,0
2101,6165,23,0
2101,6177,24,0
2101,6178,25,0
2101,6148,26,0
2101,6145,27,0
2101,6149,28,0
2101,6143,29,0
2101,6175,30,0
2101,6173,31,0
2101,6315,32,0
2101,6316,33,0
2101,6628,34,0
2101,7179,35,0
2101,7180,36,0
2101,6174,37,0
2101,6151,38,0
2101,8238,39,0
2101,6977,40,0
2101,6716,41,0
2101,6713,42,0
2101,6712,43,0
2101,9039,44,0
2101,2010,45,0
2101,2011,46,0
2101,2012,47,0
2101,2013,48,1
2200,9051,1,0
2200,8651,2,0
2200,8809,3,0
2200,8810,4,0
2200,8811,5,0
2200,8812,6,0
2200,8813,7,0
2200,7396,8,0
2200,9074,9,0
2200,8815,10,0
2200,8361,11,0
2200,8126,12,0
2200,2035,13,0
2200,6171,14,0
2200,6169,15,0
2200,6159,16,0
2200,6399,17,0
2200,6415,18,0
2200,6408,19,0
2200,7275,20,0
2200,8641,21,1
2201,8641,1,0
2201,7283,2,0
2201,7274,3,0
2201,6398,4,0
2201,6411,5,0
2201,6410,6,0
2201,6158,7,0
2201,6187,8,0
2201,6183,9,0
2201,8816,10,0
2201,8800,11,0
2201,8801,12,0
2201,9073,13,0
2201,7395,14,0
2201,8802,15,0
2201,8803,16,0
2201,8804,17,0
2201,8805,18,0
2201,8806,19,0
2201,8653,20,0
2201,8807,21,0
2201,9051,22,1
2500,2169,1,0
2500,2189,2,0
2500,2170,3,0
2500,2171,4,0
2500,2172,5,0
2500,2173,6,0
2500,2174,7,0
2500,2175,8,0
2500,2176,9,0
2500,6863,10,0
2500,2177,11,0
2500,2178,12,0
2500,2179,13,0
2500,2180,14,0
2500,2181,15,0
2500,8119,16,0
2500,8116,17,0
2500,8097,18,0
2500,8118,19,0
2500,8099,20,0
2500,8122,21,0
2500,8098,22,0
2500,8086,23,0
2500,6399,24,0
2500,6415,25,0
2500,6408,26,0
2500,7275,27,0
2500,8641,28,1
2501,8641,1,0
2501,7283,2,0
2501,7274,3,0
2501,6398,4,0
2501,6411,5,0
2501,6410,6,0
2501,8089,7,0
2501,8083,8,0
2501,8101,9,0
2501,8107,10,0
2501,8100,11,0
2501,8081,12,0
2501,8090,13,0
2501,2156,14,0
2501,2157,15,0
2501,2158,16,0
2501,2159,17,0
2501,6905,18,0
2501,6853,19,0
2501,2160,20,0
2501,2161,21,0
2501,2162,22,0
2501,2163,23,0
2501,2164,24,0
2501,2165,25,0
2501,2166,26,0
2501,2167,27,0
2501,2168,28,0
2501,2169,29,1
2800,9105,1,0
2800,7064,2,0
2800,7080,3,0
2800,6382,4,0
2800,6394,5,0
2800,6389,6,0
2800,6393,7,0
2800,6715,8,0
2800,6717,9,0
2800,6719,10,0
2800,6722,11,0
2800,7162,12,0
2800,8493,13,0
2800,8490,14,0
2800,8502,15,0
2800,8250,16,0
2800,8248,17,0
2800,8242,18,0
2800,8243,19,0
2800,6638,20,0
2800,6986,21,0
2800,8262,22,0
2800,6564,23,0
2800,6197,24,0
2800,6193,25,0
2800,6620,26,0
2800,6621,27,0
2800,8641,28,1
2801,8641,1,0
2801,6617,2,0
2801,6618,3,0
2801,6199,4,0
2801,6198,5,0
2801,6194,6,0
2801,6563,7,0
2801,6565,8,0
2801,6788,9,0
2801,8245,10,0
2801,8244,11,0
2801,8249,12,0
2801,8247,13,0
2801,8246,14,0
2801,8500,15,0
2801,8498,16,0
2801,2009,17,0
2801,7445,18,0
2801,7446,19,0
2801,7478,20,0
2801,7489,21,0
2801,6386,22,0
2801,6391,23,0
2801,6387,24,0
2801,6392,25,0
2801,7081,26,0
2801,7073,27,0
2801,9105,28,1
2900,6564,1,0
2900,6979,2,0
2900,6612,3,0
2900,7279,4,0
2900,7277,5,0
2900,7285,6,0
2900,6617,7,0
2900,6618,8,0
2900,6619,9,0
2900,6498,10,0
2900,6497,11,0
2900,6493,12,0
2900,6499,13,0
2900,8552,14,0
2900,8563,15,0
2900,7089,16,0
2900,7088,17,0
2900,7097,18,0
2900,6929,19,0
2900,6581,20,0
2900,6582,21,0
2900,6586,22,0
2900,6587,23,0
2900,6100,24,0
2900,6120,25,0
2900,6109,26,0
2900,6095,27,0
2900,6090,28,0
2900,6115,29,0
2900,6088,30,0
2900,6104,31,0
2900,6125,32,0
2900,6107,33,0
2900,6733,34,0
2900,8435,35,0
2900,8822,36,0
2900,8823,37,0
2900,8824,38,0
2900,8825,39,0
2900,8826,40,0
2900,6112,41,0
2900,6092,42,0
2900,6111,43,0
2900,6972,44,0
2900,6968,45,0
2900,6970,46,0
2900,8402,47,0
2900,8401,48,0
2900,8407,49,0
2900,8406,50,0
2900,8409,51,1
2901,8409,1,0
2901,8405,2,0
2901,8404,3,0
2901,8403,4,0
2901,8408,5,0
2901,6566,6,0
2901,6967,7,0
2901,6963,8,0
2901,6093,9,0
2901,6938,10,0
2901,8866,11,0
2901,8819,12,0
2901,9006,13,0
2901,8821,14,0
2901,8435,15,0
2901,6087,16,0
2901,8414,17,0
2901,6089,18,0
2901,2021,19,0
2901,6127,20,0
2901,6094,21,0
2901,6110,22,0
2901,6119,23,0
2901,6580,24,0
2901,6588,25,0
2901,6584,26,0
2901,6583,27,0
2901,6585,28,0
2901,7096,29,0
2901,7091,30,0
2901,7095,31,0
2901,7093,32,0
2901,8553,33,0
2901,8560,34,0
2901,6492,35,0
2901,6496,36,0
2901,6500,37,0
2901,6620,38,0
2901,6621,39,0
2901,2122,40,0
2901,7281,41,0
2901,7280,42,0
2901,6610,43,0
2901,6980,44,0
2901,6981,45,0
2901,6986,46,0
2901,8262,47,0
2901,6564,48,1
3900,9102,1,0
3900,7064,2,0
3900,7080,3,0
3900,7427,4,0
3900,2188,5,0
3900,7434,6,0
3900,7435,7,0
3900,7430,8,0
3900,7436,9,0
3900,7433,10,0
3900,6653,11,0
3900,6650,12,0
3900,6649,13,0
3900,6648,14,0
3900,6647,15,0
3900,2008,16,0
3900,2006,17,0
3900,6699,18,0
3900,6702,19,0
3900,6705,20,0
3900,7176,21,0
3900,6704,22,0
3900,6700,23,0
3900,6251,24,0
3900,6216,25,0
3900,6217,26,0
3900,6269,27,0
3900,8140,28,0
3900,8176,29,0
3900,8065,30,0
3900,8422,31,0
3900,8421,32,0
3900,8425,33,0
3900,8424,34,0
3900,6302,35,0
3900,7608,36,1
3901,7608,1,0
3901,8616,2,0
3901,6304,3,0
3901,6303,4,0
3901,8428,5,0
3901,8420,6,0
3901,8418,7,0
3901,8426,8,0
3901,8177,9,0
3901,7451,10,0
3901,8141,11,0
3901,6289,12,0
3901,6286,13,0
3901,6219,14,0
3901,6697,15,0
3901,6703,16,0
3901,8415,17,0
3901,6701,18,0
3901,6706,19,0
3901,6698,20,0
3901,2005,21,0
3901,2007,22,0
3901,6645,23,0
3901,6652,24,0
3901,6654,25,0
3901,6655,26,0
3901,6656,27,0
3901,7428,28,0
3901,7431,29,0
3901,7429,30,0
3901,7437,31,0
3901,7438,32,0
3901,7081,33,0
3901,7073,34,0
3901,9102,35,1
5100,8074,1,0
5100,8072,2,0
5100,8071,3,0
5100,8070,4,0
5100,8078,5,0
5100,8512,6,0
5100,8521,7,0
5100,8541,8,0
5100,8529,9,0
5100,8526,10,0
5100,8546,11,0
5100,8539,12,0
5100,8540,13,0
5100,8542,14,0
5100,8538,15,0
5100,8127,16,0
5100,7145,17,0
5100,7196,18,0
5100,7616,19,1
5101,7616,1,0
5101,7128,2,0
5101,7129,3,0
5101,8510,4,0
5101,8525,5,0
5101,8524,6,0
5101,8523,7,0
5101,8531,8,0
5101,8509,9,0
5101,8545,10,0
5101,8513,11,0
5101,8516,12,0
5101,9053,13,0
5101,8534,14,0
5101,8544,15,0
5101,8075,16,0
5101,8077,17,0
5101,8076,18,0
5101,8079,19,0
5101,8073,20,0
5101,8074,21,1
5300,8140,1,0
5300,7455,2,0
5300,7452,3,0
5300,7458,4,0
5300,6539,5,0
5300,6540,6,0
5300,7126,7,0
5300,7127,8,0
5300,6017,9,0
5300,6024,10,0
5300,6021,11,0
5300,8421,12,0
5300,8425,13,0
5300,8424,14,0
5300,8419,15,0
5300,8429,16,0
5300,8389,17,0
5300,7609,18,1
5301,7615,1,0
5301,8616,2,0
5301,8612,3,0
5301,8618,4,0
5301,8615,5,0
5301,8619,6,0
5301,6019,7,0
5301,6018,8,0
5301,8418,9,0
5301,8426,10,0
5301,8140,11,1
5400,6460,1,0
5400,6485,2,0
5400,6484,3,0
5400,6361,4,0
5400,6364,5,0
5400,6362,6,0
5400,6367,7,0
5400,6363,8,0
5400,6370,9,0
5400,6366,10,0
5400,6368,11,0
5400,8594,12,0
5400,8318,13,0
5400,8321,14,0
5400,8319,15,0
5400,6835,16,0
5400,7175,17,0
5400,7209,18,0
5400,8172,19,0
5400,6735,20,0
5400,6532,21,0
5400,6531,22,0
5400,6528,23,0
5400,6526,24,0
5400,6527,25,0
5400,6537,26,0
5400,7385,27,0
5400,7389,28,0
5400,7388,29,0
5400,6064,30,1
5401,6064,1,0
5401,6028,2,0
5401,7058,3,0
5401,7059,4,0
5401,7386,5,0
5401,6538,6,0
5401,6535,7,0
5401,6536,8,0
5401,6534,9,0
5401,6530,10,0
5401,6529,11,0
5401,6736,12,0
5401,8171,13,0
5401,7210,14,0
5401,2022,15,0
5401,7173,16,0
5401,6834,17,0
5401,9076,18,0
5401,8416,19,0
5401,8323,20,0
5401,8320,21,0
5401,8603,22,0
5401,8598,23,0
5401,6359,24,0
5401,6355,25,0
5401,6360,26,0
5401,6371,27,0
5401,6369,28,0
5401,6357,29,0
5401,6358,30,0
5401,6356,31,0
5401,6372,32,0
5401,6082,33,0
5401,7146,34,0
5401,6460,35,1
5500,8459,1,0
5500,8461,2,0
5500,8449,3,0
5500,8439,4,0
5500,8443,5,0
5500,8464,6,0
5500,8445,7,0
5500,8437,8,0
5500,8473,9,0
5500,8463,10,0
5500,8444,11,0
5500,8454,12,0
5500,8453,13,0
5500,8446,14,0
5500,8440,15,0
5500,8447,16,0
5500,8441,17,0
5500,8450,18,0
5500,8448,19,0
5500,6312,20,0
5500,6314,21,0
5500,6313,22,0
5500,7209,23,0
5500,8172,24,0
5500,6735,25,0
5500,6532,26,0
5500,6531,27,0
5500,8384,28,0
5500,8388,29,0
5500,8390,30,0
5500,8387,31,0
5500,8389,32,0
5500,7601,33,1
5501,7601,1,0
5501,8393,2,0
5501,8385,3,0
5501,8383,4,0
5501,8386,5,0
5501,8391,6,0
5501,6530,7,0
5501,6529,8,0
5501,6736,9,0
5501,8171,10,0
5501,7210,11,0
5501,8460,12,0
5501,8436,13,0
5501,8466,14,0
5501,8442,15,0
5501,8468,16,0
5501,8465,17,0
5501,8462,18,0
5501,8451,19,0
5501,8452,20,0
5501,8471,21,0
5501,8476,22,0
5501,8472,23,0
5501,8455,24,0
5501,8477,25,0
5501,8474,26,0
5501,8456,27,0
5501,8457,28,0
5501,8458,29,0
5501,8469,30,0
5501,8438,31,0
5501,8467,32,0
5501,8470,33,0
5501,8459,34,1
5600,8054,1,0
5600,8659,2,0
5600,6841,3,0
5600,6842,4,0
5600,6797,5,0
5600,7214,6,0
5600,7213,7,0
5600,8171,8,0
5600,6735,9,0
5600,6532,10,0
5600,6531,11,0
5600,8384,12,0
5600,8388,13,0
5600,8390,14,0
5600,8387,15,0
5600,8389,16,0
5600,7608,17,1
5601,7608,1,0
5601,8393,2,0
5601,8385,3,0
5601,8383,4,0
5601,8386,5,0
5601,8391,6,0
5601,6530,7,0
5601,6529,8,0
5601,6736,9,0
5601,8172,10,0
5601,7211,11,0
5601,7215,12,0
5601,6796,13,0
5601,8654,14,0
5601,8655,15,0
5601,8656,16,0
5601,8657,17,0
5601,8054,18,1
5700,8957,1,0
5700,8828,2,0
5700,8829,3,0
5700,8830,4,0
5700,8831,5,0
5700,8832,6,0
5700,8833,7,0
5700,8834,8,0
5700,8064,9,0
5700,8255,10,0
5700,8258,11,0
5700,8256,12,0
5700,6639,13,0
5700,6627,14,0
5700,8045,15,0
5700,8941,16,0
5700,8841,17,0
5700,8842,18,0
5700,8843,19,0
5700,9066,20,0
5700,8845,21,0
5700,8846,22,0
5700,8892,23,0
5700,8891,24,0
5700,8889,25,0
5700,8890,26,0
5700,8010,27,0
5700,7482,28,0
5700,6066,29,0
5700,8964,30,1
5701,8964,1,0
5701,7466,2,0
5701,8017,3,0
5701,7481,4,0
5701,7271,5,0
5701,7270,6,0
5701,7272,7,0
5701,8893,8,0
5701,8847,9,0
5701,8848,10,0
5701,9067,11,0
5701,8850,12,0
5701,8851,13,0
5701,8852,14,0
5701,8941,15,0
5701,8050,16,0
5701,8055,17,0
5701,6626,18,0
5701,6625,19,0
5701,8254,20,0
5701,8253,21,0
5701,8257,22,0
5701,8034,23,0
5701,8031,24,0
5701,8835,25,0
5701,8836,26,0
5701,8837,27,0
5701,8838,28,0
5701,8839,29,0
5701,8840,30,0
5701,8957,31,1
5800,6575,1,0
5800,6574,2,0
5800,6576,3,0
5800,8326,4,0
5800,8339,5,0
5800,6632,6,0
5800,6629,7,0
5800,6631,8,0
5800,6634,9,0
5800,8588,10,0
5800,8593,11,0
5800,8601,12,0
5800,8602,13,0
5800,8600,14,0
5800,8945,15,0
5800,8028,16,0
5800,8042,17,0
5800,8053,18,0
5800,8043,19,0
5800,8058,20,0
5800,8039,21,0
5800,8057,22,0
5800,6029,23,0
5800,6030,24,0
5800,6025,25,0
5800,7602,26,1
5801,7602,1,0
5801,6026,2,0
5801,6064,3,0
5801,6028,4,0
5801,8035,5,0
5801,8051,6,0
5801,8060,7,0
5801,8052,8,0
5801,8062,9,0
5801,8059,10,0
5801,8044,11,0
5801,8038,12,0
5801,8036,13,0
5801,8940,14,0
5801,8589,15,0
5801,8596,16,0
5801,8591,17,0
5801,8597,18,0
5801,8595,19,0
5801,6292,20,0
5801,6633,21,0
5801,6635,22,0
5801,6630,23,0
5801,6636,24,0
5801,6294,25,0
5801,6293,26,0
5801,7460,27,0
5801,8400,28,0
5801,8575,29,0
5801,8576,30,0
5801,7148,31,0
5801,6575,32,1
5900,6477,1,0
5900,6475,2,0
5900,6048,3,0
5900,6047,4,0
5900,6049,5,0
5900,6046,6,0
5900,6467,7,0
5900,6468,8,0
5900,6469,9,0
5900,6464,10,0
5900,6465,11,0
5900,6463,12,0
5900,6473,13,0
5900,6471,14,0
5900,6470,15,0
5900,6472,16,0
5900,6466,17,0
5900,6541,18,0
5900,6542,19,0
5900,6480,20,0
5900,6479,21,0
5900,6478,22,0
5900,6481,23,0
5900,8955,24,0
5900,8047,25,0
5900,8041,26,0
5900,8045,27,0
5900,8948,28,0
5900,8028,29,0
5900,8042,30,0
5900,8053,31,0
5900,8043,32,0
5900,8058,33,0
5900,8039,34,0
5900,8057,35,0
5900,6029,36,0
5900,6030,37,0
5900,6025,38,0
5900,7604,39,1
5901,7604,1,0
5901,6026,2,0
5901,6063,3,0
5901,6028,4,0
5901,8035,5,0
5901,8051,6,0
5901,8060,7,0
5901,8052,8,0
5901,8062,9,0
5901,8059,10,0
5901,8044,11,0
5901,8038,12,0
5901,8036,13,0
5901,8944,14,0
5901,8050,15,0
5901,8055,16,0
5901,8037,17,0
5901,8040,18,0
5901,8046,19,0
5901,8951,20,0
5901,6474,21,0
5901,6476,22,0
5901,6482,23,0
5901,6477,24,1
6000,6340,1,0
6000,6339,2,0
6000,6334,3,0
6000,6346,4,0
6000,8274,5,0
6000,8273,6,0
6000,8271,7,0
6000,8269,8,0
6000,8270,9,0
6000,8277,10,0
6000,8276,11,0
6000,8275,12,0
6000,7463,13,0
6000,7495,14,0
6000,8015,15,0
6000,7500,16,0
6000,7483,17,0
6000,7494,18,0
6000,7491,19,0
6000,7490,20,0
6000,7486,21,0
6000,8002,22,0
6000,7471,23,0
6000,8001,24,0
6000,7484,25,0
6000,8013,26,0
6000,7488,27,0
6000,7492,28,0
6000,7472,29,0
6000,7466,30,0
6000,8017,31,0
6000,7481,32,0
6000,7464,33,0
6000,7479,34,0
6000,9007,35,0
6000,7485,36,0
6000,8008,37,0
6000,7476,38,0
6000,7493,39,0
6000,8016,40,0
6000,8057,41,0
6000,6029,42,0
6000,6030,43,0
6000,6025,44,0
6000,7604,45,1
6001,7604,1,0
6001,6026,2,0
6001,6063,3,0
6001,6028,4,0
6001,8035,5,0
6001,7468,6,0
6001,7480,7,0
6001,8006,8,0
6001,7496,9,0
6001,8003,10,0
6001,7465,11,0
6001,8009,12,0
6001,7470,13,0
6001,8010,14,0
6001,7482,15,0
6001,7467,16,0
6001,7499,17,0
6001,7498,18,0
6001,8011,19,0
6001,7469,20,0
6001,8004,21,0
6001,8019,22,0
6001,8018,23,0
6001,7475,24,0
6001,7462,25,0
6001,7474,26,0
6001,8005,27,0
6001,8012,28,0
6001,7461,29,0
6001,7487,30,0
6001,7473,31,0
6001,7477,32,0
6001,8014,33,0
6001,7497,34,0
6001,6509,35,0
6001,6511,36,0
6001,6513,37,0
6001,6512,38,0
6001,6510,39,0
6001,6333,40,0
6001,6337,41,0
6001,6340,42,1
6100,7102,1,0
6100,7113,2,0
6100,8280,3,0
6100,8282,4,0
6100,8281,5,0
6100,7107,6,0
6100,6331,7,0
6100,8506,8,0
6100,8507,9,0
6100,7001,10,0
6100,7002,11,0
6100,7003,12,0
6100,7000,13,0
6100,7118,14,0
6100,7115,15,0
6100,7105,16,0
6100,7109,17,0
6100,7104,18,0
6100,7103,19,0
6100,6942,20,0
6100,6945,21,0
6100,6946,22,0
6100,6944,23,0
6100,6934,24,0
6100,6937,25,0
6100,6933,26,0
6100,6074,27,0
6100,6081,28,0
6100,6077,29,0
6100,6078,30,0
6100,6075,31,0
6100,6991,32,0
6100,6996,33,0
6100,6992,34,0
6100,6999,35,0
6100,6035,36,0
6100,6042,37,0
6100,6039,38,0
6100,6038,39,0
6100,6041,40,0
6100,6037,41,0
6100,7203,42,0
6100,7202,43,0
6100,7200,44,0
6100,6667,45,0
6100,6480,46,0
6100,6479,47,0
6100,6478,48,0
6100,6481,49,0
6100,8955,50,0
6100,8047,51,0
6100,8041,52,0
6100,8045,53,0
6100,8948,54,0
6100,8028,55,0
6100,8042,56,0
6100,8053,57,0
6100,8043,58,0
6100,8058,59,0
6100,8039,60,0
6100,8057,61,0
6100,6029,62,0
6100,6030,63,0
6100,6025,64,0
6100,7612,65,0
6100,8638,66,0
6100,7150,67,0
6100,6088,68,0
6100,6104,69,0
6100,6125,70,0
6100,6107,71,1
6101,6087,1,0
6101,6455,2,0
6101,6773,3,0
6101,6778,4,0
6101,6779,5,0
6101,6775,6,0
6101,6787,7,0
6101,7351,8,0
6101,7603,9,0
6101,6026,10,0
6101,6063,11,0
6101,6028,12,0
6101,8035,13,0
6101,8051,14,0
6101,8060,15,0
6101,8052,16,0
6101,8062,17,0
6101,8059,18,0
6101,8044,19,0
6101,8038,20,0
6101,8036,21,0
6101,8944,22,0
6101,8050,23,0
6101,8055,24,0
6101,8037,25,0
6101,8040,26,0
6101,8046,27,0
6101,8951,28,0
6101,6474,29,0
6101,6476,30,0
6101,6482,31,0
6101,6664,32,0
6101,7198,33,0
6101,7199,34,0
6101,7201,35,0
6101,6045,36,0
6101,6043,37,0
6101,6036,38,0
6101,6040,39,0
6101,6033,40,0
6101,6044,41,0
6101,6994,42,0
6101,6997,43,0
6101,6990,44,0
6101,6993,45,0
6101,6995,46,0
6101,6998,47,0
6101,6070,48,0
6101,6079,49,0
6101,6080,50,0
6101,6073,51,0
6101,6076,52,0
6101,6071,53,0
6101,6072,54,0
6101,6069,55,0
6101,6932,56,0
6101,6935,57,0
6101,6941,58,0
6101,6947,59,0
6101,6948,60,0
6101,6943,61,0
6101,7106,62,0
6101,7112,63,0
6101,7108,64,0
6101,7114,65,0
6101,7110,66,0
6101,7111,67,0
6101,7117,68,0
6101,7116,69,0
6101,7102,70,0
6101,6307,71,0
6101,6308,72,0
6101,6081,73,0
6101,6077,74,1
6200,6671,1,0
6200,6707,2,0
6200,6711,3,0
6200,6708,4,0
6200,6792,5,0
6200,6794,6,0
6200,8486,7,0
6200,6525,8,0
6200,6518,9,0
6200,6520,10,0
6200,6522,11,0
6200,8868,12,0
6200,7259,13,0
6200,7267,14,0
6200,7269,15,0
6200,7266,16,0
6200,7256,17,0
6200,7263,18,0
6200,7261,19,0
6200,8590,20,0
6200,8588,21,0
6200,8593,22,0
6200,8601,23,0
6200,8602,24,0
6200,8600,25,0
6200,8946,26,0
6200,7177,27,0
6200,7442,28,0
6200,7444,29,0
6200,7384,30,0
6200,8289,31,0
6200,8290,32,0
6200,6205,33,0
6200,6832,34,0
6200,6311,35,0
6200,8069,36,0
6200,8285,37,0
6200,8286,38,0
6200,6838,39,0
6200,6837,40,0
6200,6526,41,0
6200,6527,42,0
6200,6537,43,0
6200,7385,44,0
6200,7389,45,0
6200,7388,46,0
6200,6030,47,0
6200,6025,48,0
6200,7601,49,1
6201,7601,1,0
6201,6026,2,0
6201,6064,3,0
6201,6028,4,0
6201,7058,5,0
6201,7059,6,0
6201,7386,7,0
6201,6538,8,0
6201,6535,9,0
6201,6536,10,0
6201,6839,11,0
6201,6836,12,0
6201,8284,13,0
6201,8067,14,0
6201,8068,15,0
6201,8066,16,0
6201,6833,17,0
6201,6204,18,0
6201,8287,19,0
6201,8288,20,0
6201,7383,21,0
6201,7443,22,0
6201,7441,23,0
6201,8943,24,0
6201,8589,25,0
6201,8596,26,0
6201,8591,27,0
6201,8597,28,0
6201,8595,29,0
6201,8592,30,0
6201,7260,31,0
6201,7268,32,0
6201,7258,33,0
6201,7257,34,0
6201,7265,35,0
6201,7262,36,0
6201,7264,37,0
6201,6519,38,0
6201,6523,39,0
6201,6524,40,0
6201,6521,41,0
6201,8485,42,0
6201,8487,43,0
6201,6793,44,0
6201,6709,45,0
6201,6710,46,0
6201,6671,47,1
6300,6640,1,0
6300,6720,2,0
6300,6721,3,0
6300,6975,4,0
6300,7472,5,0
6300,7466,6,0
6300,8017,7,0
6300,7481,8,0
6300,7464,9,0
6300,7479,10,0
6300,9007,11,0
6300,7485,12,0
6300,8008,13,0
6300,7476,14,0
6300,7493,15,0
6300,8016,16,0
6300,8057,17,0
6300,6029,18,0
6300,6030,19,0
6300,6025,20,0
6300,7603,21,1
6301,7603,1,0
6301,6026,2,0
6301,6063,3,0
6301,6028,4,0
6301,8035,5,0
6301,7468,6,0
6301,7480,7,0
6301,8006,8,0
6301,7496,9,0
6301,8003,10,0
6301,7465,11,0
6301,8009,12,0
6301,7470,13,0
6301,8010,14,0
6301,7482,15,0
6301,7467,16,0
6301,7499,17,0
6301,7498,18,0
6301,6640,19,1
6400,6014,1,0
6400,8528,2,0
6400,8522,3,0
6400,6005,4,0
6400,6006,5,0
6400,6009,6,0
6400,6015,7,0
6400,6010,8,0
6400,6011,9,0
6400,6003,10,0
6400,6016,11,0
6400,6000,12,0
6400,2107,13,0
6400,2108,14,0
6400,2109,15,0
6400,2110,16,0
6400,2092,17,0
6400,2093,18,0
6400,2094,19,0
6400,2095,20,0
6400,2096,21,0
6400,2097,22,0
6400,2098,23,0
6400,2099,24,0
6400,2100,25,0
6400,2101,26,0
6400,2102,27,0
6400,2103,28,0
6400,2104,29,0
6400,2105,30,0
6400,2106,31,0
6400,6488,32,0
6400,6925,33,0
6400,6927,34,0
6400,6920,35,0
6400,6926,36,0
6400,6917,37,0
6400,8141,38,1
6401,8141,1,0
6401,6921,2,0
6401,6919,3,0
6401,6922,4,0
6401,6924,5,0
6401,6928,6,0
6401,6490,7,0
6401,6323,8,0
6401,6328,9,0
6401,6325,10,0
6401,6326,11,0
6401,6641,12,0
6401,6623,13,0
6401,2082,14,0
6401,2083,15,0
6401,2084,16,0
6401,2085,17,0
6401,2086,18,0
6401,2087,19,0
6401,2088,20,0
6401,2089,21,0
6401,2090,22,0
6401,2091,23,0
6401,6765,24,0
6401,6766,25,0
6401,6767,26,0
6401,6483,27,0
6401,6008,28,0
6401,6001,29,0
6401,6002,30,0
6401,6007,31,0
6401,6013,32,0
6401,6012,33,0
6401,8537,34,0
6401,8543,35,0
6401,6014,36,1
6500,6061,1,0
6500,7440,2,0
6500,6354,3,0
6500,6336,4,0
6500,6342,5,0
6500,6321,6,0
6500,6322,7,0
6500,6053,8,0
6500,6057,9,0
6500,6060,10,0
6500,6050,11,0
6500,6345,12,0
6500,6348,13,0
6500,6350,14,0
6500,6343,15,0
6500,6347,16,0
6500,6344,17,0
6500,6351,18,0
6500,8952,19,1
6501,8952,1,0
6501,6335,2,0
6501,6353,3,0
6501,6338,4,0
6501,6349,5,0
6501,6332,6,0
6501,6352,7,0
6501,6341,8,0
6501,6056,9,0
6501,6059,10,0
6501,6052,11,0
6501,6054,12,0
6501,6051,13,0
6501,6058,14,0
6501,6055,15,0
6501,6373,16,0
6501,6374,17,0
6501,8278,18,0
6501,8279,19,0
6501,8268,20,0
6501,8267,21,0
6501,7439,22,0
6501,6061,23,1
6600,6725,1,0
6600,6730,2,0
6600,6728,3,0
6600,6729,4,0
6600,6723,5,0
6600,8038,6,0
6600,8036,7,0
6600,8943,8,0
6600,8589,9,0
6600,8596,10,0
6600,7034,11,0
6600,7037,12,0
6600,7040,13,0
6600,7038,14,0
6600,6835,15,0
6600,7175,16,0
6600,7209,17,0
6600,8172,18,0
6600,7211,19,0
6600,7215,20,0
6600,8263,21,0
6600,8266,22,0
6600,6017,23,0
6600,7449,24,0
6600,7459,25,0
6600,7457,26,0
6600,7453,27,0
6600,7454,28,0
6600,8140,29,1
6601,8140,1,0
6601,7455,2,0
6601,7452,3,0
6601,7458,4,0
6601,7456,5,0
6601,7450,6,0
6601,6023,7,0
6601,8264,8,0
6601,8265,9,0
6601,7214,10,0
6601,7213,11,0
6601,8171,12,0
6601,7210,13,0
6601,2022,14,0
6601,7173,15,0
6601,6834,16,0
6601,9076,17,0
6601,8416,18,0
6601,7039,19,0
6601,7036,20,0
6601,7035,21,0
6601,8602,22,0
6601,8600,23,0
6601,8946,24,0
6601,8028,25,0
6601,6732,26,0
6601,6724,27,0
6601,6731,28,0
6601,6726,29,0
6601,6727,30,0
6601,6725,31,1
6800,6419,1,0
6800,6942,2,0
6800,6945,3,0
6800,6946,4,0
6800,6944,5,0
6800,6934,6,0
6800,7012,7,0
6800,8375,8,0
6800,8377,9,0
6800,8378,10,0
6800,6671,11,0
6800,6670,12,0
6800,6424,13,0
6800,6426,14,0
6800,6427,15,0
6800,6421,16,0
6800,8024,17,0
6800,8025,18,0
6800,7399,19,0
6800,6478,20,0
6800,6481,21,0
6800,8955,22,0
6800,8047,23,0
6800,8041,24,0
6800,8045,25,0
6800,8948,26,0
6800,8028,27,0
6800,8042,28,0
6800,8053,29,0
6800,8043,30,0
6800,8058,31,0
6800,8039,32,0
6800,8057,33,0
6800,6029,34,0
6800,6030,35,0
6800,6025,36,0
6800,7602,37,1
6801,7602,1,0
6801,6026,2,0
6801,6063,3,0
6801,6028,4,0
6801,8035,5,0
6801,8051,6,0
6801,8060,7,0
6801,8052,8,0
6801,8062,9,0
6801,8059,10,0
6801,8044,11,0
6801,8038,12,0
6801,8036,13,0
6801,8944,14,0
6801,8050,15,0
6801,8055,16,0
6801,8037,17,0
6801,8040,18,0
6801,8046,19,0
6801,8951,20,0
6801,6474,21,0
6801,7398,22,0
6801,8027,23,0
6801,8026,24,0
6801,6422,25,0
6801,6423,26,0
6801,6425,27,0
6801,6428,28,0
6801,6665,29,0
6801,6666,30,0
6801,6669,31,0
6801,6668,32,0
6801,8380,33,0
6801,8376,34,0
6801,8379,35,0
6801,8381,36,0
6801,7013,37,0
6801,6935,38,0
6801,7242,39,0
6801,7244,40,0
6801,7245,41,0
6801,7243,42,0
6801,7099,43,0
6801,7101,44,0
6801,7098,45,0
6801,7100,46,0
6801,7156,47,0
6801,7157,48,0
6801,6417,49,0
6801,6420,50,0
6801,6416,51,0
6801,6418,52,0
6801,6419,53,1
7200,8953,1,0
7200,8325,2,0
7200,8326,3,0
7200,8339,4,0
7200,6632,5,0
7200,6629,6,0
7200,6631,7,0
7200,6634,8,0
7200,8592,9,0
7200,8604,10,0
7200,8318,11,0
7200,8321,12,0
7200,8319,13,0
7200,6835,14,0
7200,7175,15,0
7200,7209,16,0
7200,8172,17,0
7200,7211,18,0
7200,7215,19,0
7200,8263,20,0
7200,8266,21,0
7200,6017,22,0
7200,7449,23,0
7200,7459,24,0
7200,7457,25,0
7200,7453,26,0
7200,7454,27,0
7200,8141,28,0
7200,6921,29,0
7200,6919,30,0
7200,6922,31,0
7200,6924,32,0
7200,6928,33,0
7200,6949,34,0
7200,6959,35,0
7200,6958,36,0
7200,6956,37,0
7200,6953,38,0
7200,6955,39,0
7200,6957,40,0
7200,8860,41,0
7200,8861,42,0
7200,8862,43,0
7200,8863,44,0
7200,8864,45,0
7200,8865,46,0
7200,9116,47,0
7200,8894,48,0
7200,8654,49,0
7200,8655,50,0
7200,8853,51,1
7201,8853,1,0
7201,8854,2,0
7201,8855,3,0
7201,9115,4,0
7201,8856,5,0
7201,8857,6,0
7201,8858,7,0
7201,8859,8,0
7201,8867,9,0
7201,6951,10,0
7201,6950,11,0
7201,6954,12,0
7201,6952,13,0
7201,8241,14,0
7201,6925,15,0
7201,6927,16,0
7201,6920,17,0
7201,6926,18,0
7201,6917,19,0
7201,8140,20,0
7201,7455,21,0
7201,7452,22,0
7201,7458,23,0
7201,7456,24,0
7201,7450,25,0
7201,6023,26,0
7201,8264,27,0
7201,8265,28,0
7201,7214,29,0
7201,7213,30,0
7201,8171,31,0
7201,7210,32,0
7201,2022,33,0
7201,7173,34,0
7201,6834,35,0
7201,9076,36,0
7201,8416,37,0
7201,8323,38,0
7201,8320,39,0
7201,8599,40,0
7201,8590,41,0
7201,6292,42,0
7201,6633,43,0
7201,6635,44,0
7201,6630,45,0
7201,6636,46,0
7201,8324,47,0
7201,8680,48,0
7201,8953,49,1
8200,8958,1,0
8200,8431,2,0
8200,9000,3,0
8200,6579,4,0
8200,7294,5,0
8200,7297,6,0
8200,6215,7,0
8200,6214,8,0
8200,8709,9,0
8200,2182,10,0
8200,2183,11,0
8200,8353,12,0
8200,8354,13,0
8200,8358,14,0
8200,8360,15,0
8200,7339,16,0
8200,7287,17,0
8200,7286,18,0
8200,7204,19,0
8200,7207,20,0
8200,6690,21,0
8200,6695,22,0
8200,6692,23,0
8200,6684,24,0
8200,6693,25,0
8200,6687,26,0
8200,6685,27,0
8200,6680,28,0
8200,6651,29,0
8200,6688,30,0
8200,6430,31,0
8200,6431,32,0
8200,6439,33,0
8200,6444,34,0
8200,6438,35,0
8200,6436,36,0
8200,6435,37,0
8200,6297,38,1
8201,6297,1,0
8201,6433,2,0
8201,6442,3,0
8201,6434,4,0
8201,6429,5,0
8201,6267,6,0
8201,6443,7,0
8201,6441,8,0
8201,6440,9,0
8201,6681,10,0
8201,6642,11,0
8201,6689,12,0
8201,6679,13,0
8201,6686,14,0
8201,6683,15,0
8201,6691,16,0
8201,6694,17,0
8201,6696,18,0
8201,6682,19,0
8201,7208,20,0
8201,7206,21,0
8201,7288,22,0
8201,7289,23,0
8201,7340,24,0
8201,8359,25,0
8201,8355,26,0
8201,8356,27,0
8201,8357,28,0
8201,2185,29,0
8201,2184,30,0
8201,8758,31,0
8201,6213,32,0
8201,6212,33,0
8201,9037,34,0
8201,7318,35,0
8201,8259,36,0
8201,8433,37,0
8201,9001,38,0
8201,8432,39,0
8201,8958,40,1
8300,8342,1,0
8300,8341,2,0
8300,7335,3,0
8300,7326,4,0
8300,7308,5,0
8300,7316,6,0
8300,7324,7,0
8300,2068,8,0
8300,2069,9,0
8300,2070,10,0
8300,7292,11,0
8300,2073,12,0
8300,2074,13,0
8300,2075,14,0
8300,2076,15,0
8300,2077,16,0
8300,2078,17,0
8300,2079,18,0
8300,2080,19,0
8300,2081,20,0
8300,8967,21,1
8301,8967,1,0
8301,2054,2,0
8301,2055,3,0
8301,2056,4,0
8301,2057,5,0
8301,2058,6,0
8301,2059,7,0
8301,2060,8,0
8301,2061,9,0
8301,2062,10,0
8301,2063,11,0
8301,2064,12,0
8301,2065,13,0
8301,2066,14,0
8301,2067,15,0
8301,7302,16,0
8301,7319,17,0
8301,7317,18,0
8301,7334,19,0
8301,7359,20,0
8301,8701,21,0
8301,8340,22,0
8301,8342,23,1
8400,8960,1,0
8400,8431,2,0
8400,9000,3,0
8400,6579,4,0
8400,7294,5,0
8400,7297,6,0
8400,6215,7,0
8400,6214,8,0
8400,6755,9,0
8400,6737,10,0
8400,6758,11,0
8400,6746,12,0
8400,6753,13,0
8400,6742,14,0
8400,6751,15,0
8400,6744,16,0
8400,6749,17,0
8400,6752,18,0
8400,6750,19,0
8400,6436,20,0
8400,6435,21,0
8400,6299,22,0
8400,8533,23,0
8400,8537,24,0
8400,8543,25,0
8400,6014,26,0
8400,8517,27,0
8400,8530,28,0
8400,6098,29,0
8400,6100,30,0
8400,6120,31,0
8400,6109,32,0
8400,6095,33,0
8400,6090,34,0
8400,6115,35,0
8400,6088,36,0
8400,6104,37,0
8400,6125,38,0
8400,6108,39,1
8401,6108,1,0
8401,6590,2,0
8401,6089,3,0
8401,2021,4,0
8401,6127,5,0
8401,6094,6,0
8401,6110,7,0
8401,6119,8,0
8401,6099,9,0
8401,8514,10,0
8401,2034,11,0
8401,8522,12,0
8401,8508,13,0
8401,6297,14,0
8401,6433,15,0
8401,6442,16,0
8401,6434,17,0
8401,6739,18,0
8401,6741,19,0
8401,6738,20,0
8401,6756,21,0
8401,6740,22,0
8401,6754,23,0
8401,6743,24,0
8401,6757,25,0
8401,6745,26,0
8401,6747,27,0
8401,6748,28,0
8401,6213,29,0
8401,6212,30,0
8401,9037,31,0
8401,7318,32,0
8401,8259,33,0
8401,8433,34,0
8401,9001,35,0
8401,8432,36,0
8401,8960,37,1
8500,7233,1,0
8500,7226,2,0
8500,7225,3,0
8500,9005,4,0
8500,7237,5,0
8500,2111,6,0
8500,2112,7,0
8500,2113,8,0
8500,2114,9,0
8500,2115,10,0
8500,2116,11,0
8500,2117,12,0
8500,7228,13,0
8500,2118,14,0
8500,2119,15,0
8500,2120,16,0
8500,2121,17,0
8500,7332,18,0
8500,7315,19,0
8500,9037,20,0
8500,7318,21,0
8500,8259,22,0
8500,8433,23,0
8500,9001,24,0
8500,8432,25,0
8500,8967,26,1
8501,8967,1,0
8501,8431,2,0
8501,9000,3,0
8501,6579,4,0
8501,7294,5,0
8501,7297,6,0
8501,7295,7,0
8501,7307,8,0
8501,7306,9,0
8501,7314,10,0
8501,7322,11,0
8501,7233,12,1
8600,2123,1,0
8600,8746,2,0
8600,8747,3,0
8600,8748,4,0
8600,8749,5,0
8600,8750,6,0
8600,8751,7,0
8600,8752,8,0
8600,8753,9,0
8600,8754,10,0
8600,8755,11,0
8600,2186,12,0
8600,8757,13,0
8600,2185,14,0
8600,2184,15,0
8600,8758,16,0
8600,6213,17,0
8600,6212,18,0
8600,9037,19,0
8600,7318,20,0
8600,8259,21,0
8600,8433,22,0
8600,9001,23,0
8600,8432,24,0
8600,8967,25,1
8601,8967,1,0
8601,8431,2,0
8601,9000,3,0
8601,6579,4,0
8601,7294,5,0
8601,7297,6,0
8601,6215,7,0
8601,6214,8,0
8601,8709,9,0
8601,2182,10,0
8601,2183,11,0
8601,8710,12,0
8601,8711,13,0
8601,8712,14,0
8601,8713,15,0
8601,8714,16,0
8601,8715,17,0
8601,8716,18,0
8601,8717,19,0
8601,8718,20,0
8601,8719,21,0
8601,8720,22,0
8601,8721,23,0
8601,8722,24,0
8601,2123,25,1
8700,8961,1,0
8700,8431,2,0
8700,9000,3,0
8700,6579,4,0
8700,7337,5,0
8700,7309,6,0
8700,7305,7,0
8700,7299,8,0
8700,7328,9,0
8700,7304,10,0
8700,7313,11,0
8700,7330,12,0
8700,7303,13,0
8700,7333,14,0
8700,6297,15,0
8700,6266,16,0
8700,6245,17,0
8700,6226,18,0
8700,6270,19,0
8700,6557,20,0
8700,6554,21,0
8700,6555,22,0
8700,6552,23,0
8700,8533,24,0
8700,8537,25,0
8700,8543,26,0
8700,6014,27,0
8700,8517,28,0
8700,8530,29,0
8700,8140,30,0
8700,8176,31,0
8700,8065,32,0
8700,8422,33,0
8700,8421,34,0
8700,8425,35,0
8700,8424,36,0
8700,8419,37,0
8700,8429,38,0
8700,8389,39,0
8700,7615,40,1
8701,7615,1,0
8701,7197,2,0
8701,8428,3,0
8701,8420,4,0
8701,8418,5,0
8701,8426,6,0
8701,8177,7,0
8701,7451,8,0
8701,8141,9,0
8701,8514,10,0
8701,2034,11,0
8701,8522,12,0
8701,8508,13,0
8701,6550,14,0
8701,6551,15,0
8701,6556,16,0
8701,6553,17,0
8701,6238,18,0
8701,6281,19,0
8701,6263,20,0
8701,6260,21,0
8701,6243,22,0
8701,6297,23,0
8701,7338,24,0
8701,7296,25,0
8701,7331,26,0
8701,7323,27,0
8701,7327,28,0
8701,7312,29,0
8701,7325,30,0
8701,7311,31,0
8701,7310,32,0
8701,7329,33,0
8701,8433,34,0
8701,9001,35,0
8701,8432,36,0
8701,8961,37,1
8800,8505,1,0
8800,9041,2,0
8800,8199,3,0
8800,9002,4,0
8800,6436,5,0
8800,6435,6,0
8800,6297,7,0
8800,2036,8,0
8800,2037,9,0
8800,2038,10,0
8800,2039,11,0
8800,2040,12,0
8800,2041,13,0
8800,2042,14,0
8800,2043,15,0
8800,2044,16,0
8800,8960,17,1
8801,8960,1,0
8801,2045,2,0
8801,2046,3,0
8801,2047,4,0
8801,2048,5,0
8801,2049,6,0
8801,2050,7,0
8801,2051,8,0
8801,2052,9,0
8801,2053,10,0
8801,6297,11,0
8801,6433,12,0
8801,6442,13,0
8801,6434,14,0
8801,8681,15,0
8801,8682,16,0
8801,8200,17,0
8801,9040,18,0
8801,8505,19,1
9000,8887,1,0
9000,6445,2,0
9000,8870,3,0
9000,6567,4,0
9000,6330,5,0
9000,6327,6,0
9000,6329,7,0
9000,2023,8,0
9000,2024,9,0
9000,2025,10,0
9000,2026,11,0
9000,2027,12,0
9000,7027,13,0
9000,6027,14,0
9000,6298,15,0
9000,2033,16,0
9000,8878,17,0
9000,8879,18,0
9000,8880,19,0
9000,8881,20,0
9000,8882,21,0
9000,7124,22,0
9000,8869,23,0
9000,6272,24,0
9000,6234,25,0
9000,6233,26,0
9000,6276,27,0
9000,6242,28,0
9000,6248,29,0
9000,6275,30,0
9000,6246,31,0
9000,6279,32,0
9000,6264,33,0
9000,6252,34,0
9000,6251,35,0
9000,6216,36,0
9000,6217,37,0
9000,6269,38,0
9000,6643,39,0
9000,8551,40,0
9000,8562,41,0
9000,8565,42,0
9000,8573,43,0
9000,2016,44,0
9000,8561,45,0
9000,8564,46,0
9000,8557,47,0
9000,8569,48,0
9000,8566,49,0
9000,8559,50,0
9000,6545,51,0
9000,8205,52,0
9000,8190,53,0
9000,8214,54,0
9000,8183,55,0
9000,8196,56,0
9000,8195,57,0
9000,8194,58,0
9000,8186,59,0
9000,8883,60,0
9000,8411,61,0
9000,7246,62,0
9000,8884,63,0
9000,8819,64,0
9000,9006,65,0
9000,8821,66,0
9000,8435,67,1
9001,8435,1,0
9001,8822,2,0
9001,8823,3,0
9001,8824,4,0
9001,8825,5,0
9001,8885,6,0
9001,7247,7,0
9001,8410,8,0
9001,8187,9,0
9001,8185,10,0
9001,8219,11,0
9001,8179,12,0
9001,8223,13,0
9001,8184,14,0
9001,6544,15,0
9001,8558,16,0
9001,8554,17,0
9001,8556,18,0
9001,8572,19,0
9001,8571,20,0
9001,2015,21,0
9001,8550,22,0
9001,8549,23,0
9001,8567,24,0
9001,8570,25,0
9001,8552,26,0
9001,6289,27,0
9001,6286,28,0
9001,6219,29,0
9001,6250,30,0
9001,6288,31,0
9001,6262,32,0
9001,6268,33,0
9001,6256,34,0
9001,6247,35,0
9001,6222,36,0
9001,6223,37,0
9001,6287,38,0
9001,6239,39,0
9001,8849,40,0
9001,7125,41,0
9001,8873,42,0
9001,8874,43,0
9001,8875,44,0
9001,8876,45,0
9001,8877,46,0
9001,9092,47,0
9001,6365,48,0
9001,6383,49,0
9001,7022,50,0
9001,2028,51,0
9001,2029,52,0
9001,2030,53,0
9001,2031,54,0
9001,2032,55,0
9001,6491,56,0
9001,6487,57,0
9001,6489,58,0
9001,8887,59,1
9100,6445,1,0
9100,8870,2,0
9100,6567,3,0
9100,8887,4,0
9100,9056,5,0
9100,6803,6,0
9100,6825,7,0
9100,6718,8,0
9100,2197,9,0
9100,6253,10,0
9100,6241,11,0
9100,2193,12,0
9100,2194,13,0
9100,2195,14,0
9100,2196,15,0
9100,8876,16,0
9100,8877,17,0
9100,9092,18,0
9100,2134,19,0
9100,2135,20,0
9100,2136,21,0
9100,2137,22,0
9100,2138,23,0
9100,2139,24,0
9100,8352,25,0
9100,7124,26,0
9100,8869,27,0
9100,6272,28,0
9100,6234,29,0
9100,6233,30,0
9100,6276,31,0
9100,6242,32,0
9100,6248,33,0
9100,6275,34,0
9100,6246,35,0
9100,6279,36,0
9100,6264,37,0
9100,6252,38,0
9100,6251,39,0
9100,6216,40,0
9100,6217,41,0
9100,6269,42,0
9100,6644,43,0
9100,6982,44,0
9100,6985,45,0
9100,8262,46,0
9100,6564,47,0
9100,6979,48,0
9100,6612,49,0
9100,7279,50,0
9100,7277,51,0
9100,8640,52,1
9101,8640,1,0
9101,7281,2,0
9101,7280,3,0
9101,6610,4,0
9101,6980,5,0
9101,6981,6,0
9101,6563,7,0
9101,6565,8,0
9101,6984,9,0
9101,6289,10,0
9101,6286,11,0
9101,6219,12,0
9101,6250,13,0
9101,6288,14,0
9101,6262,15,0
9101,6268,16,0
9101,6256,17,0
9101,6247,18,0
9101,6222,19,0
9101,6223,20,0
9101,6287,21,0
9101,6239,22,0
9101,8849,23,0
9101,7125,24,0
9101,8351,25,0
9101,2140,26,0
9101,2141,27,0
9101,2142,28,0
9101,2143,29,0
9101,2144,30,0
9101,2145,31,0
9101,2033,32,0
9101,8878,33,0
9101,8879,34,0
9101,2190,35,0
9101,2191,36,0
9101,2192,37,0
9101,6259,38,0
9101,2155,39,0
9101,6784,40,0
9101,6804,41,0
9101,6805,42,0
9101,6818,43,0
9101,9057,44,0
9101,6445,45,1
13600,2001,1,0
13600,2002,2,0
13600,2007,3,0
13600,6645,4,0
13600,6652,5,0
13600,6654,6,0
13600,6655,7,0
13600,6656,8,0
13600,7428,9,0
13600,7431,10,0
13600,7429,11,0
13600,7437,12,0
13600,7438,13,0
13600,7081,14,0
13600,7073,15,0
13600,9113,16,0
13600,7082,17,0
13600,8488,18,0
13600,8503,19,0
13600,8489,20,0
13600,8495,21,0
13600,8499,22,0
13600,7158,23,0
13600,7164,24,0
13600,7168,25,0
13600,7165,26,0
13600,7166,27,0
13600,7163,28,0
13600,7169,29,0
13600,7045,30,0
13600,8635,31,0
13600,6783,32,0
13600,6781,33,0
13600,6771,34,0
13600,6105,35,0
13600,6084,36,0
13600,6124,37,0
13600,8885,38,0
13600,7247,39,0
13600,8410,40,0
13600,8187,41,1
13601,8220,1,0
13601,8883,2,0
13601,8411,3,0
13601,7246,4,0
13601,8884,5,0
13601,6123,6,0
13601,6121,7,0
13601,6106,8,0
13601,6087,9,0
13601,6455,10,0
13601,6769,11,0
13601,6782,12,0
13601,8631,13,0
13601,8192,14,0
13601,6616,15,0
13601,6032,16,0
13601,7167,17,0
13601,7170,18,0
13601,7171,19,0
13601,7172,20,0
13601,8492,21,0
13601,8491,22,0
13601,8497,23,0
13601,8496,24,0
13601,7086,25,0
13601,7072,26,0
13601,9113,27,0
13601,7064,28,0
13601,7080,29,0
13601,7427,30,0
13601,2188,31,0
13601,7434,32,0
13601,7435,33,0
13601,7430,34,0
13601,7436,35,0
13601,7433,36,0
13601,6653,37,0
13601,6650,38,0
13601,6649,39,0
13601,6648,40,0
13601,6647,41,0
13601,2008,42,0
13601,2003,43,0
13601,2000,44,1
18500,7233,1,0
18500,7226,2,0
18500,7225,3,0
18500,9005,4,0
18500,7237,5,0
18500,2111,6,0
18500,2112,7,0
18500,2113,8,0
18500,2114,9,0
18500,2115,10,0
18500,2116,11,0
18500,2117,12,0
18500,7228,13,0
18500,2118,14,0
18500,2119,15,0
18500,2120,16,0
18500,2121,17,0
18500,7332,18,0
18500,7315,19,0
18500,9037,20,0
18500,7318,21,0
18500,8259,22,0
18500,8433,23,0
18500,9001,24,0
18500,8432,25,0
18500,8959,26,0
18500,8532,27,0
18500,6090,28,0
18500,6115,29,0
18500,6105,30,0
18500,6084,31,0
18500,6122,32,0
18500,8330,33,0
18500,8335,34,0
18500,8364,35,1
18501,8363,1,0
18501,8337,2,0
18501,8336,3,0
18501,8338,4,0
18501,6121,5,0
18501,6106,6,0
18501,6087,7,0
18501,2021,8,0
18501,6127,9,0
18501,8515,10,0
18501,8959,11,0
18501,8431,12,0
18501,9000,13,0
18501,6579,14,0
18501,7294,15,0
18501,7297,16,0
18501,7295,17,0
18501,7307,18,0
18501,7306,19,0
18501,7314,20,0
18501,7322,21,0
18501,7233,22,1
32000,8695,1,0
32000,8697,2,0
32000,9015,3,0
32000,9012,4,0
32000,8705,5,0
32000,8698,6,0
32000,9004,7,0
32000,8030,8,0
32000,7610,9,0
32000,9061,10,1
32001,9061,1,0
32001,7610,2,0
32001,8030,3,0
32001,9003,4,0
32001,8699,5,0
32001,8704,6,0
32001,9011,7,0
32001,9013,8,0
32001,9014,9,0
32001,8696,10,0
32001,8695,11,1
33000,6940,1,0
33000,7618,2,0
33000,9061,3,1
33001,9061,1,0
33001,7618,2,0
33001,6940,3,1
37000,8394,1,0
37000,6942,2,0
37000,7175,3,0
37000,7609,4,0
37000,9061,5,1
37001,9061,1,0
37001,7609,2,0
37001,7173,3,0
37001,6943,4,0
37001,8394,5,1
40100,8897,1,0
40100,8898,2,0
40100,9008,3,0
40100,8899,4,0
40100,8900,5,0
40100,8658,6,0
40100,8901,7,0
40100,8902,8,0
40100,8903,9,0
40100,8643,10,0
40100,8645,11,0
40100,8646,12,0
40100,8904,13,0
40100,8905,14,0
40100,8548,15,0
40100,8909,16,0
40100,9079,17,0
40100,8910,18,0
40100,8911,19,0
40100,8912,20,0
40100,8913,21,0
40100,8914,22,0
40100,8915,23,0
40100,8916,24,0
40100,8687,25,0
40100,8688,26,0
40100,8917,27,0
40100,8918,28,0
40100,8919,29,0
40100,8920,30,0
40100,8921,31,0
40100,8922,32,0
40100,8923,33,0
40100,8924,34,0
40100,8693,35,0
40100,8925,36,0
40100,8926,37,0
40100,8049,38,0
40100,8927,39,0
40100,8928,40,0
40100,8827,41,0
40100,8929,42,0
40100,8930,43,0
40100,8931,44,0
40100,8932,45,0
40100,8933,46,0
40100,8934,47,0
40100,8935,48,0
40100,8936,49,0
40100,8937,50,0
40100,8938,51,0
40100,8939,52,0
40100,9009,53,0
40100,6480,54,0
40100,6479,55,0
40100,6478,56,0
40100,6481,57,0
40100,8954,58,1
40101,8954,1,0
40101,6474,2,0
40101,6476,3,0
40101,6482,4,0
40101,6477,5,0
40101,6475,6,0
40101,9010,7,0
40101,8759,8,0
40101,8760,9,0
40101,8761,10,0
40101,8762,11,0
40101,8763,12,0
40101,8764,13,0
40101,8765,14,0
40101,8766,15,0
40101,8767,16,0
40101,8768,17,0
40101,8769,18,0
40101,8814,19,0
40101,8770,20,0
40101,8771,21,0
40101,8048,22,0
40101,8772,23,0
40101,8773,24,0
40101,8774,25,0
40101,8775,26,0
40101,8817,27,0
40101,8776,28,0
40101,8777,29,0
40101,8778,30,0
40101,8779,31,0
40101,8780,32,0
40101,8781,33,0
40101,8844,34,0
40101,8818,35,0
40101,8782,36,0
40101,8783,37,0
40101,8784,38,0
40101,8785,39,0
40101,8786,40,0
40101,8787,41,0
40101,8788,42,0
40101,9078,43,0
40101,8909,44,0
40101,8547,45,0
40101,8790,46,0
40101,8791,47,0
40101,8792,48,0
40101,8793,49,0
40101,7375,50,0
40101,8794,51,0
40101,8795,52,0
40101,8796,53,0
40101,8872,54,0
40101,8797,55,0
40101,8798,56,0
40101,8895,57,0
40101,8896,58,0
40101,8897,59,1
41500,8627,1,0
41500,8094,2,0
41500,8111,3,0
41500,8084,4,0
41500,8105,5,0
41500,8104,6,0
41500,8102,7,0
41500,8095,8,0
41500,8115,9,0
41500,8096,10,0
41500,8108,11,0
41500,8080,12,0
41500,8088,13,0
41500,8121,14,0
41500,8120,15,0
41500,8119,16,0
41500,8116,17,0
41500,8097,18,0
41500,8118,19,0
41500,8099,20,0
41500,8122,21,0
41500,8098,22,0
41500,8086,23,0
41500,6399,24,0
41500,6415,25,0
41500,6408,26,0
41500,7275,27,0
41500,8641,28,1
41501,8641,1,0
41501,7283,2,0
41501,7274,3,0
41501,6398,4,0
41501,6411,5,0
41501,6410,6,0
41501,8089,7,0
41501,8083,8,0
41501,8101,9,0
41501,8107,10,0
41501,8100,11,0
41501,8081,12,0
41501,8090,13,0
41501,8093,14,0
41501,8091,15,0
41501,8092,16,0
41501,8087,17,0
41501,8082,18,0
41501,8125,19,0
41501,8113,20,0
41501,8114,21,0
41501,8112,22,0
41501,8103,23,0
41501,8109,24,0
41501,8106,25,0
41501,8124,26,0
41501,8123,27,0
41501,8110,28,0
41501,8117,29,0
41501,8627,30,1
43300,6940,1,0
43300,6824,2,0
43300,6822,3,0
43300,6814,4,0
43300,6813,5,0
43300,6829,6,0
43300,6801,7,0
43300,6810,8,0
43300,6808,9,0
43300,6828,10,0
43300,6807,11,0
43300,6823,12,0
43300,6930,13,0
43300,6816,14,0
43300,6812,15,0
43300,2019,16,0
43300,6840,17,0
43300,7212,18,0
43300,7216,19,0
43300,7217,20,0
43300,8056,21,0
43300,7026,22,0
43300,7027,23,0
43300,6027,24,0
43300,7031,25,0
43300,7372,26,0
43300,7030,27,0
43300,7020,28,0
43300,7015,29,0
43300,7028,30,0
43300,7023,31,0
43300,6601,32,0
43300,6593,33,0
43300,6596,34,0
43300,6599,35,0
43300,6660,36,0
43300,7072,37,0
43300,9109,38,1
43301,9109,1,0
43301,7082,2,0
43301,7078,3,0
43301,6595,4,0
43301,6598,5,0
43301,6594,6,0
43301,6607,7,0
43301,6600,8,0
43301,7019,9,0
43301,7024,10,0
43301,7016,11,0
43301,7021,12,0
43301,7278,13,0
43301,7017,14,0
43301,6383,15,0
43301,7022,16,0
43301,7014,17,0
43301,6067,18,0
43301,6168,19,0
43301,6218,20,0
43301,6231,21,0
43301,6533,22,0
43301,6622,23,0
43301,2020,24,0
43301,6830,25,0
43301,6817,26,0
43301,6819,27,0
43301,6811,28,0
43301,6820,29,0
43301,6809,30,0
43301,6806,31,0
43301,6821,32,0
43301,6802,33,0
43301,6826,34,0
43301,6831,35,0
43301,6827,36,0
43301,6815,37,0
43301,6940,38,1
100000900,6859,1,0
100000900,6908,2,0
100000900,6855,3,0
100000900,6861,4,0
100000900,6854,5,0
100000900,6877,6,0
100000900,6876,7,0
100000900,6899,8,0
100000900,6849,9,0
100000900,6799,10,0
100000900,6798,11,0
100000900,6795,12,0
100000900,6904,13,0
100000900,6875,14,0
100000900,6858,15,0
100000900,6873,16,0
100000900,6864,17,0
100000900,6866,18,0
100000900,6863,19,0
100000900,6867,20,0
100000900,6890,21,0
100000900,6872,22,0
100000900,6870,23,0
100000900,6891,24,0
100000900,6860,25,0
100000900,6909,26,0
100000900,6906,27,0
100000900,6910,28,0
100000900,6900,29,0
100000900,6903,30,0
100000900,6399,31,0
100000900,6415,32,0
100000900,6408,33,0
100000900,7275,34,0
100000900,8641,35,0
100000900,7283,36,0
100000900,7274,37,0
100000900,6409,38,0
100000900,6403,39,0
100000900,6407,40,0
100000900,6494,41,0
100000900,8135,42,0
100000900,8133,43,0
100000900,8136,44,0
100000900,8147,45,0
100000900,8149,46,0
100000900,8150,47,0
100000900,6291,48,0
100000900,8363,49,0
100000900,8337,50,0
100000900,8333,51,0
100000900,8336,52,0
100000900,8327,53,0
100000900,8338,54,0
100000900,6121,55,0
100000900,6085,56,0
100000900,6106,57,0
100000900,6087,58,0
100000900,8414,59,1
100000901,8414,1,0
100000901,6125,2,0
100000901,6107,3,0
100000901,6084,4,0
100000901,6103,5,0
100000901,6102,6,0
100000901,6122,7,0
100000901,8331,8,0
100000901,8330,9,0
100000901,8322,10,0
100000901,8335,11,0
100000901,8365,12,0
100000901,8364,13,0
100000901,8261,14,0
100000901,8138,15,0
100000901,8148,16,0
100000901,8137,17,0
100000901,8134,18,0
100000901,8146,19,0
100000901,6495,20,0
100000901,6413,21,0
100000901,6414,22,0
100000901,7275,23,0
100000901,8640,24,0
100000901,7283,25,0
100000901,7274,26,0
100000901,6398,27,0
100000901,6411,28,0
100000901,6410,29,0
100000901,6901,30,0
100000901,6868,31,0
100000901,6844,32,0
100000901,6856,33,0
100000901,6850,34,0
100000901,6869,35,0
100000901,6848,36,0
100000901,6871,37,0
100000901,6852,38,0
100000901,6845,39,0
100000901,6905,40,0
100000901,6853,41,0
100000901,6857,42,0
100000901,6907,43,0
100000901,6892,44,0
100000901,6874,45,0
100000901,6897,46,0
100000901,6799,47,0
100000901,6798,48,0
100000901,6795,49,0
100000901,6898,50,0
100000901,6915,51,0
100000901,6893,52,0
100000901,6846,53,0
100000901,6862,54,0
100000901,6911,55,0
100000901,6800,56,0
100000901,6859,57,1
100003000,9030,1,0
100003000,7015,2,0
100003000,7028,3,0
100003000,7023,4,0
100003000,2001,5,0
100003000,2002,6,0
100003000,2007,7,0
100003000,6596,8,0
100003000,6599,9,0
100003000,6660,10,0
100003000,7072,11,0
100003000,9112,12,1
100003001,9112,1,0
100003001,9086,2,0
100003001,9087,3,0
100003001,9088,4,0
100003001,9089,5,0
100003001,9090,6,0
100003001,9091,7,0
100003001,7427,8,0
100003001,2188,9,0
100003001,7434,10,0
100003001,7435,11,0
100003001,7430,12,0
100003001,7436,13,0
100003001,7433,14,0
100003001,9025,15,0
100003001,9026,16,0
100003001,9027,17,0
100003001,9028,18,0
100003001,9029,19,0
100003001,9030,20,1
200000900,6902,1,0
200000900,7054,2,0
200000900,7055,3,0
200000900,7056,4,0
200000900,7122,5,0
200000900,7121,6,0
200000900,9020,7,0
200000900,8349,8,0
200000900,6843,9,0
200000900,6889,10,0
200000900,6888,11,0
200000900,6886,12,0
200000900,6896,13,0
200000900,6884,14,0
200000900,6882,15,0
200000900,6880,16,0
200000900,6913,17,0
200000900,6865,18,0
200000900,6894,19,0
200000900,6859,20,0
200000900,6908,21,0
200000900,6855,22,0
200000900,6861,23,0
200000900,6854,24,0
200000900,6877,25,0
200000900,6876,26,0
200000900,6899,27,0
200000900,6849,28,0
200000900,6904,29,0
200000900,6875,30,0
200000900,6858,31,0
200000900,6873,32,0
200000900,6864,33,0
200000900,6866,34,0
200000900,6863,35,0
200000900,6867,36,0
200000900,6890,37,0
200000900,6872,38,0
200000900,6870,39,0
200000900,6891,40,0
200000900,6860,41,0
200000900,6909,42,0
200000900,6906,43,0
200000900,6910,44,0
200000900,6900,45,0
200000900,6903,46,0
200000900,6399,47,0
200000900,6415,48,0
200000900,6408,49,0
200000900,7275,50,0
200000900,8641,51,0
200000900,7283,52,0
200000900,7274,53,0
200000900,6409,54,0
200000900,6403,55,0
200000900,6407,56,0
200000900,6494,57,0
200000900,8135,58,0
200000900,8133,59,0
200000900,8136,60,0
200000900,8147,61,0
200000900,8149,62,0
200000900,8150,63,0
200000900,6291,64,0
200000900,8363,65,0
200000900,8337,66,0
200000900,8333,67,0
200000900,8336,68,0
200000900,8327,69,0
200000900,8338,70,0
200000900,6121,71,0
200000900,6085,72,0
200000900,6106,73,0
200000900,6087,74,0
200000900,8414,75,1
200000901,8414,1,0
200000901,6125,2,0
200000901,6107,3,0
200000901,6084,4,0
200000901,6103,5,0
200000901,6102,6,0
200000901,6122,7,0
200000901,8331,8,0
200000901,8330,9,0
200000901,8322,10,0
200000901,8335,11,0
200000901,8365,12,0
200000901,8364,13,0
200000901,8261,14,0
200000901,8138,15,0
200000901,8148,16,0
200000901,8137,17,0
200000901,8134,18,0
200000901,8146,19,0
200000901,6495,20,0
200000901,6413,21,0
200000901,6414,22,0
200000901,7275,23,0
200000901,8640,24,0
200000901,7283,25,0
200000901,7274,26,0
200000901,6398,27,0
200000901,6411,28,0
200000901,6410,29,0
200000901,6901,30,0
200000901,6868,31,0
200000901,6844,32,0
200000901,6856,33,0
200000901,6850,34,0
200000901,6869,35,0
200000901,6848,36,0
200000901,6871,37,0
200000901,6852,38,0
200000901,6845,39,0
200000901,6905,40,0
200000901,6853,41,0
200000901,6857,42,0
200000901,6907,43,0
200000901,6892,44,0
200000901,6874,45,0
200000901,6897,46,0
200000901,6898,47,0
200000901,6915,48,0
200000901,6893,49,0
200000901,6846,50,0
200000901,6862,51,0
200000901,6911,52,0
200000901,6800,53,0
200000901,6847,54,0
200000901,6878,55,0
200000901,6879,56,0
200000901,6914,57,0
200000901,6895,58,0
200000901,6881,59,0
200000901,6883,60,0
200000901,6912,61,0
200000901,6885,62,0
200000901,6887,63,0
200000901,6902,64,1
200003000,9043,1,0
200003000,8692,2,0
200003000,9035,3,0
200003000,9036,4,0
200003000,7425,5,0
200003000,7424,6,0
200003000,7428,7,0
200003000,7431,8,0
200003000,7429,9,0
200003000,7437,10,0
200003000,7438,11,0
200003000,9080,12,0
200003000,9081,13,0
200003000,9082,14,0
200003000,9083,15,0
200003000,9084,16,0
200003000,9085,17,0
200003000,7073,18,0
200003000,9111,19,1
200003001,9111,1,0
200003001,7082,2,0
200003001,7078,3,0
200003001,6595,4,0
200003001,6598,5,0
200003001,6594,6,0
200003001,2008,7,0
200003001,2003,8,0
200003001,2000,9,0
200003001,6600,10,0
200003001,7019,11,0
200003001,7024,12,0
200003001,9043,13,1
