'3',4100,65000,,'',0,9500,,'',0,7000,,'',0,2000,,'',0,2000,,'',0,6000,,'',0,2000,,'',0,1700,,'',0,6000,,'',0,2000,,'',0,2000,,'',0,6000,,'',0,2000,,'',0,2000,,'',0,6000,,'',0,2000,,'',0,2000,,'',0,6000,,'',0,2000,,'',0,2000,,'',0,6000,,'',0,2000,,'',0,2000,,'',0,6000,,'',0,2000,,'',0,2000,,'',0,6000,,'',0,2300,,'',0,2000,,'',0,6000,,'',0,2000,,'',0,2000,,'',0
'3',4101,73800,4,'',0,9200,4,'',0,2000,4,'',0,5800,4,'',0,2200,4,'',0,1700,4,'',0,6000,4,'',0,2000,4,'',0,2000,4,'',0,6000,4,'',0,2000,4,'',0,2000,4,'',0,6000,4,'',0,2000,4,'',0,2000,4,'',0,6000,4,'',0,2000,4,'',0,2000,4,'',0,6000,4,'',0,2000,4,'',0,2000,4,'',0,6000,4,'',0,2000,4,'',0,2000,4,'',0,6000,4,'',0,2300,4,'',0,2000,4,'',0,6000,4,'',0,2000,4,'',0,2000,4,'',0,6000,4,'',0,4200,4,'',0,6000,4,'',0,2000,4,'',0
'3',5000,63000,,'',0,1500,,'',0,7000,,'',0,3000,,'',0,7000,,'',0
'3',5001,153500,4,'',0,7100,4,'',0,3400,4,'',0,7000,4,'',0
'16401',5400,65400,4,'',0,10000,4,'',0,10000,4,'',0,10000,4,'',0,14800,4,'',0,10000,4,'',0,10000,4,'',0,10000,4,'',0,10000,4,'',0,9900,4,'',0,10000,4,'',0,10000,4,'',0,5500,4,'',0,10000,4,'',0,10000,4,'',0,10000,4,'',0,10000,4,'',0
'16401',5401,55700,,'',0,10000,,'',0,10000,,'',0,10000,,'',0,10000,,'',0,10000,,'',0,10000,,'',0,10000,,'',0,10000,,'',0,10000,,'',0,10000,,'',0,10000,,'',0,10000,,'',0,10000,,'',0,10000,,'',0,10000,,'',0,10000,,'',0
'16501',5400,65400,4,'',0,10000,4,'',0,10000,4,'',0,10000,4,'',0,14800,4,'',0,10000,4,'',0,10000,4,'',0,10000,4,'',0,10000,4,'',0,9900,4,'',0,10000,4,'',0,10000,4,'',0,5500,4,'',0,10000,4,'',0,10000,4,'',0,10000,4,'',0,10000,4,'',0,10000,4,'',0,10000,4,'',0,10000,4,'',0
'16501',5401,55700,,'',0,10000,,'',0,10000,,'',0,10000,,'',0,10000,,'',0,10000,,'',0,10000,,'',0,10000,,'',0,10000,,'',0,10000,,'',0,10000,,'',0,10000,,'',0,10000,,'',0,10000,,'',0,10000,,'',0,10000,,'',0,10000,,'',0,10000,,'',0,10000,,'',0,10000,,'',0
'2',5400,85500,4,'',0,10000,4,'',0,14700,4,'',0,10000,4,'',0,9900,4,'',0,10000,4,'',0,9900,4,'',0,5900,4,'',0,10000,4,'',0,10000,4,'',0,9600,4,'',0,10000,4,'',0,10000,4,'',0,10000,4,'',0
'2',5401,75700,,'',0,10000,,'',0,10000,,'',0,10000,,'',0,10000,,'',0,10000,,'',0,10000,,'',0,10000,,'',0,10000,,'',0,10000,,'',0,10000,,'',0,10000,,'',0,10000,,'',0,10000,,'',0
'3',5400,65800,4,'',0,7100,4,'',0,3000,4,'',0,7000,4,'',0,3000,4,'',0,7000,4,'',0,7500,4,'',0,10000,4,'',0,10000,4,'',0,10400,4,'',0,10000,4,'',0,10200,4,'',0,10000,4,'',0,3000,4,'',0,7500,4,'',0,2700,4,'',0,7000,4,'',0,2400,4,'',0,6900,4,'',0,3000,4,'',0,7000,4,'',0,3000,4,'',0,7000,4,'',0,10000,4,'',0
'3',5401,55900,,'',0,6800,,'',0,3000,,'',0,6800,,'',0,3000,,'',0,7100,,'',0,7500,,'',0,10000,,'',0,10000,,'',0,10000,,'',0,10000,,'',0,10000,,'',0,10000,,'',0,3000,,'',0,7000,,'',0,2900,,'',0,7000,,'',0,3000,,'',0,7100,,'',0,3000,,'',0,7000,,'',0,3000,,'',0,7000,,'',0,10000,,'',0
