'16401',6100,65300,4,'',0,10000,4,'',0,10000,4,'',0,10300,4,'',0,10000,4,'',0,10200,4,'',0,10000,4,'',0,10000,4,'',0,10000,4,'',0,10000,4,'',0,10000,4,'',0,10000,4,'',0,10000,4,'',0,9600,4,'',0,10000,4,'',0,9800,4,'',0,10000,4,'',0,10000,4,'',0
'16401',6101,60800,,'',0,10000,,'',0,10000,,'',0,10000,,'',0,10000,,'',0,10000,,'',0,10000,,'',0,10000,,'',0,10000,,'',0,10000,,'',0,10000,,'',0,10000,,'',0,10000,,'',0,10000,,'',0,10000,,'',0,10000,,'',0,10000,,'',0,10000,,'',0
'16501',6100,65300,4,'',0,10000,4,'',0,10000,4,'',0,10300,4,'',0,10000,4,'',0,10200,4,'',0,10000,4,'',0,10000,4,'',0,10000,4,'',0,10000,4,'',0,10000,4,'',0,10000,4,'',0,10000,4,'',0,9600,4,'',0,10000,4,'',0,9800,4,'',0,10000,4,'',0,10000,4,'',0,10000,4,'',0,10000,4,'',0
'16501',6101,60800,,'',0,10000,,'',0,10000,,'',0,10000,,'',0,10000,,'',0,10000,,'',0,10000,,'',0,10000,,'',0,10000,,'',0,10000,,'',0,10000,,'',0,10000,,'',0,10000,,'',0,10000,,'',0,10000,,'',0,10000,,'',0,10000,,'',0,10000,,'',0,10000,,'',0,10000,,'',0
'2',6100,75300,4,'',0,10000,4,'',0,10000,4,'',0,10000,4,'',0,10200,4,'',0,10000,4,'',0,10300,4,'',0,10000,4,'',0,10000,4,'',0,10000,4,'',0,10000,4,'',0,9600,4,'',0,9800,4,'',0,10000,4,'',0,10000,4,'',0,10000,4,'',0
'2',6101,70800,,'',0,10000,,'',0,10000,,'',0,10000,,'',0,10000,,'',0,10000,,'',0,10000,,'',0,10000,,'',0,10000,,'',0,10000,,'',0,10000,,'',0,10000,,'',0,10000,,'',0,10000,,'',0,10000,,'',0,10000,,'',0
'3',6100,93200,4,'',0,9800,4,'',0,10000,4,'',0,10100,4,'',0,10100,4,'',0,10000,4,'',0,10000,4,'',0,10100,4,'',0,7300,4,'',0,3500,4,'',0,7100,4,'',0,2500,4,'',0,6300,4,'',0,5900,4,'',0,10000,4,'',0,9800,4,'',0,10000,4,'',0
'3',6101,61100,,'',0,3000,,'',0,7000,,'',0,3000,,'',0,10000,,'',0,10000,,'',0,10000,,'',0,10000,,'',0,10000,,'',0,10000,,'',0,10000,,'',0,47000,,'',0,10000,,'',0,10000,,'',0,10000,,'',0
'16401',6800,63300,4,'',0,10000,4,'',0,10000,4,'',0,10000,4,'',0,10200,4,'',0,10100,4,'',0,10000,4,'',0,10000,4,'',0,10000,4,'',0,10000,4,'',0,10000,4,'',0,9900,4,'',0,10000,4,'',0,10000,4,'',0,9900,4,'',0,10000,4,'',0,10000,4,'',0,10000,4,'',0,10000,4,'',0
'16401',6801,55000,,'',0,10000,,'',0,10000,,'',0,10000,,'',0,10000,,'',0,10000,,'',0,10000,,'',0,10000,,'',0,10000,,'',0,10000,,'',0,10000,,'',0,10000,,'',0,10000,,'',0,10000,,'',0,10000,,'',0,10000,,'',0,10000,,'',0,10000,,'',0,10000,,'',0
'16501',6800,63300,4,'',0,10000,4,'',0,10000,4,'',0,10000,4,'',0,10200,4,'',0,10100,4,'',0,10000,4,'',0,10000,4,'',0,10000,4,'',0,10000,4,'',0,10000,4,'',0,9900,4,'',0,10000,4,'',0,10000,4,'',0,9900,4,'',0,10000,4,'',0,10000,4,'',0,10000,4,'',0,10000,4,'',0,10000,4,'',0
'16501',6801,55000,,'',0,10000,,'',0,10000,,'',0,10000,,'',0,10000,,'',0,10000,,'',0,10000,,'',0,10000,,'',0,10000,,'',0,10000,,'',0,10000,,'',0,10000,,'',0,10000,,'',0,10000,,'',0,10000,,'',0,10000,,'',0,10000,,'',0,10000,,'',0,10000,,'',0,10000,,'',0
'2',6800,73300,4,'',0,10000,4,'',0,10000,4,'',0,10000,4,'',0,10100,4,'',0,10100,4,'',0,10100,4,'',0,10000,4,'',0,10000,4,'',0,10000,4,'',0,9900,4,'',0,10000,4,'',0,9900,4,'',0,9900,4,'',0,10000,4,'',0,10000,4,'',0
'2',6801,65000,,'',0,10000,,'',0,10000,,'',0,10000,,'',0,10000,,'',0,10000,,'',0,10000,,'',0,10000,,'',0,10000,,'',0,10000,,'',0,10000,,'',0,10000,,'',0,10000,,'',0,10000,,'',0,10000,,'',0,10000,,'',0
'3',6800,95700,4,'',0,10000,4,'',0,10000,4,'',0,10100,4,'',0,14200,4,'',0,10000,4,'',0,10000,4,'',0,4000,4,'',0,7300,4,'',0,3400,4,'',0,7100,4,'',0,2500,4,'',0,6300,4,'',0,11900,4,'',0,10000,4,'',0,10000,4,'',0,10000,4,'',0,10000,4,'',0
'3',6801,55500,,'',0,7000,,'',0,3000,,'',0,7000,,'',0,3000,,'',0,15600,,'',0,10000,,'',0,10000,,'',0,10000,,'',0,10000,,'',0,10000,,'',0,10000,,'',0,42900,,'',0,10000,,'',0,10000,,'',0,10000,,'',0,10000,,'',0
