'1',5500,81500,4,'',0,10200,4,'',0,10100,4,'',0,10300,4,'',0,10000,4,'',0,10000,4,'',0,10000,4,'',0,10000,4,'',0,10000,4,'',0,10000,4,'',0,9800,4,'',0,10000,4,'',0,9700,4,'',0,10000,4,'',0,10000,4,'',0
'1',5501,72700,,'',0,10000,,'',0,10000,,'',0,10000,,'',0,10000,,'',0,10000,,'',0,10000,,'',0,10000,,'',0,10000,,'',0,10000,,'',0,10000,,'',0,10000,,'',0,10000,,'',0,10000,,'',0,10000,,'',0
'2',5500,81600,4,'',0,10000,4,'',0,10200,4,'',0,10300,4,'',0,10000,4,'',0,10000,4,'',0,10000,4,'',0,10000,4,'',0,10000,4,'',0,10000,4,'',0,9800,4,'',0,9700,4,'',0,10000,4,'',0,10000,4,'',0,10000,4,'',0
'2',5501,72700,,'',0,10000,,'',0,10000,,'',0,10000,,'',0,10000,,'',0,10000,,'',0,10000,,'',0,10000,,'',0,10000,,'',0,10000,,'',0,10000,,'',0,10000,,'',0,10000,,'',0,10000,,'',0,10000,,'',0
'3',5500,70600,4,'',0,10300,4,'',0,3200,4,'',0,10000,4,'',0,8500,4,'',0,10000,4,'',0,10000,4,'',0,10300,4,'',0,10000,4,'',0,10000,4,'',0,8500,4,'',0,10000,4,'',0,10100,4,'',0,2300,4,'',0,7500,4,'',0,9900,4,'',0,11000,4,'',0,10000,4,'',0
'3',5501,61600,,'',0,10000,,'',0,3000,,'',0,10000,,'',0,8500,,'',0,10000,,'',0,10000,,'',0,10000,,'',0,10000,,'',0,10000,,'',0,8500,,'',0,9900,,'',0,10500,,'',0,2600,,'',0,7500,,'',0,10000,,'',0,11000,,'',0,10000,,'',0
'1',6200,74900,4,'',0,10000,4,'',0,10100,4,'',0,10200,4,'',0,10000,4,'',0,10000,4,'',0,10000,4,'',0,10000,4,'',0,10000,4,'',0,10000,4,'',0,10000,4,'',0,9800,4,'',0,9800,4,'',0,10000,4,'',0,10000,4,'',0,10000,4,'',0
'1',6201,70000,,'',0,10000,,'',0,10000,,'',0,10000,,'',0,10000,,'',0,10000,,'',0,10000,,'',0,10000,,'',0,10000,,'',0,10000,,'',0,10000,,'',0,10000,,'',0,10000,,'',0,10000,,'',0,10000,,'',0,10000,,'',0
'2',6200,74600,4,'',0,10000,4,'',0,10100,4,'',0,10400,4,'',0,10000,4,'',0,10000,4,'',0,10000,4,'',0,10000,4,'',0,10000,4,'',0,9800,4,'',0,10000,4,'',0,9700,4,'',0,9900,4,'',0,10000,4,'',0,10000,4,'',0,10000,4,'',0
'2',6201,70000,,'',0,10000,,'',0,10000,,'',0,10000,,'',0,10000,,'',0,10000,,'',0,10000,,'',0,10000,,'',0,10000,,'',0,10000,,'',0,10000,,'',0,10000,,'',0,10000,,'',0,10000,,'',0,10000,,'',0,10000,,'',0
'3',6200,65800,4,'',0,7200,4,'',0,7000,4,'',0,3000,4,'',0,7000,4,'',0,3100,4,'',0,7000,4,'',0,10000,4,'',0,10000,4,'',0,10000,4,'',0,10000,4,'',0,10000,4,'',0,10300,4,'',0,3000,4,'',0,7000,4,'',0,3000,4,'',0,7000,4,'',0,2800,4,'',0,2700,4,'',0,7000,4,'',0,10000,4,'',0,10000,4,'',0,10000,4,'',0
'3',6201,60900,,'',0,3000,,'',0,7000,,'',0,3000,,'',0,7000,,'',0,3000,,'',0,7000,,'',0,10000,,'',0,10000,,'',0,10000,,'',0,10000,,'',0,10000,,'',0,10000,,'',0,3000,,'',0,7000,,'',0,3000,,'',0,7000,,'',0,3000,,'',0,7000,,'',0,3000,,'',0,10000,,'',0,10000,,'',0,10000,,'',0,10000,,'',0
'3',15900,61300,,'',0,4000,,'',0,6000,,'',0,2200,,'',0,2100,,'',0,6100,,'',0,2000,,'',0,1800,,'',0
'3',15901,152600,,'',0,2000,,'',0,6400,,'',0,2100,,'',0,2200,,'',0,6100,,'',0,3600,,'',0,5800,,'',0
