'1',5900,63300,,'',0,10000,,'',0,10000,,'',0,10000,,'',0,10000,,'',0,10000,,'',0,10000,,'',0,10000,,'',0,10000,,'',0,10000,,'',0,10000,,'',0,10000,,'',0,10000,,'',0,10000,,'',0,10000,,'',0,10000,,'',0,10000,,'',0,10000,,'',0
'1',5901,63300,4,'',0,10000,4,'',0,10000,4,'',0,10000,4,'',0,10000,4,'',0,10000,4,'',0,10000,4,'',0,10000,4,'',0,10000,4,'',0,10000,4,'',0,10000,4,'',0,10000,4,'',0,10000,4,'',0,10000,4,'',0,10000,4,'',0,10000,4,'',0,10000,4,'',0,10000,4,'',0
'2',5900,73300,,'',0,10000,,'',0,10000,,'',0,10000,,'',0,10000,,'',0,10000,,'',0,10000,,'',0,10000,,'',0,10000,,'',0,10000,,'',0,10000,,'',0,10000,,'',0,10000,,'',0,10000,,'',0,10000,,'',0,10000,,'',0
'2',5901,73300,4,'',0,10000,4,'',0,10000,4,'',0,10000,4,'',0,10000,4,'',0,10000,4,'',0,10000,4,'',0,10000,4,'',0,10000,4,'',0,10000,4,'',0,10000,4,'',0,10000,4,'',0,10000,4,'',0,10000,4,'',0,10000,4,'',0,10000,4,'',0
'3',5900,91400,,'',0,10000,,'',0,10000,,'',0,10000,,'',0,10000,,'',0,10000,,'',0,10000,,'',0,2700,,'',0,8400,,'',0,2400,,'',0,6200,,'',0,2000,,'',0,7300,,'',0,11900,,'',0,10000,,'',0,10000,,'',0,10000,,'',0,10000,,'',0,10000,,'',0
'3',5901,53900,4,'',0,8000,4,'',0,2000,4,'',0,8000,4,'',0,2000,4,'',0,8200,4,'',0,9300,4,'',0,10000,4,'',0,10000,4,'',0,10000,4,'',0,10000,4,'',0,10000,4,'',0,10000,4,'',0,40800,4,'',0,10000,4,'',0,10000,4,'',0,10000,4,'',0,10000,4,'',0,10000,4,'',0
'3',15900,54100,,'',0,8000,,'',0,2000,,'',0,8000,,'',0,2000,,'',0,8200,,'',0
'3',15901,154100,4,'',0,8400,4,'',0,2400,4,'',0,6200,4,'',0,2000,4,'',0,7200,4,'',0
'1',40101,80700,,'',0,32600,,'',0,60000,,'',0
'2',40101,80700,,'',0,32600,,'',0,60000,,'',0
'3',40101,63200,,'',0,17500,,'',0,13500,,'',0,61200,,'',0,17900,,'',0,17900,,'',0
