'220.0.1',400,55000,,'',0,10000,,'',0,10000,,'',0,7000,,'',0,3000,,'',0,7000,,'',0,3000,,'',0,7000,,'',0,3000,,'',0,7000,,'',0,3000,,'',0,7000,,'',0,3000,,'',0,7000,,'',0,3000,,'',0,7000,,'',0,3000,,'',0,7000,,'',0,3000,,'',0,7000,,'',0,3000,,'',0,7000,,'',0,3000,,'',0,7000,,'',0,3000,,'',0,7000,,'',0,3000,,'',0,7000,,'',0,3000,,'',0,7000,,'',0,3000,,'',0,10000,,'',0,10000,,'',0
'220.0.1',401,64000,4,'',0,10000,4,'',0,10000,4,'',0,7000,4,'',0,3000,4,'',0,7000,4,'',0,3000,4,'',0,7100,4,'',0,3300,4,'',0,7000,4,'',0,3000,4,'',0,7000,4,'',0,3000,4,'',0,7000,4,'',0,3000,4,'',0,7000,4,'',0,3000,4,'',0,7000,4,'',0,3000,4,'',0,7000,4,'',0,3000,4,'',0,7000,4,'',0,2800,4,'',0,7000,4,'',0,3000,4,'',0,7000,4,'',0,3000,4,'',0,7000,4,'',0,3000,4,'',0,6900,4,'',0,2600,4,'',0,10000,4,'',0,10000,4,'',0
'220.0.2',400,64500,,'',0,7000,,'',0,3000,,'',0,7000,,'',0,3000,,'',0,7000,,'',0,3000,,'',0,7000,,'',0,3000,,'',0,7000,,'',0,3000,,'',0,7000,,'',0,3000,,'',0,7000,,'',0,3000,,'',0,7000,,'',0,3000,,'',0,7000,,'',0,3000,,'',0,7000,,'',0,3000,,'',0,7000,,'',0,3000,,'',0,7000,,'',0,3000,,'',0,7000,,'',0,3000,,'',0,10000,,'',0,10000,,'',0,10000,,'',0,10000,,'',0
'220.0.2',401,74000,4,'',0,7000,4,'',0,3000,4,'',0,7000,4,'',0,3000,4,'',0,7000,4,'',0,3000,4,'',0,7100,4,'',0,2900,4,'',0,7000,4,'',0,3000,4,'',0,7000,4,'',0,3000,4,'',0,7000,4,'',0,3000,4,'',0,7000,4,'',0,3000,4,'',0,7000,4,'',0,3000,4,'',0,7000,4,'',0,3000,4,'',0,7000,4,'',0,3000,4,'',0,7000,4,'',0,3000,4,'',0,7100,4,'',0,2600,4,'',0,10000,4,'',0,10000,4,'',0,10000,4,'',0,10000,4,'',0
'220.0.3',400,60000,,'',0,2000,,'',0,2000,,'',0,6000,,'',0,1500,,'',0,1500,,'',0,1500,,'',0,5500,,'',0,1500,,'',0,1500,,'',0,1500,,'',0,5500,,'',0,1500,,'',0,1500,,'',0,1500,,'',0,5500,,'',0,1500,,'',0,1500,,'',0,1500,,'',0,5500,,'',0,1500,,'',0,1500,,'',0,1500,,'',0,5500,,'',0,1500,,'',0,1500,,'',0,1500,,'',0,5500,,'',0,1000,,'',0,1000,,'',0,1000,,'',0,1000,,'',0,1000,,'',0,5000,,'',0,800,,'',0,800,,'',0,800,,'',0,800,,'',0,800,,'',0,800,,'',0,800,,'',0,4800,,'',0,800,,'',0,800,,'',0,800,,'',0,800,,'',0,800,,'',0,800,,'',0,4800,,'',0,800,,'',0,800,,'',0,800,,'',0,800,,'',0,800,,'',0,1600,,'',0,4800,,'',0,800,,'',0,800,,'',0,800,,'',0,800,,'',0,900,,'',0,5500,,'',0,1500,,'',0,1500,,'',0,2000,,'',0,6000,,'',0,2000,,'',0,2000,,'',0,6000,,'',0,2000,,'',0,2000,,'',0,6000,,'',0,2000,,'',0,2000,,'',0,7000,,'',0,3000,,'',0,7000,,'',0,3000,,'',0,7000,,'',0,3000,,'',0
'220.0.3',401,61900,4,'',0,1500,4,'',0,1500,4,'',0,5500,4,'',0,2000,4,'',0,2000,4,'',0,800,4,'',0,4800,4,'',0,800,4,'',0,800,4,'',0,800,4,'',0,800,4,'',0,800,4,'',0,800,4,'',0,800,4,'',0,4800,4,'',0,800,4,'',0,800,4,'',0,700,4,'',0,600,4,'',0,800,4,'',0,800,4,'',0,800,4,'',0,4800,4,'',0,800,4,'',0,800,4,'',0,800,4,'',0,800,4,'',0,800,4,'',0,1100,4,'',0,5500,4,'',0,1500,4,'',0,1500,4,'',0,1500,4,'',0,5500,4,'',0,1500,4,'',0,1500,4,'',0,1500,4,'',0,5500,4,'',0,1500,4,'',0,1500,4,'',0,1500,4,'',0,5500,4,'',0,1500,4,'',0,1500,4,'',0,1500,4,'',0,5500,4,'',0,1600,4,'',0,1700,4,'',0,5800,4,'',0,1500,4,'',0,1500,4,'',0,1500,4,'',0,5500,4,'',0,1500,4,'',0,1500,4,'',0,1500,4,'',0,5500,4,'',0,1200,4,'',0,1200,4,'',0,1100,4,'',0,1500,4,'',0,5500,4,'',0,2000,4,'',0,2000,4,'',0,6000,4,'',0,2000,4,'',0,2000,4,'',0,6000,4,'',0,2000,4,'',0,2000,4,'',0,6000,4,'',0,1800,4,'',0,2800,4,'',0,7000,4,'',0,3000,4,'',0,7000,4,'',0,3000,4,'',0,7000,4,'',0
'220.0.4',400,60000,,'',0,2000,,'',0,2000,,'',0,6000,,'',0,1500,,'',0,1500,,'',0,1500,,'',0,5500,,'',0,1500,,'',0,1500,,'',0,1500,,'',0,5500,,'',0,1500,,'',0,1500,,'',0,1500,,'',0,5500,,'',0,1500,,'',0,1500,,'',0,1500,,'',0,5500,,'',0,1500,,'',0,1500,,'',0,1500,,'',0,5500,,'',0,1500,,'',0,1500,,'',0,1500,,'',0,5500,,'',0,1000,,'',0,1000,,'',0,1000,,'',0,1000,,'',0,1000,,'',0,5000,,'',0,800,,'',0,800,,'',0,800,,'',0,800,,'',0,800,,'',0,800,,'',0,800,,'',0,4800,,'',0,800,,'',0,800,,'',0,800,,'',0,800,,'',0,800,,'',0,800,,'',0,4800,,'',0,800,,'',0,800,,'',0,800,,'',0,800,,'',0,800,,'',0,800,,'',0,800,,'',0,4800,,'',0,800,,'',0,800,,'',0,800,,'',0,800,,'',0,900,,'',0,5500,,'',0,1500,,'',0,1500,,'',0,2000,,'',0,6000,,'',0,2000,,'',0,2000,,'',0,6000,,'',0,2000,,'',0,2000,,'',0,6000,,'',0,2000,,'',0,2000,,'',0,7000,,'',0,3000,,'',0,7000,,'',0,3000,,'',0,7000,,'',0,3000,,'',0,7000,,'',0,3000,,'',0
'220.0.4',401,61900,4,'',0,1500,4,'',0,1500,4,'',0,5500,4,'',0,2000,4,'',0,2000,4,'',0,800,4,'',0,4800,4,'',0,800,4,'',0,800,4,'',0,800,4,'',0,800,4,'',0,800,4,'',0,800,4,'',0,800,4,'',0,4800,4,'',0,800,4,'',0,800,4,'',0,700,4,'',0,600,4,'',0,800,4,'',0,800,4,'',0,800,4,'',0,4800,4,'',0,800,4,'',0,800,4,'',0,800,4,'',0,800,4,'',0,800,4,'',0,1100,4,'',0,5500,4,'',0,1500,4,'',0,1500,4,'',0,1500,4,'',0,5500,4,'',0,1500,4,'',0,1500,4,'',0,1500,4,'',0,5500,4,'',0,1500,4,'',0,1500,4,'',0,1500,4,'',0,5500,4,'',0,1500,4,'',0,1500,4,'',0,1500,4,'',0,5500,4,'',0,1600,4,'',0,1700,4,'',0,5800,4,'',0,1500,4,'',0,1500,4,'',0,1500,4,'',0,5500,4,'',0,1500,4,'',0,1500,4,'',0,1500,4,'',0,5500,4,'',0,1200,4,'',0,1200,4,'',0,1100,4,'',0,1500,4,'',0,5500,4,'',0,2000,4,'',0,2000,4,'',0,6000,4,'',0,2000,4,'',0,2000,4,'',0,6000,4,'',0,2000,4,'',0,2000,4,'',0,6000,4,'',0,1800,4,'',0,2800,4,'',0,7000,4,'',0,3000,4,'',0,7000,4,'',0,3000,4,'',0,7000,4,'',0,3000,4,'',0,7000,4,'',0
'220.1141.3',400,164800,,'',0
'220.1143.3',400,164800,,'',0
'220.0.3',1001000,62000,,'',0,1900,,'',0,1900,,'',0,6800,,'',0,1800,,'',0,5600,,'',0,2000,,'',0,2000,,'',0,6000,,'',0,50000,,'',0,1900,,'',0,2000,,'',0,2000,,'',0,6000,,'',0,2000,,'',0,2000,,'',0,6000,,'',0,2000,,'',0,1000,,'',0,7000,,'',0,2000,,'',0,2000,,'',0,6000,,'',0
'220.0.3',1001001,65600,4,'',0,6800,4,'',0,2000,4,'',0,6000,4,'',0,2000,4,'',0,2000,4,'',0,6000,4,'',0,1500,4,'',0,2000,4,'',0,51100,4,'',0,5500,4,'',0,2400,4,'',0,2100,4,'',0,6000,4,'',0,2000,4,'',0,2000,4,'',0,6500,4,'',0,2400,4,'',0,6200,4,'',0,2000,4,'',0,900,4,'',0,2000,4,'',0
'220.0.4',1001000,62000,,'',0,1900,,'',0,1900,,'',0,6800,,'',0,1800,,'',0,5600,,'',0,2000,,'',0,2000,,'',0,6000,,'',0,50000,,'',0,1900,,'',0,2000,,'',0,2000,,'',0,6000,,'',0,2000,,'',0,2000,,'',0,6000,,'',0,2000,,'',0,1000,,'',0,7000,,'',0,2000,,'',0,2000,,'',0,6000,,'',0
'220.0.4',1001001,65600,4,'',0,6800,4,'',0,2000,4,'',0,6000,4,'',0,2000,4,'',0,2000,4,'',0,6000,4,'',0,1500,4,'',0,2000,4,'',0,51100,4,'',0,5500,4,'',0,2400,4,'',0,2100,4,'',0,6000,4,'',0,2000,4,'',0,2000,4,'',0,6500,4,'',0,2400,4,'',0,6200,4,'',0,2000,4,'',0,900,4,'',0,2000,4,'',0
'220.0.1',2001000,63000,,'',0,8500,,'',0,3000,,'',0,7000,,'',0,3000,,'',0,7000,,'',0,3000,,'',0,7000,,'',0,3000,,'',0,7000,,'',0,3000,,'',0,7000,,'',0,3000,,'',0,7000,,'',0,3000,,'',0,7000,,'',0,3000,,'',0,7000,,'',0,3000,,'',0,7000,,'',0,3000,,'',0,7000,,'',0,3000,,'',0,7000,,'',0,3000,,'',0,7000,,'',0,3000,,'',0,8500,,'',0,10000,,'',0,10000,,'',0,10000,,'',0
'220.0.1',2001001,70500,4,'',0,5400,4,'',0,8900,4,'',0,7200,4,'',0,3000,4,'',0,7100,4,'',0,3300,4,'',0,7300,4,'',0,3100,4,'',0,7200,4,'',0,7300,4,'',0,3200,4,'',0,7000,4,'',0,3000,4,'',0,7000,4,'',0,3000,4,'',0,7000,4,'',0,3000,4,'',0,7000,4,'',0,3000,4,'',0,7000,4,'',0,3000,4,'',0,7000,4,'',0,2500,4,'',0,2600,4,'',0,7000,4,'',0,3000,4,'',0,10000,4,'',0,9800,4,'',0,9900,4,'',0,10000,4,'',0
'220.0.2',2001000,63000,,'',0,11500,,'',0,7000,,'',0,3000,,'',0,7000,,'',0,3000,,'',0,7000,,'',0,3000,,'',0,7000,,'',0,3000,,'',0,7000,,'',0,3000,,'',0,7000,,'',0,3000,,'',0,7000,,'',0,3000,,'',0,7000,,'',0,3000,,'',0,7000,,'',0,3000,,'',0,7000,,'',0,3000,,'',0,8500,,'',0,10000,,'',0,10000,,'',0,10000,,'',0,10000,,'',0,10000,,'',0,10000,,'',0
'220.0.2',2001001,65800,4,'',0,9200,4,'',0,9000,4,'',0,7200,4,'',0,3300,4,'',0,7200,4,'',0,3200,4,'',0,7200,4,'',0,3100,4,'',0,7200,4,'',0,3000,4,'',0,7000,4,'',0,3000,4,'',0,7000,4,'',0,3200,4,'',0,7100,4,'',0,3000,4,'',0,7000,4,'',0,3000,4,'',0,6900,4,'',0,3000,4,'',0,6900,4,'',0,2900,4,'',0,10100,4,'',0,10000,4,'',0,10000,4,'',0,10000,4,'',0,10000,4,'',0,10000,4,'',0
'220.0.3',2001000,54200,,'',0,9100,,'',0,2000,,'',0,6000,,'',0,2000,,'',0,2000,,'',0,6000,,'',0,2000,,'',0,2000,,'',0,7700,,'',0,7000,,'',0,3000,,'',0,7000,,'',0,3000,,'',0,7000,,'',0,3000,,'',0,7000,,'',0,3000,,'',0,2500,,'',0,5700,,'',0,2000,,'',0,2000,,'',0,6000,,'',0,2000,,'',0,2000,,'',0,6000,,'',0,2000,,'',0,2000,,'',0,6000,,'',0,2000,,'',0,2000,,'',0,6000,,'',0,2300,,'',0,2000,,'',0,6400,,'',0,3000,,'',0,7000,,'',0,3000,,'',0,7000,,'',0
'220.0.3',2001001,61700,4,'',0,3000,4,'',0,6700,4,'',0,2300,4,'',0,2200,4,'',0,6000,4,'',0,2000,4,'',0,2000,4,'',0,5900,4,'',0,9000,4,'',0,2000,4,'',0,2400,4,'',0,7400,4,'',0,3100,4,'',0,7000,4,'',0,3000,4,'',0,7000,4,'',0,3000,4,'',0,7900,4,'',0,2100,4,'',0,6400,4,'',0,1500,4,'',0,2100,4,'',0,6000,4,'',0,2000,4,'',0,2100,4,'',0,6400,4,'',0,2500,4,'',0,6100,4,'',0,2000,4,'',0,900,4,'',0,2000,4,'',0,7000,4,'',0,2200,4,'',0,7200,4,'',0,3000,4,'',0,7000,4,'',0,3000,4,'',0,7000,4,'',0
'220.0.4',2001000,54200,,'',0,9100,,'',0,2000,,'',0,6000,,'',0,2000,,'',0,2000,,'',0,6000,,'',0,2000,,'',0,2000,,'',0,7700,,'',0,7000,,'',0,3000,,'',0,7000,,'',0,3000,,'',0,7000,,'',0,3000,,'',0,7000,,'',0,3000,,'',0,2500,,'',0,5700,,'',0,2000,,'',0,2000,,'',0,6000,,'',0,2000,,'',0,2000,,'',0,6000,,'',0,2000,,'',0,2000,,'',0,6000,,'',0,2000,,'',0,2000,,'',0,6000,,'',0,2300,,'',0,2000,,'',0,6400,,'',0,3000,,'',0,7000,,'',0,3000,,'',0,7000,,'',0
'220.0.4',2001001,61700,4,'',0,3000,4,'',0,6700,4,'',0,2300,4,'',0,2200,4,'',0,6000,4,'',0,2000,4,'',0,2000,4,'',0,5900,4,'',0,9000,4,'',0,2000,4,'',0,2400,4,'',0,7400,4,'',0,3100,4,'',0,7000,4,'',0,3000,4,'',0,7000,4,'',0,3000,4,'',0,7900,4,'',0,2100,4,'',0,6400,4,'',0,1500,4,'',0,2100,4,'',0,6000,4,'',0,2000,4,'',0,2100,4,'',0,6400,4,'',0,2500,4,'',0,6100,4,'',0,2000,4,'',0,900,4,'',0,2000,4,'',0,7000,4,'',0,2200,4,'',0,7200,4,'',0,3000,4,'',0,7000,4,'',0,3000,4,'',0,7000,4,'',0
'220.0.1',3001000,60000,,'',0,10000,,'',0,3000,,'',0,7000,,'',0,3000,,'',0,7000,,'',0,3000,,'',0,7000,,'',0,3000,,'',0,7000,,'',0,3000,,'',0,7000,,'',0,3000,,'',0,7000,,'',0,3000,,'',0,7000,,'',0,3000,,'',0,7000,,'',0,3000,,'',0,7000,,'',0,3000,,'',0,7000,,'',0,3000,,'',0,7000,,'',0,3000,,'',0,7000,,'',0,10000,,'',0,10000,,'',0,10000,,'',0,10000,,'',0,10000,,'',0
'220.0.1',3001001,63500,4,'',0,9400,4,'',0,10000,4,'',0,7600,4,'',0,3000,4,'',0,7000,4,'',0,3000,4,'',0,7400,4,'',0,3400,4,'',0,7100,4,'',0,3200,4,'',0,7400,4,'',0,3000,4,'',0,7000,4,'',0,3000,4,'',0,7000,4,'',0,3000,4,'',0,7000,4,'',0,3000,4,'',0,7000,4,'',0,3000,4,'',0,7000,4,'',0,3000,4,'',0,6800,4,'',0,2400,4,'',0,6800,4,'',0,3000,4,'',0,10000,4,'',0,9600,4,'',0,9300,4,'',0,10000,4,'',0
'220.0.2',3001000,60000,,'',0,10000,,'',0,3000,,'',0,7000,,'',0,3000,,'',0,7000,,'',0,3000,,'',0,7000,,'',0,3000,,'',0,7000,,'',0,3000,,'',0,7000,,'',0,3000,,'',0,7000,,'',0,3000,,'',0,7000,,'',0,3000,,'',0,7000,,'',0,3000,,'',0,7000,,'',0,3000,,'',0,7000,,'',0,3000,,'',0,7000,,'',0,10000,,'',0,10000,,'',0,10000,,'',0,10000,,'',0,10000,,'',0
'220.0.2',3001001,63300,4,'',0,9000,4,'',0,10000,4,'',0,3000,4,'',0,7000,4,'',0,3000,4,'',0,7500,4,'',0,7300,4,'',0,3400,4,'',0,7000,4,'',0,3100,4,'',0,7100,4,'',0,3100,4,'',0,7000,4,'',0,3000,4,'',0,7000,4,'',0,3300,4,'',0,7000,4,'',0,3000,4,'',0,7000,4,'',0,3000,4,'',0,7000,4,'',0,3000,4,'',0,6800,4,'',0,2700,4,'',0,10000,4,'',0,9400,4,'',0,10000,4,'',0,10000,4,'',0
'220.0.3',3001000,54700,,'',0,5900,,'',0,2000,,'',0,1900,,'',0,5800,,'',0,1700,,'',0,1800,,'',0,6900,,'',0,2000,,'',0,2000,,'',0,6800,,'',0,3000,,'',0,7000,,'',0,3000,,'',0,7000,,'',0,3000,,'',0,7000,,'',0,3000,,'',0,7000,,'',0,3000,,'',0,6000,,'',0,2000,,'',0,2000,,'',0,6000,,'',0,2000,,'',0,2000,,'',0,6000,,'',0,2000,,'',0,2000,,'',0,6000,,'',0,2000,,'',0,2000,,'',0,6000,,'',0,2000,,'',0,2000,,'',0,5900,,'',0,3000,,'',0,7000,,'',0,3000,,'',0,7000,,'',0,3000,,'',0,7000,,'',0,3000,,'',0,7000,,'',0,3000,,'',0,7000,,'',0
'220.0.3',3001001,60200,4,'',0,3000,4,'',0,7500,4,'',0,2500,4,'',0,2200,4,'',0,6000,4,'',0,1800,4,'',0,1900,4,'',0,6000,4,'',0,1500,4,'',0,3200,4,'',0,6000,4,'',0,2000,4,'',0,6800,4,'',0,3600,4,'',0,7000,4,'',0,3000,4,'',0,7000,4,'',0,3000,4,'',0,7000,4,'',0,3000,4,'',0,7000,4,'',0,3000,4,'',0,6100,4,'',0,2000,4,'',0,2000,4,'',0,6100,4,'',0,2700,4,'',0,2300,4,'',0,6000,4,'',0,2000,4,'',0,1800,4,'',0,5600,4,'',0,1700,4,'',0,900,4,'',0,1200,4,'',0,5900,4,'',0,3900,4,'',0,7000,4,'',0,3000,4,'',0,7000,4,'',0,3000,4,'',0,6800,4,'',0,2400,4,'',0
'220.0.4',3001000,54700,,'',0,5900,,'',0,2000,,'',0,1900,,'',0,5800,,'',0,1700,,'',0,1800,,'',0,6900,,'',0,2000,,'',0,2000,,'',0,6800,,'',0,3000,,'',0,7000,,'',0,3000,,'',0,7000,,'',0,3000,,'',0,7000,,'',0,3000,,'',0,7000,,'',0,3000,,'',0,6000,,'',0,2000,,'',0,2000,,'',0,6000,,'',0,2000,,'',0,2000,,'',0,6000,,'',0,2000,,'',0,2000,,'',0,6000,,'',0,2000,,'',0,2000,,'',0,6000,,'',0,2000,,'',0,2000,,'',0,5900,,'',0,3000,,'',0,7000,,'',0,3000,,'',0,7000,,'',0,3000,,'',0,7000,,'',0,3000,,'',0,7000,,'',0,3000,,'',0,7000,,'',0,3000,,'',0,7000,,'',0
'220.0.4',3001001,60200,4,'',0,3000,4,'',0,7500,4,'',0,2500,4,'',0,2200,4,'',0,6000,4,'',0,1800,4,'',0,1900,4,'',0,6000,4,'',0,1500,4,'',0,3200,4,'',0,6000,4,'',0,2000,4,'',0,6800,4,'',0,3600,4,'',0,7000,4,'',0,3000,4,'',0,7000,4,'',0,3000,4,'',0,7000,4,'',0,3000,4,'',0,7000,4,'',0,3000,4,'',0,6100,4,'',0,2000,4,'',0,2000,4,'',0,6100,4,'',0,2700,4,'',0,2300,4,'',0,6000,4,'',0,2000,4,'',0,1800,4,'',0,5600,4,'',0,1700,4,'',0,900,4,'',0,1200,4,'',0,5900,4,'',0,3900,4,'',0,7000,4,'',0,3000,4,'',0,7000,4,'',0,3000,4,'',0,6800,4,'',0,2400,4,'',0,7000,4,'',0,2500,4,'',0,7000,4,'',0,3000,4,'',0,7000,4,'',0,3000,4,'',0
