'190.0.1',6100,60800,,'',0,10000,,'',0,10000,,'',0,10000,,'',0,10000,,'',0,10000,,'',0,10000,,'',0,10000,,'',0,10000,,'',0,10000,,'',0,10000,,'',0,10000,,'',0,10000,,'',0,10000,,'',0,10000,,'',0,10000,,'',0,10000,,'',0,10000,,'',0
'190.0.1',6101,65300,4,'',0,10000,4,'',0,10000,4,'',0,10300,4,'',0,10000,4,'',0,10200,4,'',0,10000,4,'',0,10000,4,'',0,10000,4,'',0,10000,4,'',0,10000,4,'',0,10000,4,'',0,10000,4,'',0,9600,4,'',0,10000,4,'',0,9800,4,'',0,10000,4,'',0,10000,4,'',0
'190.0.2',6100,70800,,'',0,10000,,'',0,10000,,'',0,10000,,'',0,10000,,'',0,10000,,'',0,10000,,'',0,10000,,'',0,10000,,'',0,10000,,'',0,10000,,'',0,10000,,'',0,10000,,'',0,10000,,'',0,10000,,'',0,10000,,'',0
'190.0.2',6101,75300,4,'',0,10000,4,'',0,10000,4,'',0,10000,4,'',0,10200,4,'',0,10000,4,'',0,10300,4,'',0,10000,4,'',0,10000,4,'',0,10000,4,'',0,10000,4,'',0,9600,4,'',0,9800,4,'',0,10000,4,'',0,10000,4,'',0,10000,4,'',0
'190.0.3',6100,61100,,'',0,3000,,'',0,7000,,'',0,3000,,'',0,10000,,'',0,10000,,'',0,10000,,'',0,10000,,'',0,10000,,'',0,10000,,'',0,10000,,'',0,47000,,'',0,10000,,'',0,10000,,'',0,10000,,'',0
'190.0.3',6101,93200,4,'',0,9800,4,'',0,10000,4,'',0,10100,4,'',0,10100,4,'',0,10000,4,'',0,10000,4,'',0,10200,4,'',0,7300,4,'',0,3500,4,'',0,7000,4,'',0,2500,4,'',0,6400,4,'',0,5800,4,'',0,10000,4,'',0,9800,4,'',0,10000,4,'',0
'190.0.1',6800,55000,,'',0,10000,,'',0,10000,,'',0,10000,,'',0,10000,,'',0,10000,,'',0,10000,,'',0,10000,,'',0,10000,,'',0,10000,,'',0,10000,,'',0,10000,,'',0,10000,,'',0,10000,,'',0,10000,,'',0,10000,,'',0,10000,,'',0,10000,,'',0,10000,,'',0
'190.0.1',6801,63300,4,'',0,10000,4,'',0,10000,4,'',0,10000,4,'',0,10200,4,'',0,10100,4,'',0,10000,4,'',0,10000,4,'',0,10000,4,'',0,10000,4,'',0,10000,4,'',0,9900,4,'',0,10000,4,'',0,10000,4,'',0,9900,4,'',0,10000,4,'',0,10000,4,'',0,10000,4,'',0,10000,4,'',0
'190.0.2',6800,65000,,'',0,10000,,'',0,10000,,'',0,10000,,'',0,10000,,'',0,10000,,'',0,10000,,'',0,10000,,'',0,10000,,'',0,10000,,'',0,10000,,'',0,10000,,'',0,10000,,'',0,10000,,'',0,10000,,'',0,10000,,'',0
'190.0.2',6801,73300,4,'',0,10000,4,'',0,10000,4,'',0,10000,4,'',0,10100,4,'',0,10100,4,'',0,10100,4,'',0,10000,4,'',0,10000,4,'',0,10000,4,'',0,9900,4,'',0,10000,4,'',0,9900,4,'',0,9900,4,'',0,10000,4,'',0,10000,4,'',0
'190.0.3',6800,55500,,'',0,7000,,'',0,3000,,'',0,7000,,'',0,3000,,'',0,15600,,'',0,10000,,'',0,10000,,'',0,10000,,'',0,10000,,'',0,10000,,'',0,10000,,'',0,42900,,'',0,10000,,'',0,10000,,'',0,10000,,'',0,10000,,'',0
'190.0.3',6801,95700,4,'',0,10000,4,'',0,10000,4,'',0,10100,4,'',0,14200,4,'',0,10000,4,'',0,10000,4,'',0,4100,4,'',0,7600,4,'',0,3100,4,'',0,6900,4,'',0,2300,4,'',0,6600,4,'',0,11900,4,'',0,10000,4,'',0,10000,4,'',0,10000,4,'',0,10000,4,'',0
