'174.0.1',8300,61400,,'',0,10000,,'',0,10000,,'',0,10000,,'',0,10000,,'',0,10000,,'',0,10000,,'',0,10000,,'',0,10000,,'',0,10000,,'',0,10000,,'',0,10000,,'',0,10000,,'',0,10000,,'',0,10000,,'',0,10000,,'',0,10000,,'',0
'174.0.1',8301,64500,4,'',0,10000,4,'',0,10000,4,'',0,10000,4,'',0,10000,4,'',0,10000,4,'',0,10000,4,'',0,10000,4,'',0,10000,4,'',0,10000,4,'',0,10000,4,'',0,10000,4,'',0,10000,4,'',0,10000,4,'',0,10000,4,'',0,10000,4,'',0,10000,4,'',0
'174.0.2',8300,61900,,'',0,10000,,'',0,10000,,'',0,10000,,'',0,10000,,'',0,10000,,'',0,10000,,'',0,10000,,'',0,10000,,'',0,10000,,'',0,10000,,'',0,10000,,'',0,10000,,'',0,10000,,'',0,10000,,'',0,10000,,'',0
'174.0.2',8301,65000,4,'',0,10000,4,'',0,10000,4,'',0,10000,4,'',0,10000,4,'',0,10000,4,'',0,10000,4,'',0,10000,4,'',0,10000,4,'',0,10000,4,'',0,10000,4,'',0,10000,4,'',0,10000,4,'',0,10000,4,'',0,10000,4,'',0,10000,4,'',0
'174.0.3',8300,54800,,'',0,7000,,'',0,3000,,'',0,7000,,'',0,3000,,'',0,7000,,'',0,11000,,'',0,10000,,'',0,10000,,'',0,10000,,'',0,10000,,'',0,9800,,'',0,3000,,'',0,48700,,'',0,10000,,'',0,10000,,'',0,10000,,'',0
'174.0.3',8301,100000,4,'',0,10000,4,'',0,10000,4,'',0,10000,4,'',0,10000,4,'',0,10000,4,'',0,3000,4,'',0,8100,4,'',0,3100,4,'',0,7700,4,'',0,3200,4,'',0,6400,4,'',0,2300,4,'',0,6900,4,'',0,10800,4,'',0,10000,4,'',0,10000,4,'',0,10000,4,'',0
'174.0.4',8300,54800,,'',0,7000,,'',0,3000,,'',0,7000,,'',0,3000,,'',0,7000,,'',0,11000,,'',0,10000,,'',0,10000,,'',0,10000,,'',0,10000,,'',0,9800,,'',0,3000,,'',0,48700,,'',0,10000,,'',0,10000,,'',0,10000,,'',0,10000,,'',0,10000,,'',0,7000,,'',0
'174.0.4',8301,100000,4,'',0,10000,4,'',0,10000,4,'',0,10000,4,'',0,10000,4,'',0,10000,4,'',0,3000,4,'',0,8100,4,'',0,3100,4,'',0,7700,4,'',0,3200,4,'',0,6400,4,'',0,2300,4,'',0,6900,4,'',0,10800,4,'',0,10000,4,'',0,10000,4,'',0,10000,4,'',0,10000,4,'',0,10000,4,'',0,3000,4,'',0
'174.0.1',8500,61500,,'',0,10000,,'',0,10000,,'',0,10000,,'',0,10000,,'',0,10000,,'',0,10000,,'',0,10000,,'',0,10000,,'',0,10000,,'',0,10000,,'',0,10000,,'',0,10000,,'',0,10000,,'',0,10000,,'',0,10000,,'',0,10000,,'',0
'174.0.1',8501,63900,4,'',0,10000,4,'',0,10100,4,'',0,10100,4,'',0,10100,4,'',0,10200,4,'',0,10000,4,'',0,10000,4,'',0,10000,4,'',0,9800,4,'',0,10000,4,'',0,10000,4,'',0,9900,4,'',0,9900,4,'',0,9900,4,'',0,10000,4,'',0,10000,4,'',0
'174.0.2',8500,62000,,'',0,10000,,'',0,10000,,'',0,10000,,'',0,10000,,'',0,10000,,'',0,10000,,'',0,10000,,'',0,10000,,'',0,10000,,'',0,10000,,'',0,10000,,'',0,10000,,'',0,10000,,'',0,10000,,'',0,10000,,'',0
'174.0.2',8501,64300,4,'',0,10000,4,'',0,10100,4,'',0,10000,4,'',0,10000,4,'',0,10200,4,'',0,10000,4,'',0,10000,4,'',0,10000,4,'',0,10100,4,'',0,9800,4,'',0,10000,4,'',0,10000,4,'',0,9800,4,'',0,10000,4,'',0,10000,4,'',0
'174.0.3',8500,53200,,'',0,7000,,'',0,1500,,'',0,1500,,'',0,1500,,'',0,5500,,'',0,1500,,'',0,1400,,'',0,1500,,'',0,5500,,'',0,3200,,'',0,10000,,'',0,10000,,'',0,10000,,'',0,10000,,'',0,10000,,'',0,10000,,'',0,10000,,'',0,41500,,'',0,10000,,'',0,10000,,'',0,10000,,'',0
'174.0.3',8501,85700,4,'',0,10100,4,'',0,10100,4,'',0,14100,4,'',0,10000,4,'',0,10000,4,'',0,10000,4,'',0,10000,4,'',0,1300,4,'',0,1600,4,'',0,1500,4,'',0,6100,4,'',0,1500,4,'',0,2000,4,'',0,1500,4,'',0,5500,4,'',0,700,4,'',0,2200,4,'',0,7000,4,'',0,10600,4,'',0,10000,4,'',0,10000,4,'',0,10000,4,'',0
'174.0.4',8500,53200,,'',0,7000,,'',0,1500,,'',0,1500,,'',0,1500,,'',0,5500,,'',0,1500,,'',0,1400,,'',0,1500,,'',0,5500,,'',0,3200,,'',0,10000,,'',0,10000,,'',0,10000,,'',0,10000,,'',0,10000,,'',0,10000,,'',0,10000,,'',0,41500,,'',0,10000,,'',0,10000,,'',0,10000,,'',0,10000,,'',0,10000,,'',0,7000,,'',0
'174.0.4',8501,85700,4,'',0,10100,4,'',0,10100,4,'',0,14100,4,'',0,10000,4,'',0,10000,4,'',0,10000,4,'',0,10000,4,'',0,1300,4,'',0,1600,4,'',0,1500,4,'',0,6100,4,'',0,1500,4,'',0,2000,4,'',0,1500,4,'',0,5500,4,'',0,700,4,'',0,2200,4,'',0,7000,4,'',0,10600,4,'',0,10000,4,'',0,10000,4,'',0,10000,4,'',0,10000,4,'',0,10000,4,'',0,3000,4,'',0
'174.0.1',8600,61200,,'',0,10000,,'',0,10000,,'',0,10000,,'',0,10000,,'',0,10000,,'',0,10000,,'',0,10000,,'',0,10000,,'',0,10000,,'',0,10000,,'',0,10100,,'',0,10000,,'',0,10000,,'',0,10000,,'',0,10000,,'',0,10000,,'',0
'174.0.1',8601,64800,4,'',0,10000,4,'',0,10000,4,'',0,10200,4,'',0,10000,4,'',0,10000,4,'',0,10000,4,'',0,10100,4,'',0,10000,4,'',0,10000,4,'',0,9800,4,'',0,10000,4,'',0,10000,4,'',0,10000,4,'',0,10000,4,'',0,10000,4,'',0,10000,4,'',0
'174.0.2',8600,61800,,'',0,10000,,'',0,10000,,'',0,10000,,'',0,10000,,'',0,10000,,'',0,10000,,'',0,10000,,'',0,10000,,'',0,10000,,'',0,10000,,'',0,10000,,'',0,10000,,'',0,10000,,'',0,10000,,'',0,10000,,'',0
'174.0.2',8601,65400,4,'',0,10000,4,'',0,10000,4,'',0,10100,4,'',0,10000,4,'',0,10000,4,'',0,10000,4,'',0,10000,4,'',0,9900,4,'',0,10000,4,'',0,10000,4,'',0,10000,4,'',0,10000,4,'',0,10000,4,'',0,10000,4,'',0,10000,4,'',0
'174.0.3',8600,53200,,'',0,2700,,'',0,7000,,'',0,2900,,'',0,6900,,'',0,2800,,'',0,6500,,'',0,10000,,'',0,10000,,'',0,10000,,'',0,10000,,'',0,10000,,'',0,10000,,'',0,10000,,'',0,42000,,'',0,10000,,'',0,10000,,'',0,10000,,'',0
'174.0.3',8601,85800,4,'',0,10000,4,'',0,10000,4,'',0,10000,4,'',0,10000,4,'',0,10000,4,'',0,10000,4,'',0,14500,4,'',0,3100,4,'',0,7500,4,'',0,3400,4,'',0,6700,4,'',0,2200,4,'',0,2500,4,'',0,16000,4,'',0,10000,4,'',0,10000,4,'',0,10000,4,'',0
'174.0.4',8600,53200,,'',0,2700,,'',0,7000,,'',0,2900,,'',0,6900,,'',0,2800,,'',0,6500,,'',0,10000,,'',0,10000,,'',0,10000,,'',0,10000,,'',0,10000,,'',0,10000,,'',0,10000,,'',0,42000,,'',0,10000,,'',0,10000,,'',0,10000,,'',0,10000,,'',0,10000,,'',0,7000,,'',0
'174.0.4',8601,85800,4,'',0,10000,4,'',0,10000,4,'',0,10000,4,'',0,10000,4,'',0,10000,4,'',0,10000,4,'',0,14500,4,'',0,3100,4,'',0,7500,4,'',0,3400,4,'',0,6700,4,'',0,2200,4,'',0,2500,4,'',0,16000,4,'',0,10000,4,'',0,10000,4,'',0,10000,4,'',0,10000,4,'',0,10000,4,'',0,3000,4,'',0
