'174.0.1',6500,61300,4,'',0,10000,4,'',0,10000,4,'',0,10000,4,'',0,10000,4,'',0,10000,4,'',0,10000,4,'',0,10000,4,'',0,10000,4,'',0,10000,4,'',0,10000,4,'',0,10000,4,'',0,10000,4,'',0,10000,4,'',0,10000,4,'',0,10000,4,'',0,10000,4,'',0
'174.0.1',6501,61300,,'',0,10000,,'',0,10000,,'',0,10000,,'',0,10000,,'',0,10000,,'',0,10000,,'',0,10000,,'',0,10000,,'',0,10000,,'',0,10000,,'',0,10000,,'',0,10000,,'',0,10000,,'',0,10000,,'',0,10000,,'',0,10000,,'',0
'174.0.2',6500,71300,4,'',0,10000,4,'',0,10000,4,'',0,10000,4,'',0,10000,4,'',0,10000,4,'',0,10000,4,'',0,10000,4,'',0,10000,4,'',0,10000,4,'',0,10000,4,'',0,10000,4,'',0,10000,4,'',0,10000,4,'',0,10000,4,'',0,10000,4,'',0
'174.0.2',6501,71300,,'',0,10000,,'',0,10000,,'',0,10000,,'',0,10000,,'',0,10000,,'',0,10000,,'',0,10000,,'',0,10000,,'',0,10000,,'',0,10000,,'',0,10000,,'',0,10000,,'',0,10000,,'',0,10000,,'',0,10000,,'',0
'174.0.3',6500,60400,4,'',0,3000,4,'',0,7000,4,'',0,3000,4,'',0,7000,4,'',0,13500,4,'',0,10000,4,'',0,10000,4,'',0,10000,4,'',0,10100,4,'',0,10000,4,'',0,41800,4,'',0,10000,4,'',0,10000,4,'',0,10000,4,'',0,10000,4,'',0
'174.0.3',6501,93900,,'',0,10000,,'',0,10000,,'',0,10000,,'',0,10100,,'',0,10000,,'',0,17000,,'',0,3700,,'',0,7200,,'',0,3800,,'',0,5300,,'',0,4800,,'',0,10000,,'',0,10000,,'',0,10000,,'',0,10000,,'',0
'174.0.4',6500,60400,4,'',0,3000,4,'',0,7000,4,'',0,3000,4,'',0,7000,4,'',0,13500,4,'',0,10000,4,'',0,10000,4,'',0,10000,4,'',0,10100,4,'',0,10000,4,'',0,41800,4,'',0,10000,4,'',0,10000,4,'',0,10000,4,'',0,10000,4,'',0,10000,4,'',0,10000,4,'',0,10000,4,'',0
'174.0.4',6501,93900,,'',0,10000,,'',0,10000,,'',0,10000,,'',0,10100,,'',0,10000,,'',0,17000,,'',0,3700,,'',0,7200,,'',0,3800,,'',0,5300,,'',0,4800,,'',0,10000,,'',0,10000,,'',0,10000,,'',0,10000,,'',0,10000,,'',0,10000,,'',0,10000,,'',0
'174.0.3',16500,161000,4,'',0,3700,4,'',0,7200,4,'',0,3800,4,'',0,5300,4,'',0
'174.0.3',16501,60400,,'',0,3000,,'',0,7000,,'',0,3000,,'',0,7000,,'',0
'174.0.4',16500,161000,4,'',0,3700,4,'',0,7200,4,'',0,3800,4,'',0,5300,4,'',0
'174.0.4',16501,60400,,'',0,3000,,'',0,7000,,'',0,3000,,'',0,7000,,'',0
