'171.0.1',8600,63000,4,'',0,10000,4,'',0,10000,4,'',0,10000,4,'',0,10000,4,'',0,10000,4,'',0,10000,4,'',0,10100,4,'',0,10000,4,'',0,10000,4,'',0,10000,4,'',0,10000,4,'',0,10000,4,'',0,10000,4,'',0,10000,4,'',0,10000,4,'',0,10000,4,'',0
'171.0.1',8601,63200,,'',0,10000,,'',0,10000,,'',0,10000,,'',0,10000,,'',0,10000,,'',0,10000,,'',0,10100,,'',0,10000,,'',0,10000,,'',0,10000,,'',0,10000,,'',0,10000,,'',0,10000,,'',0,10000,,'',0,10000,,'',0,10000,,'',0
'171.0.2',8600,63600,4,'',0,10000,4,'',0,10000,4,'',0,10000,4,'',0,10000,4,'',0,10000,4,'',0,10000,4,'',0,10000,4,'',0,10000,4,'',0,10000,4,'',0,10000,4,'',0,10000,4,'',0,10000,4,'',0,10000,4,'',0,10000,4,'',0,10000,4,'',0
'171.0.2',8601,63800,,'',0,10000,,'',0,10000,,'',0,10000,,'',0,10000,,'',0,10000,,'',0,10000,,'',0,10000,,'',0,10000,,'',0,10000,,'',0,10000,,'',0,10000,,'',0,10000,,'',0,10000,,'',0,10000,,'',0,10000,,'',0
'171.0.3',8600,54600,4,'',0,7000,4,'',0,3000,4,'',0,6900,4,'',0,2900,4,'',0,6900,4,'',0,2600,4,'',0,10000,4,'',0,10000,4,'',0,10000,4,'',0,10000,4,'',0,10000,4,'',0,10000,4,'',0,10300,4,'',0,41600,4,'',0,10000,4,'',0,10000,4,'',0,10000,4,'',0
'171.0.3',8601,84100,,'',0,10000,,'',0,10000,,'',0,10000,,'',0,10000,,'',0,10000,,'',0,10000,,'',0,10300,,'',0,7100,,'',0,3500,,'',0,7400,,'',0,2900,,'',0,6200,,'',0,2500,,'',0,16000,,'',0,10000,,'',0,10000,,'',0,10000,,'',0
'171.0.3',18600,161400,4,'',0,3500,4,'',0,7400,4,'',0,9100,4,'',0,2600,4,'',0
'171.0.3',18601,54800,,'',0,7000,,'',0,3000,,'',0,6900,,'',0,2900,,'',0,7000,,'',0
'171.1141.3',18600,175200,4,'',0
'171.1143.3',18600,175200,4,'',0
