501,'236.0.1',611,,1559,12,,,0,20,,1560,12,,,0,20,,1561,12,,,0,60,,1562,12,,,0,20,,1563,12,,,0,20,,1564,12,,,0,60,,1565,12,,,0,20,,1566,12,,,0,20,,1567,12,,,0,60,,1568,12,,,0,20,,1569,12,,,0,20,,1570,12,,,0,64,,1571,12,,,0,20,,1572,12,,,0,20,,1573,12,,,0,60,,1574,12,,,0,20,,1575,12,,,0,20,,1576,12,,,0,60,,1577,12,,,0,20,,1578,12,,,0,20,,1579,12,,,0,60,,1580,12,,,0,20,,1581,12,,,0,20,,1582,12,,,0,60,,1583,12,,,0,20,,1584,12,,,0,20,,1585,12,,,0,60,,1586,12,,,0,20,,1587,12,,,0,20,,1588,12,,,0,59,,1589,12,,,0,20,,1590,12,,,0,20,,1591,12,,,0,60,,1592,12,,,0,20,,1593,12,,,0,20,,1594,12,,,0,60,,1595,12,,,0,20,,1596,12,,,0,20,,1597,12,,,0,60,,1598,12,,,0,20,,1599,12,,,0,20,,1600,12,,,0,57,,1601,12,,,0,20,,1602,12,,,0,20,,1603,12,,,0,60,,1604,12,,,0,20,,1605,12,,,0,20,,1606,12,,,0,60,,1607,12,,,0,30,,1608,12,,,0,70,,1609,12,,,0,30,,1610,12,,,0,70,,1611,12,,,0,30,,1612,12,,,0
501,'236.0.2',611,,1613,12,,,0,30,,1614,12,,,0,70,,1615,12,,,0,30,,1616,12,,,0,70,,1617,12,,,0,30,,1618,12,,,0,70,,1619,12,,,0,30,,1620,12,,,0,70,,1621,12,,,0,33,,1622,12,,,0,69,,1623,12,,,0,30,,1624,12,,,0,70,,1625,12,,,0,31,,1626,12,,,0,68,,1627,12,,,0,30,,1628,12,,,0,70,,1629,12,,,0,30,,1630,12,,,0,71,,1631,12,,,0,30,,1632,12,,,0,70,,1633,12,,,0,30,,1634,12,,,0,70,,1635,12,,,0,30,,1636,12,,,0,70,,1637,12,,,0,30,,1638,12,,,0,70,,1639,12,,,0,30,,1640,12,,,0,70,,1641,12,,,0,30,,1642,12,,,0,70,,1643,12,,,0,27,,1644,12,,,0,70,,1645,12,,,0,30,,1646,12,,,0,70,,1647,12,,,0,30,,1648,12,,,0
501,'236.0.3',513,,1649,12,,,0,30,,1650,12,,,0,70,,1651,12,,,0,15,,1652,12,,,0,15,,1653,12,,,0,15,,1654,12,,,0,55,,1655,12,,,0,22,,1656,12,,,0,15,,1657,12,,,0,55,,1658,12,,,0,15,,1659,12,,,0,15,,1660,12,,,0,15,,1661,12,,,0,52,,1662,12,,,0,13,,1663,12,,,0,15,,1664,12,,,0,15,,1665,12,,,0,55,,1666,12,,,0,15,,1667,12,,,0,15,,1668,12,,,0,15,,1669,12,,,0,55,,1670,12,,,0,15,,1671,12,,,0,15,,1672,12,,,0,15,,1673,12,,,0,55,,1674,12,,,0,15,,1675,12,,,0,15,,1676,12,,,0,15,,1677,12,,,0,55,,1678,12,,,0,15,,1679,12,,,0,15,,1680,12,,,0,15,,1681,12,,,0,55,,1682,12,,,0,15,,1683,12,,,0,15,,1684,12,,,0,15,,1685,12,,,0,55,,1686,12,,,0,15,,1687,12,,,0,15,,1688,12,,,0,15,,1689,12,,,0,55,,1690,12,,,0,15,,1691,12,,,0,15,,1692,12,,,0,15,,1693,12,,,0,55,,1694,12,,,0,15,,1695,12,,,0,15,,1696,12,,,0,15,,1697,12,,,0,55,,1698,12,,,0,15,,1699,12,,,0,14,,1700,12,,,0,12,,1701,12,,,0,60,,1702,12,,,0,20,,1703,12,,,0,20,,1704,12,,,0,60,,1705,12,,,0,20,,1706,12,,,0,20,,1707,12,,,0,60,,1708,12,,,0,20,,1709,12,,,0,20,,1710,12,,,0,60,,1711,12,,,0,30,,1712,12,,,0,70,,1713,12,,,0,30,,1714,12,,,0,70,,1715,12,,,0,30,,1716,12,,,0
1000600,'236.0.3',530,,6503,13,,,0,70,,6504,13,,,0,30,,6505,13,,,0,70,,6506,13,,,0,31,,6507,13,,,0,70,,6508,13,,,0,30,,6509,13,,,0,70,,6510,13,,,0,30,,6511,13,,,0,17,,6512,13,,,0,70,,6513,13,,,0,30,,6514,13,,,0,70,,6515,13,,,0,30,,6516,13,,,0,70,,6517,13,,,0,30,,6518,13,,,0,70,,6519,13,,,0,30,,6520,13,,,0,70,,6521,13,,,0,30,,6522,13,,,0,70,,6523,13,,,0,15,,6524,13,,,0,70,,6525,13,,,0,30,,6526,13,,,0,69,,6527,13,,,0,30,,6528,13,,,0,69,,6529,13,,,0,30,,6530,13,,,0
2000600,'236.0.1',550,,7471,41,,,0,100,,7472,41,,,0,100,,7473,41,,,0,100,,7474,41,,,0,100,,7475,41,,,0,103,,7476,41,,,0,100,,7477,41,,,0,102,,7478,41,,,0,100,,7479,41,,,0,100,,7480,41,,,0,100,,7481,41,,,0,98,,7482,41,,,0,100,,7483,41,,,0,99,,7484,41,,,0,98,,7485,41,,,0,100,,7486,41,,,0,100,,7487,41,,,0,97,,7488,41,,,0,100,,7489,41,,,0,100,,7490,41,,,0
2000600,'236.0.2',545,,7491,41,,,0,103,,7492,41,,,0,100,,7493,41,,,0,100,,7494,41,,,0,100,,7495,41,,,0,102,,7496,41,,,0,101,,7497,41,,,0,100,,7498,41,,,0,101,,7499,41,,,0,100,,7500,41,,,0,99,,7501,41,,,0,100,,7502,41,,,0,100,,7503,41,,,0,100,,7504,41,,,0,100,,7505,41,,,0,98,,7506,41,,,0,100,,7507,41,,,0,97,,7508,41,,,0,100,,7509,41,,,0,100,,7510,41,,,0
2000600,'236.0.3',558,,7511,41,,,0,51,,7512,41,,,0,26,,7513,43,,,0,71,,7514,43,,,0,32,,7515,43,,,0,72,,7516,43,,,0,29,,7517,43,,,0,70,,7518,43,,,0,30,,7519,43,,,0,65,,7520,43,,,0,100,,7521,43,,,0,100,,7522,43,,,0,101,,7523,43,,,0,100,,7524,43,,,0,100,,7525,43,,,0,105,,7526,43,,,0,30,,7527,43,,,0,68,,7528,43,,,0,30,,7529,43,,,0,69,,7530,43,,,0,29,,7531,43,,,0,69,,7532,43,,,0,96,,7533,43,,,0,100,,7534,43,,,0,58,,7535,41,,,0,97,,7536,41,,,0,100,,7537,41,,,0,100,,7538,41,,,0
3000600,'236.0.1',621,,8486,41,,,0,103,,8487,41,,,0,100,,8488,41,,,0,102,,8489,41,,,0,101,,8490,41,,,0,101,,8491,41,,,0,100,,8492,41,,,0,102,,8493,41,,,0,100,,8494,41,,,0,100,,8495,41,,,0,98,,8496,41,,,0,100,,8497,41,,,0,99,,8498,41,,,0,100,,8499,41,,,0,98,,8500,41,,,0,98,,8501,41,,,0,99,,8502,41,,,0,100,,8503,41,,,0,100,,8504,41,,,0,100,,8505,41,,,0
3000600,'236.0.2',620,,8506,41,,,0,103,,8507,41,,,0,100,,8508,41,,,0,100,,8509,41,,,0,100,,8510,41,,,0,102,,8511,41,,,0,102,,8512,41,,,0,101,,8513,41,,,0,100,,8514,41,,,0,100,,8515,41,,,0,98,,8516,41,,,0,100,,8517,41,,,0,100,,8518,41,,,0,100,,8519,41,,,0,100,,8520,41,,,0,98,,8521,41,,,0,98,,8522,41,,,0,100,,8523,41,,,0,100,,8524,41,,,0,100,,8525,41,,,0
3000600,'236.0.3',624,,8526,43,,,0,30,,8527,43,,,0,70,,8528,43,,,0,30,,8529,43,,,0,70,,8530,43,,,0,30,,8531,43,,,0,73,,8532,43,,,0,30,,8533,43,,,0,81,,8534,43,,,0,100,,8535,43,,,0,100,,8536,43,,,0,101,,8537,43,,,0,100,,8538,43,,,0,100,,8539,43,,,0,90,,8540,43,,,0,28,,8541,43,,,0,70,,8542,43,,,0,30,,8543,43,,,0,68,,8544,43,,,0,27,,8545,43,,,0,69,,8546,43,,,0,116,,8547,43,,,0,100,,8548,43,,,0,100,,8549,43,,,0,95,,8550,41,,,0,100,,8551,41,,,0,100,,8552,41,,,0
