5801,'220.0.1',612,,5571,,,0,100,,5572,,,0,100,,5573,,,0,100,,5574,,,0,100,,5575,,,0,100,,5576,,,0,100,,5577,,,0,100,,5578,,,0,100,,5579,,,0,100,,5580,,,0,100,,5581,,,0,100,,5582,,,0,100,,5583,,,0,100,,5584,,,0,100,,5585,,,0,100,,5586,,,0,100,,5587,,,0
5801,'220.0.2',712,,5588,,,0,100,,5589,,,0,100,,5590,,,0,100,,5591,,,0,100,,5592,,,0,100,,5593,,,0,100,,5594,,,0,100,,5595,,,0,100,,5596,,,0,100,,5597,,,0,100,,5598,,,0,100,,5599,,,0,100,,5600,,,0,100,,5601,,,0,100,,5602,,,0,100,,5603,,,0
5801,'220.0.3',607,,5604,,,0,30,,5605,,,0,280,,5606,,,0,100,,5607,,,0,100,,5608,,,0,100,,5609,,,0,100,,5610,,,0,100,,5611,,,0,100,,5612,,,0,30,,5613,,,0,70,,5614,,,0,30,,5615,,,0,70,,5616,,,0,100,,5617,,,0,100,,5618,,,0,100,,5619,,,0,100,,5620,,,0,100,,5621,,,0,100,,5622,,,0
5801,'220.0.4',607,,5623,,,0,30,,5624,,,0,280,,5625,,,0,100,,5626,,,0,100,,5627,,,0,100,,5628,,,0,100,,5629,,,0,100,,5630,,,0,100,,5631,,,0,30,,5632,,,0,70,,5633,,,0,30,,5634,,,0,70,,5635,,,0,100,,5636,,,0,100,,5637,,,0,100,,5638,,,0,100,,5639,,,0,100,,5640,,,0,100,,5641,,,0,100,,5642,,,0,100,,5643,,,0
7200,'220.0.1',609,,6865,,,0,30,,6866,,,0,70,,6867,,,0,30,,6868,,,0,70,,6869,,,0,30,,6870,,,0,70,,6871,,,0,30,,6872,,,0,70,,6873,,,0,31,,6874,,,0,70,,6875,,,0,30,,6876,,,0,70,,6877,,,0,30,,6878,,,0,70,,6879,,,0,30,,6880,,,0,70,,6881,,,0,30,,6882,,,0,70,,6883,,,0,30,,6884,,,0,70,,6885,,,0,30,,6886,,,0,70,,6887,,,0,29,,6888,,,0,70,,6889,,,0,100,,6890,,,0,100,,6891,,,0,100,,6892,,,0,100,,6893,,,0,100,,6894,,,0
7200,'220.0.2',709,,6895,,,0,100,,6896,,,0,100,,6897,,,0,100,,6898,,,0,101,,6899,,,0,100,,6900,,,0,100,,6901,,,0,100,,6902,,,0,100,,6903,,,0,100,,6904,,,0,100,,6905,,,0,100,,6906,,,0,99,,6907,,,0,100,,6908,,,0,100,,6909,,,0,100,,6910,,,0
7200,'220.0.3',609,,6911,,,0,30,,6912,,,0,70,,6913,,,0,30,,6914,,,0,70,,6915,,,0,30,,6916,,,0,70,,6917,,,0,30,,6918,,,0,70,,6919,,,0,30,,6920,,,0,70,,6921,,,0,30,,6922,,,0,70,,6923,,,0,30,,6924,,,0,70,,6925,,,0,30,,6926,,,0,70,,6927,,,0,30,,6928,,,0,70,,6929,,,0,30,,6930,,,0,70,,6931,,,0,30,,6932,,,0,70,,6933,,,0,30,,6934,,,0,69,,6935,,,0,30,,6936,,,0,70,,6937,,,0,100,,6938,,,0,100,,6939,,,0,100,,6940,,,0,100,,6941,,,0
7200,'220.0.4',609,,6942,,,0,30,,6943,,,0,70,,6944,,,0,30,,6945,,,0,70,,6946,,,0,30,,6947,,,0,70,,6948,,,0,30,,6949,,,0,70,,6950,,,0,30,,6951,,,0,70,,6952,,,0,30,,6953,,,0,70,,6954,,,0,30,,6955,,,0,70,,6956,,,0,30,,6957,,,0,70,,6958,,,0,30,,6959,,,0,70,,6960,,,0,30,,6961,,,0,70,,6962,,,0,30,,6963,,,0,70,,6964,,,0,30,,6965,,,0,69,,6966,,,0,30,,6967,,,0,70,,6968,,,0,100,,6969,,,0,100,,6970,,,0,100,,6971,,,0,100,,6972,,,0,100,,6973,,,0
15801,'220.0.3',707,,8909,,,0,30,,8912,,,0,70,,8910,,,0,30,,8911,,,0
15801,'220.0.4',707,,8913,,,0,30,,8916,,,0,70,,8914,,,0,30,,8915,,,0
