5400,'220.0.1',603,,4903,,,0,100,,4904,,,0,100,,4905,,,0,100,,4906,,,0,100,,4907,,,0,100,,4908,,,0,100,,4909,,,0,100,,4910,,,0,100,,4911,,,0,100,,4912,,,0,100,,4913,,,0,100,,4914,,,0,100,,4915,,,0,100,,4916,,,0,100,,4917,,,0,100,,4918,,,0,100,,4919,,,0
5400,'220.0.2',803,,4920,,,0,100,,4921,,,0,100,,4922,,,0,100,,4923,,,0,100,,4924,,,0,100,,4925,,,0,100,,4926,,,0,100,,4927,,,0,100,,4928,,,0,100,,4929,,,0,100,,4930,,,0,100,,4931,,,0,100,,4932,,,0,100,,4933,,,0
5400,'220.0.3',605,,4934,,,0,28,,4935,,,0,70,,4936,,,0,28,,4937,,,0,70,,4938,,,0,31,,4939,,,0,75,,4940,,,0,100,,4941,,,0,100,,4942,,,0,101,,4943,,,0,100,,4944,,,0,100,,4945,,,0,100,,4946,,,0,30,,4947,,,0,70,,4948,,,0,29,,4949,,,0,70,,4950,,,0,29,,4951,,,0,71,,4952,,,0,30,,4953,,,0,70,,4954,,,0,30,,4955,,,0,70,,4956,,,0,100,,4957,,,0
5400,'220.0.4',605,,4958,,,0,28,,4959,,,0,70,,4960,,,0,28,,4961,,,0,70,,4962,,,0,31,,4963,,,0,75,,4964,,,0,100,,4965,,,0,100,,4966,,,0,101,,4967,,,0,100,,4968,,,0,100,,4969,,,0,100,,4970,,,0,30,,4971,,,0,70,,4972,,,0,29,,4973,,,0,70,,4974,,,0,29,,4975,,,0,71,,4976,,,0,30,,4977,,,0,70,,4978,,,0,30,,4979,,,0,70,,4980,,,0,100,,4981,,,0,100,,4982,,,0,100,,4983,,,0,100,,4984,,,0,100,,4985,,,0
5500,'220.0.1',733,,5069,,,0,100,,5070,,,0,100,,5071,,,0,100,,5072,,,0,100,,5073,,,0,100,,5074,,,0,100,,5075,,,0,100,,5076,,,0,100,,5077,,,0,100,,5078,,,0,100,,5079,,,0,100,,5080,,,0,100,,5081,,,0,100,,5082,,,0,100,,5083,,,0
5500,'220.0.2',733,,5084,,,0,100,,5085,,,0,100,,5086,,,0,100,,5087,,,0,100,,5088,,,0,100,,5089,,,0,100,,5090,,,0,100,,5091,,,0,100,,5092,,,0,100,,5093,,,0,100,,5094,,,0,100,,5095,,,0,100,,5096,,,0,100,,5097,,,0,100,,5098,,,0
5500,'220.0.3',622,,5099,,,0,30,,5117,,,0,70,,5100,,,0,30,,5101,,,0,100,,5102,,,0,85,,5103,,,0,100,,5104,,,0,100,,5105,,,0,101,,5106,,,0,100,,5107,,,0,100,,5108,,,0,85,,5109,,,0,100,,5110,,,0,35,,5118,,,0,70,,5111,,,0,24,,5112,,,0,75,,5113,,,0,100,,5114,,,0,110,,5115,,,0,100,,5116,,,0
5500,'220.0.4',622,,5119,,,0,30,,5137,,,0,70,,5120,,,0,30,,5121,,,0,100,,5122,,,0,85,,5123,,,0,100,,5124,,,0,100,,5125,,,0,101,,5126,,,0,100,,5127,,,0,100,,5128,,,0,85,,5129,,,0,100,,5130,,,0,35,,5138,,,0,70,,5131,,,0,24,,5132,,,0,75,,5133,,,0,100,,5134,,,0,110,,5135,,,0,100,,5136,,,0,100,,5139,,,0,100,,5140,,,0,100,,5141,,,0,100,,5142,,,0
6200,'220.0.1',706,,5948,,,0,100,,5949,,,0,100,,5950,,,0,100,,5951,,,0,100,,5952,,,0,100,,5953,,,0,100,,5954,,,0,100,,5955,,,0,100,,5956,,,0,100,,5957,,,0,100,,5958,,,0,100,,5959,,,0,100,,5960,,,0,100,,5961,,,0,100,,5962,,,0,100,,5963,,,0
6200,'220.0.2',706,,5964,,,0,100,,5965,,,0,100,,5966,,,0,100,,5967,,,0,100,,5968,,,0,100,,5969,,,0,100,,5970,,,0,100,,5971,,,0,100,,5972,,,0,100,,5973,,,0,100,,5974,,,0,100,,5975,,,0,100,,5976,,,0,100,,5977,,,0,100,,5978,,,0,100,,5979,,,0
6200,'220.0.3',615,,5980,,,0,30,,5981,,,0,70,,5982,,,0,30,,5983,,,0,70,,5984,,,0,30,,5985,,,0,70,,5986,,,0,100,,5987,,,0,100,,5988,,,0,100,,5989,,,0,100,,5990,,,0,100,,5991,,,0,101,,5992,,,0,30,,5993,,,0,70,,5994,,,0,30,,5995,,,0,70,,5996,,,0,30,,5997,,,0,69,,5998,,,0,30,,5999,,,0,100,,6000,,,0,100,,6001,,,0,100,,6002,,,0,100,,6003,,,0
6200,'220.0.4',615,,6004,,,0,30,,6005,,,0,70,,6006,,,0,30,,6007,,,0,70,,6008,,,0,30,,6009,,,0,70,,6010,,,0,100,,6011,,,0,100,,6012,,,0,100,,6013,,,0,100,,6014,,,0,100,,6015,,,0,101,,6016,,,0,30,,6017,,,0,70,,6018,,,0,30,,6019,,,0,70,,6020,,,0,30,,6021,,,0,69,,6022,,,0,30,,6023,,,0,100,,6024,,,0,100,,6025,,,0,100,,6026,,,0,100,,6027,,,0,100,,6028,,,0,100,,6029,,,0,100,,6030,,,0
