2401,'236.0.1',638,,2451,46,,,0,70,,2452,46,,,0,30,,2453,46,,,0,70,,2454,46,,,0,30,,2455,46,,,0,70,,2456,46,,,0,30,,2457,46,,,0,71,,2458,46,,,0,37,,2459,46,,,0,71,,2460,46,,,0,30,,2461,46,,,0,71,,2462,46,,,0,32,,2463,46,,,0,70,,2464,46,,,0,30,,2465,46,,,0,70,,2466,46,,,0,30,,2467,46,,,0,70,,2468,46,,,0,28,,2469,46,,,0,70,,2470,46,,,0,30,,2471,46,,,0,70,,2472,46,,,0,30,,2473,46,,,0,70,,2474,46,,,0,30,,2475,46,,,0,67,,2476,46,,,0,27,,2477,46,,,0,70,,2478,46,,,0,30,,2479,46,,,0,68,,2480,46,,,0,28,,2481,46,,,0,70,,2482,46,,,0,30,,2483,46,,,0,70,,2484,46,,,0,30,,2485,46,,,0,70,,2486,46,,,0
2401,'236.0.2',636,,2487,46,,,0,70,,2488,46,,,0,30,,2489,46,,,0,70,,2490,46,,,0,30,,2491,46,,,0,70,,2492,46,,,0,30,,2493,46,,,0,72,,2494,46,,,0,36,,2495,46,,,0,70,,2496,46,,,0,30,,2497,46,,,0,70,,2498,46,,,0,30,,2499,46,,,0,70,,2500,46,,,0,31,,2501,46,,,0,70,,2502,46,,,0,30,,2503,46,,,0,70,,2504,46,,,0,30,,2505,46,,,0,70,,2506,46,,,0,30,,2507,46,,,0,70,,2508,46,,,0,30,,2509,46,,,0,70,,2510,46,,,0,30,,2511,46,,,0,68,,2512,46,,,0,28,,2513,46,,,0,69,,2514,46,,,0,28,,2515,46,,,0,70,,2516,46,,,0,30,,2517,46,,,0,70,,2518,46,,,0,30,,2519,46,,,0,70,,2520,46,,,0,30,,2521,46,,,0,70,,2522,46,,,0
2401,'236.0.3',715,,2523,46,,,0,30,,2524,46,,,0,74,,2525,46,,,0,31,,2526,46,,,0,70,,2527,46,,,0,30,,2528,46,,,0,65,,2529,46,,,0,30,,2530,46,,,0,70,,2531,46,,,0,31,,2532,46,,,0,71,,2533,46,,,0,30,,2534,46,,,0,70,,2535,46,,,0,30,,2536,46,,,0,70,,2537,46,,,0,33,,2538,46,,,0,71,,2539,46,,,0,79,,2540,46,,,0,30,,2541,46,,,0,70,,2542,46,,,0,29,,2543,46,,,0,22,,2544,46,,,0,68,,2545,46,,,0,30,,2546,46,,,0,66,,2547,46,,,0,28,,2548,46,,,0,66,,2549,46,,,0,30,,2550,46,,,0,70,,2551,46,,,0,30,,2552,46,,,0,70,,2553,46,,,0,30,,2554,46,,,0,70,,2555,46,,,0,30,,2556,46,,,0,70,,2557,46,,,0,30,,2558,46,,,0
12701,'236.0.3',1608,,6061,16,,,0,17,,6062,16,,,0,16,,6063,16,,,0,81,,6064,16,,,0,15,,6065,16,,,0,14,,6066,16,,,0,55,,6067,16,,,0
12701,'236.1141.3',1651,,6068,16,,,0,57,,6069,16,,,0
12701,'236.1143.3',1651,,6070,16,,,0,57,,6071,16,,,0
1000900,'236.0.1',710,,6883,31,,,0,100,,6884,31,,,0,100,,6885,31,,,0,101,,6886,31,,,0,100,,6887,31,,,0,96,,6888,31,,,0,103,,6889,31,,,0,100,,6890,31,,,0,100,,6891,31,,,0,100,,6892,31,,,0,100,,6893,31,,,0,100,,6894,31,,,0,100,,6895,31,,,0,100,,6896,31,,,0,100,,6897,31,,,0,100,,6898,31,,,0,100,,6899,31,,,0,100,,6900,31,,,0
1000900,'236.0.2',709,,6901,31,,,0,96,,6902,31,,,0,100,,6903,31,,,0,100,,6904,31,,,0,107,,6905,31,,,0,100,,6906,31,,,0,100,,6907,31,,,0,100,,6908,31,,,0,100,,6909,31,,,0,100,,6910,31,,,0,100,,6911,31,,,0,100,,6912,31,,,0,100,,6913,31,,,0,100,,6914,31,,,0,97,,6915,31,,,0,100,,6916,31,,,0,100,,6917,31,,,0,100,,6918,31,,,0
1000900,'236.0.3',624,,6919,31,,,0,30,,6920,31,,,0,70,,6921,31,,,0,32,,6922,31,,,0,72,,6923,31,,,0,29,,6924,31,,,0,52,,6925,31,,,0,15,,6926,31,,,0,30,,6927,31,,,0,55,,6928,31,,,0,15,,6929,31,,,0,30,,6930,31,,,0,58,,6931,31,,,0,13,,6932,31,,,0,27,,6933,31,,,0,55,,6934,31,,,0,15,,6935,31,,,0,30,,6936,31,,,0,55,,6937,31,,,0,15,,6938,31,,,0,30,,6939,31,,,0,55,,6940,31,,,0,15,,6941,31,,,0,30,,6942,31,,,0,68,,6943,31,,,0,25,,6944,31,,,0,9,,6945,31,,,0,59,,6946,31,,,0,10,,6947,31,,,0,20,,6948,31,,,0,10,,6949,31,,,0,60,,6950,31,,,0,10,,6951,31,,,0,10,,6952,31,,,0,18,,6953,31,,,0,5,,6954,31,,,0,46,,6955,31,,,0,16,,6956,31,,,0,10,,6957,31,,,0,20,,6958,31,,,0,10,,6959,31,,,0,70,,6960,31,,,0,30,,6961,31,,,0,70,,6962,31,,,0,30,,6963,31,,,0,67,,6964,31,,,0,27,,6965,31,,,0,55,,6966,31,,,0,15,,6967,31,,,0,35,,6968,31,,,0,60,,6969,31,,,0,40,,6970,31,,,0,60,,6971,31,,,0,40,,6972,31,,,0
2000900,'236.0.1',640,,7933,31,,,0,100,,7934,31,,,0,100,,7935,31,,,0,101,,7936,31,,,0,100,,7937,31,,,0,100,,7938,31,,,0,99,,7939,31,,,0,100,,7940,31,,,0,100,,7941,31,,,0,100,,7942,31,,,0,100,,7943,31,,,0,100,,7944,31,,,0,100,,7945,31,,,0,100,,7946,31,,,0,100,,7947,31,,,0,100,,7948,31,,,0,100,,7949,31,,,0,100,,7950,31,,,0,100,,7951,31,,,0
2000900,'236.0.2',640,,7952,31,,,0,97,,7953,31,,,0,98,,7954,31,,,0,100,,7955,31,,,0,107,,7956,31,,,0,100,,7957,31,,,0,100,,7958,31,,,0,100,,7959,31,,,0,100,,7960,31,,,0,100,,7961,31,,,0,100,,7962,31,,,0,100,,7963,31,,,0,100,,7964,31,,,0,100,,7965,31,,,0,97,,7966,31,,,0,100,,7967,31,,,0,100,,7968,31,,,0,100,,7969,31,,,0,100,,7970,31,,,0
2000900,'236.0.3',539,,7971,13,,,0,70,,7972,13,,,0,30,,7973,31,,,0,70,,7974,31,,,0,30,,7975,31,,,0,70,,7976,31,,,0,30,,7977,31,,,0,100,,7978,31,,,0,100,,7979,31,,,0,99,,7980,31,,,0,96,,7981,31,,,0,100,,7982,31,,,0,100,,7983,31,,,0,68,,7984,31,,,0,32,,7985,31,,,0,69,,7986,31,,,0,30,,7987,31,,,0,70,,7988,31,,,0,37,,7989,31,,,0,67,,7990,31,,,0,30,,7991,31,,,0,70,,7992,31,,,0,30,,7993,31,,,0,70,,7994,31,,,0,30,,7995,31,,,0,68,,7996,31,,,0,27,,7997,31,,,0,100,,7998,31,,,0,100,,7999,31,,,0,100,,8000,31,,,0,100,,8001,31,,,0
