6500,'220.0.1',613,,6413,4,,0,100,,6414,4,,0,100,,6415,4,,0,100,,6416,4,,0,100,,6417,4,,0,100,,6418,4,,0,100,,6419,4,,0,100,,6420,4,,0,100,,6421,4,,0,100,,6422,4,,0,100,,6423,4,,0,100,,6424,4,,0,100,,6425,4,,0,100,,6426,4,,0,100,,6427,4,,0,100,,6428,4,,0,100,,6429,4,,0
6500,'220.0.2',713,,6430,4,,0,100,,6431,4,,0,100,,6432,4,,0,100,,6433,4,,0,100,,6434,4,,0,100,,6435,4,,0,100,,6436,4,,0,100,,6437,4,,0,100,,6438,4,,0,100,,6439,4,,0,100,,6440,4,,0,100,,6441,4,,0,100,,6442,4,,0,100,,6443,4,,0,100,,6444,4,,0,100,,6445,4,,0
6500,'220.0.3',604,,6446,4,,0,30,,6447,4,,0,70,,6448,4,,0,30,,6449,4,,0,70,,6450,4,,0,30,,6462,4,,0,105,,6451,4,,0,100,,6452,4,,0,100,,6453,4,,0,100,,6454,4,,0,101,,6455,4,,0,100,,6456,4,,0,418,,6457,4,,0,100,,6458,4,,0,100,,6459,4,,0,100,,6460,4,,0,100,,6461,4,,0
6500,'220.0.4',604,,6463,4,,0,30,,6464,4,,0,70,,6465,4,,0,30,,6466,4,,0,70,,6467,4,,0,30,,6479,4,,0,105,,6468,4,,0,100,,6469,4,,0,100,,6470,4,,0,100,,6471,4,,0,101,,6472,4,,0,100,,6473,4,,0,418,,6474,4,,0,100,,6475,4,,0,100,,6476,4,,0,100,,6477,4,,0,100,,6478,4,,0,100,,6480,4,,0,100,,6481,4,,0,100,,6482,4,,0
6501,'220.0.1',613,,6483,,,0,100,,6484,,,0,100,,6485,,,0,100,,6486,,,0,100,,6487,,,0,100,,6488,,,0,100,,6489,,,0,100,,6490,,,0,100,,6491,,,0,100,,6492,,,0,100,,6493,,,0,100,,6494,,,0,100,,6495,,,0,100,,6496,,,0,100,,6497,,,0,100,,6498,,,0,100,,6499,,,0
6501,'220.0.2',713,,6500,,,0,100,,6501,,,0,100,,6502,,,0,100,,6503,,,0,100,,6504,,,0,100,,6505,,,0,100,,6506,,,0,100,,6507,,,0,100,,6508,,,0,100,,6509,,,0,100,,6510,,,0,100,,6511,,,0,100,,6512,,,0,100,,6513,,,0,100,,6514,,,0,100,,6515,,,0
6501,'220.0.3',939,,6516,,,0,100,,6517,,,0,100,,6518,,,0,100,,6519,,,0,101,,6520,,,0,100,,6521,,,0,170,,6522,,,0,37,,6523,,,0,72,,6524,,,0,38,,6525,,,0,53,,6526,,,0,25,,6532,,,0,23,,6527,,,0,100,,6528,,,0,100,,6529,,,0,100,,6530,,,0,100,,6531,,,0
6501,'220.0.4',939,,6533,,,0,100,,6534,,,0,100,,6535,,,0,100,,6536,,,0,101,,6537,,,0,100,,6538,,,0,170,,6539,,,0,37,,6540,,,0,72,,6541,,,0,38,,6542,,,0,53,,6543,,,0,25,,6549,,,0,23,,6544,,,0,100,,6545,,,0,100,,6546,,,0,100,,6547,,,0,100,,6548,,,0,100,,6550,,,0,100,,6551,,,0,100,,6552,,,0
16500,'220.0.3',1610,,8977,4,,0,37,,8978,4,,0,72,,8979,4,,0,38,,8980,4,,0,53,,8981,4,,0,25,,8982,4,,0
16500,'220.0.4',1610,,8983,4,,0,37,,8984,4,,0,72,,8985,4,,0,38,,8986,4,,0,53,,8987,4,,0,25,,8988,4,,0
16501,'220.0.3',604,,8989,,,0,30,,8990,,,0,70,,8991,,,0,30,,8992,,,0,70,,8993,,,0,30,,8994,,,0
16501,'220.0.4',604,,8995,,,0,30,,8996,,,0,70,,8997,,,0,30,,8998,,,0,70,,8999,,,0,30,,9000,,,0
