2401,'236.0.1',639,,2451,47,,,0,70,,2452,47,,,0,30,,2453,47,,,0,70,,2454,47,,,0,30,,2455,47,,,0,70,,2456,47,,,0,30,,2457,47,,,0,71,,2458,47,,,0,37,,2459,47,,,0,71,,2460,47,,,0,30,,2461,47,,,0,71,,2462,47,,,0,32,,2463,47,,,0,70,,2464,47,,,0,30,,2465,47,,,0,70,,2466,47,,,0,30,,2467,47,,,0,70,,2468,47,,,0,28,,2469,47,,,0,70,,2470,47,,,0,30,,2471,47,,,0,70,,2472,47,,,0,30,,2473,47,,,0,70,,2474,47,,,0,30,,2475,47,,,0,67,,2476,47,,,0,27,,2477,47,,,0,70,,2478,47,,,0,30,,2479,47,,,0,68,,2480,47,,,0,28,,2481,47,,,0,70,,2482,47,,,0,30,,2483,47,,,0,70,,2484,47,,,0,30,,2485,47,,,0,70,,2486,47,,,0
2401,'236.0.2',636,,2487,47,,,0,70,,2488,47,,,0,30,,2489,47,,,0,70,,2490,47,,,0,30,,2491,47,,,0,70,,2492,47,,,0,30,,2493,47,,,0,72,,2494,47,,,0,36,,2495,47,,,0,70,,2496,47,,,0,30,,2497,47,,,0,70,,2498,47,,,0,30,,2499,47,,,0,70,,2500,47,,,0,32,,2501,47,,,0,70,,2502,47,,,0,30,,2503,47,,,0,70,,2504,47,,,0,30,,2505,47,,,0,70,,2506,47,,,0,30,,2507,47,,,0,70,,2508,47,,,0,30,,2509,47,,,0,70,,2510,47,,,0,30,,2511,47,,,0,68,,2512,47,,,0,28,,2513,47,,,0,68,,2514,47,,,0,28,,2515,47,,,0,70,,2516,47,,,0,30,,2517,47,,,0,70,,2518,47,,,0,30,,2519,47,,,0,70,,2520,47,,,0,30,,2521,47,,,0,70,,2522,47,,,0
2401,'236.0.3',715,,2523,47,,,0,30,,2524,47,,,0,74,,2525,47,,,0,31,,2526,47,,,0,70,,2527,47,,,0,30,,2528,47,,,0,65,,2529,47,,,0,30,,2530,47,,,0,70,,2531,47,,,0,31,,2532,47,,,0,71,,2533,47,,,0,30,,2534,47,,,0,70,,2535,47,,,0,30,,2536,47,,,0,71,,2537,47,,,0,33,,2538,47,,,0,71,,2539,47,,,0,79,,2540,47,,,0,30,,2541,47,,,0,70,,2542,47,,,0,29,,2543,47,,,0,22,,2544,47,,,0,68,,2545,47,,,0,29,,2546,47,,,0,66,,2547,47,,,0,28,,2548,47,,,0,66,,2549,47,,,0,30,,2550,47,,,0,70,,2551,47,,,0,30,,2552,47,,,0,70,,2553,47,,,0,30,,2554,47,,,0,70,,2555,47,,,0,30,,2556,47,,,0,70,,2557,47,,,0,30,,2558,47,,,0
12701,'236.0.3',1610,,6061,17,,,0,16,,6062,17,,,0,16,,6063,17,,,0,81,,6064,17,,,0,15,,6065,17,,,0,14,,6066,17,,,0,55,,6067,17,,,0
12701,'236.1141.3',1652,,6068,17,,,0,58,,6069,17,,,0
12701,'236.1143.3',1652,,6070,17,,,0,58,,6071,17,,,0
1000900,'236.0.1',711,,6883,32,,,0,100,,6884,32,,,0,100,,6885,32,,,0,101,,6886,32,,,0,100,,6887,32,,,0,96,,6888,32,,,0,103,,6889,32,,,0,100,,6890,32,,,0,100,,6891,32,,,0,100,,6892,32,,,0,100,,6893,32,,,0,100,,6894,32,,,0,100,,6895,32,,,0,99,,6896,32,,,0,100,,6897,32,,,0,100,,6898,32,,,0,100,,6899,32,,,0,100,,6900,32,,,0
1000900,'236.0.2',709,,6901,32,,,0,96,,6902,32,,,0,100,,6903,32,,,0,100,,6904,32,,,0,108,,6905,32,,,0,100,,6906,32,,,0,100,,6907,32,,,0,100,,6908,32,,,0,100,,6909,32,,,0,100,,6910,32,,,0,100,,6911,32,,,0,100,,6912,32,,,0,100,,6913,32,,,0,100,,6914,32,,,0,97,,6915,32,,,0,100,,6916,32,,,0,100,,6917,32,,,0,100,,6918,32,,,0
1000900,'236.0.3',625,,6919,32,,,0,30,,6920,32,,,0,70,,6921,32,,,0,31,,6922,32,,,0,72,,6923,32,,,0,29,,6924,32,,,0,52,,6925,32,,,0,15,,6926,32,,,0,30,,6927,32,,,0,55,,6928,32,,,0,15,,6929,32,,,0,30,,6930,32,,,0,59,,6931,32,,,0,13,,6932,32,,,0,27,,6933,32,,,0,55,,6934,32,,,0,15,,6935,32,,,0,30,,6936,32,,,0,55,,6937,32,,,0,15,,6938,32,,,0,30,,6939,32,,,0,55,,6940,32,,,0,15,,6941,32,,,0,30,,6942,32,,,0,68,,6943,32,,,0,25,,6944,32,,,0,9,,6945,32,,,0,59,,6946,32,,,0,10,,6947,32,,,0,20,,6948,32,,,0,10,,6949,32,,,0,60,,6950,32,,,0,10,,6951,32,,,0,10,,6952,32,,,0,18,,6953,32,,,0,5,,6954,32,,,0,46,,6955,32,,,0,16,,6956,32,,,0,10,,6957,32,,,0,20,,6958,32,,,0,10,,6959,32,,,0,70,,6960,32,,,0,30,,6961,32,,,0,70,,6962,32,,,0,30,,6963,32,,,0,67,,6964,32,,,0,27,,6965,32,,,0,55,,6966,32,,,0,15,,6967,32,,,0,35,,6968,32,,,0,60,,6969,32,,,0,40,,6970,32,,,0,60,,6971,32,,,0,40,,6972,32,,,0
2000900,'236.0.1',641,,7933,32,,,0,100,,7934,32,,,0,100,,7935,32,,,0,101,,7936,32,,,0,100,,7937,32,,,0,100,,7938,32,,,0,99,,7939,32,,,0,100,,7940,32,,,0,100,,7941,32,,,0,100,,7942,32,,,0,100,,7943,32,,,0,100,,7944,32,,,0,100,,7945,32,,,0,99,,7946,32,,,0,100,,7947,32,,,0,100,,7948,32,,,0,100,,7949,32,,,0,100,,7950,32,,,0,100,,7951,32,,,0
2000900,'236.0.2',640,,7952,32,,,0,97,,7953,32,,,0,98,,7954,32,,,0,100,,7955,32,,,0,108,,7956,32,,,0,100,,7957,32,,,0,100,,7958,32,,,0,100,,7959,32,,,0,100,,7960,32,,,0,100,,7961,32,,,0,100,,7962,32,,,0,100,,7963,32,,,0,100,,7964,32,,,0,100,,7965,32,,,0,97,,7966,32,,,0,100,,7967,32,,,0,100,,7968,32,,,0,100,,7969,32,,,0,100,,7970,32,,,0
2000900,'236.0.3',540,,7971,14,,,0,70,,7972,14,,,0,30,,7973,32,,,0,70,,7974,32,,,0,30,,7975,32,,,0,69,,7976,32,,,0,30,,7977,32,,,0,100,,7978,32,,,0,100,,7979,32,,,0,100,,7980,32,,,0,96,,7981,32,,,0,100,,7982,32,,,0,100,,7983,32,,,0,68,,7984,32,,,0,32,,7985,32,,,0,69,,7986,32,,,0,30,,7987,32,,,0,70,,7988,32,,,0,36,,7989,32,,,0,67,,7990,32,,,0,30,,7991,32,,,0,70,,7992,32,,,0,30,,7993,32,,,0,70,,7994,32,,,0,30,,7995,32,,,0,69,,7996,32,,,0,27,,7997,32,,,0,100,,7998,32,,,0,100,,7999,32,,,0,100,,8000,32,,,0,100,,8001,32,,,0
