2900,'236.0.1',640,,2854,27,,,0,70,,2855,27,,,0,30,,2856,27,,,0,70,,2857,27,,,0,30,,2858,27,,,0,70,,2859,27,,,0,30,,2860,27,,,0,70,,2861,27,,,0,33,,2862,27,,,0,66,,2863,27,,,0,30,,2864,27,,,0,70,,2865,27,,,0,30,,2866,27,,,0,70,,2867,27,,,0,30,,2868,27,,,0,70,,2869,27,,,0,30,,2870,27,,,0,70,,2871,27,,,0,30,,2872,27,,,0,70,,2873,27,,,0,30,,2874,27,,,0,70,,2875,27,,,0,31,,2876,27,,,0,70,,2877,27,,,0,30,,2878,27,,,0,70,,2879,27,,,0,30,,2880,27,,,0,70,,2881,27,,,0,28,,2882,27,,,0,102,,2883,27,,,0,100,,2884,27,,,0,100,,2885,27,,,0,81,,2886,27,,,0
2900,'236.0.2',645,,2887,27,,,0,70,,2888,27,,,0,30,,2889,27,,,0,70,,2890,27,,,0,30,,2891,27,,,0,70,,2892,27,,,0,30,,2893,27,,,0,70,,2894,27,,,0,30,,2895,27,,,0,72,,2896,27,,,0,27,,2897,27,,,0,70,,2898,27,,,0,30,,2899,27,,,0,70,,2900,27,,,0,30,,2901,27,,,0,70,,2902,27,,,0,30,,2903,27,,,0,70,,2904,27,,,0,30,,2905,27,,,0,70,,2906,27,,,0,30,,2907,27,,,0,70,,2908,27,,,0,30,,2909,27,,,0,69,,2910,27,,,0,32,,2911,27,,,0,100,,2912,27,,,0,100,,2913,27,,,0,100,,2914,27,,,0,100,,2915,27,,,0,100,,2916,27,,,0,78,,2917,27,,,0
2900,'236.0.3',559,,2918,27,,,0,55,,2919,27,,,0,15,,2920,27,,,0,14,,2921,27,,,0,15,,2922,27,,,0,55,,2923,27,,,0,15,,2924,27,,,0,15,,2925,27,,,0,15,,2926,27,,,0,55,,2927,27,,,0,15,,2928,27,,,0,15,,2929,27,,,0,16,,2930,27,,,0,55,,2931,27,,,0,15,,2932,27,,,0,30,,2933,27,,,0,70,,2934,27,,,0,30,,2935,27,,,0,70,,2936,27,,,0,30,,2937,27,,,0,70,,2938,27,,,0,30,,2939,27,,,0,70,,2940,27,,,0,30,,2941,27,,,0,70,,2942,27,,,0,30,,2943,27,,,0,70,,2944,27,,,0,15,,2945,27,,,0,15,,2946,27,,,0,55,,2947,27,,,0,15,,2948,27,,,0,15,,2949,27,,,0,15,,2950,27,,,0,55,,2951,27,,,0,15,,2952,27,,,0,15,,2953,27,,,0,56,,2954,27,,,0,15,,2955,27,,,0,15,,2956,27,,,0,15,,2957,27,,,0,55,,2958,27,,,0,30,,2959,27,,,0,70,,2960,27,,,0,30,,2961,27,,,0,70,,2962,27,,,0,30,,2963,27,,,0,70,,2964,27,,,0,30,,2965,27,,,0,100,,2966,27,,,0,88,,2967,27,,,0
5000,'236.0.3',1515,,3240,1,,,0,30,,3241,1,,,0,70,,3242,1,,,0,30,,3243,1,,,0
8401,'236.0.1',636,,5180,33,,,0,100,,5181,33,,,0,100,,5182,33,,,0,102,,5183,33,,,0,101,,5184,33,,,0,100,,5185,33,,,0,102,,5186,33,,,0,101,,5187,33,,,0,100,,5188,33,,,0,100,,5189,33,,,0,100,,5190,33,,,0,99,,5191,33,,,0,100,,5192,33,,,0,100,,5193,33,,,0,96,,5194,33,,,0,100,,5195,33,,,0,100,,5196,33,,,0
8401,'236.0.2',640,,5197,33,,,0,100,,5198,33,,,0,100,,5199,33,,,0,105,,5200,33,,,0,100,,5201,33,,,0,100,,5202,33,,,0,100,,5203,33,,,0,100,,5204,33,,,0,100,,5205,33,,,0,100,,5206,33,,,0,100,,5207,33,,,0,100,,5208,33,,,0,98,,5209,33,,,0,100,,5210,33,,,0,100,,5211,33,,,0,100,,5212,33,,,0,100,,5213,33,,,0
8401,'236.0.3',546,,5214,33,,,0,70,,5215,33,,,0,30,,5216,33,,,0,55,,5217,33,,,0,20,,5245,33,,,0,20,,5218,33,,,0,15,,5219,33,,,0,55,,5220,33,,,0,15,,5221,33,,,0,15,,5222,33,,,0,15,,5223,33,,,0,55,,5224,33,,,0,9,,5225,33,,,0,11,,5246,33,,,0,15,,5226,33,,,0,100,,5227,33,,,0,100,,5228,33,,,0,100,,5229,33,,,0,100,,5230,33,,,0,100,,5231,33,,,0,100,,5232,33,,,0,76,,5233,33,,,0,31,,5234,33,,,0,70,,5235,33,,,0,30,,5236,33,,,0,65,,5237,33,,,0,28,,5238,33,,,0,100,,5239,33,,,0,98,,5240,33,,,0,100,,5241,33,,,0,100,,5242,33,,,0,100,,5243,33,,,0,100,,5244,33,,,0
9301,'236.0.3',635,,6026,49,,,0,71,,6027,49,,,0,36,,6028,49,,,0,71,,6029,49,,,0,30,,6030,49,,,0,66,,6031,49,,,0
13600,'236.0.3',640,,6087,32,,,0,69,,6088,32,,,0,15,,6089,32,,,0,15,,6090,32,,,0,15,,6091,32,,,0,56,,6092,32,,,0,9,,6093,32,,,0,19,,6094,32,,,0
13700,'236.0.3',645,,6107,26,,,0,69,,6103,26,,,0,19,,6108,26,,,0,9,,6104,26,,,0,70,,6105,26,,,0,30,,6106,26,,,0
18201,'236.0.3',608,,6194,48,,,0,15,,6195,48,,,0,15,,6196,48,,,0,16,,6197,48,,,0,59,,6198,48,,,0,15,,6199,48,,,0,16,,6200,48,,,0,12,,6206,48,,,0,55,,6201,48,,,0,15,,6202,48,,,0,15,,6203,48,,,0,15,,6205,48,,,0,55,,6204,48,,,0
18301,'236.0.3',641,,6214,23,,,0,72,,6215,23,,,0,33,,6216,23,,,0,70,,6217,23,,,0,30,,6218,23,,,0,70,,6219,23,,,0
18501,'236.0.3',619,,6234,28,,,0,17,,6244,28,,,0,14,,6235,28,,,0,56,,6236,28,,,0,15,,6237,28,,,0,17,,6243,28,,,0,17,,6238,28,,,0,54,,6239,28,,,0,15,,6240,28,,,0,15,,6241,28,,,0,15,,6242,28,,,0,55,,6245,28,,,0
18601,'236.0.3',626,,6252,27,,,0,32,,6253,27,,,0,70,,6254,27,,,0,74,,6255,27,,,0,29,,6256,27,,,0,70,,6257,27,,,0
