5901,'236.0.1',644,,3992,22,,,0,100,,3993,22,,,0,100,,3994,22,,,0,100,,3995,22,,,0,102,,3996,22,,,0,100,,3997,22,,,0,100,,3998,22,,,0,100,,3999,22,,,0,100,,4000,22,,,0,100,,4001,22,,,0,100,,4002,22,,,0,100,,4003,22,,,0,98,,4004,22,,,0,100,,4005,22,,,0,100,,4006,22,,,0,100,,4007,22,,,0,100,,4008,22,,,0,100,,4009,22,,,0
5901,'236.0.2',744,,4010,22,,,0,100,,4011,22,,,0,100,,4012,22,,,0,102,,4013,22,,,0,100,,4014,22,,,0,100,,4015,22,,,0,100,,4016,22,,,0,100,,4017,22,,,0,100,,4018,22,,,0,100,,4019,22,,,0,100,,4020,22,,,0,98,,4021,22,,,0,100,,4022,22,,,0,100,,4023,22,,,0,100,,4024,22,,,0,100,,4025,22,,,0
5901,'236.0.3',926,,4026,22,,,0,100,,4027,22,,,0,100,,4028,22,,,0,100,,4029,22,,,0,101,,4030,22,,,0,100,,4031,22,,,0,100,,4032,22,,,0,30,,4033,22,,,0,61,,4034,22,,,0,24,,4035,22,,,0,63,,4036,22,,,0,22,,4037,22,,,0,19,,4038,22,,,0,13,,4047,22,,,0,57,,4039,22,,,0,18,,4040,22,,,0,101,,4041,22,,,0,100,,4042,22,,,0,100,,4043,22,,,0,100,,4044,22,,,0,100,,4045,22,,,0,100,,4046,22,,,0
6101,'236.0.1',651,,4099,37,,,0,100,,4100,37,,,0,100,,4101,37,,,0,102,,4102,37,,,0,100,,4103,37,,,0,102,,4104,37,,,0,100,,4105,37,,,0,100,,4106,37,,,0,100,,4107,37,,,0,100,,4108,37,,,0,100,,4109,37,,,0,100,,4110,37,,,0,100,,4111,37,,,0,97,,4112,37,,,0,100,,4113,37,,,0,98,,4114,37,,,0,100,,4115,37,,,0,100,,4116,37,,,0
6101,'236.0.2',751,,4117,37,,,0,100,,4118,37,,,0,100,,4119,37,,,0,100,,4120,37,,,0,102,,4121,37,,,0,100,,4122,37,,,0,102,,4123,37,,,0,100,,4124,37,,,0,100,,4125,37,,,0,100,,4126,37,,,0,100,,4127,37,,,0,97,,4128,37,,,0,98,,4129,37,,,0,100,,4130,37,,,0,100,,4131,37,,,0,100,,4132,37,,,0
6101,'236.0.3',929,,4133,37,,,0,99,,4134,37,,,0,100,,4135,37,,,0,101,,4136,37,,,0,100,,4137,37,,,0,100,,4138,37,,,0,100,,4139,37,,,0,102,,4140,37,,,0,73,,4141,37,,,0,35,,4142,37,,,0,71,,4143,37,,,0,25,,4144,37,,,0,24,,4145,37,,,0,98,,4146,37,,,0,100,,4147,37,,,0,98,,4148,37,,,0,100,,4149,37,,,0
6300,'236.0.1',813,,4262,30,,,0,100,,4263,30,,,0,100,,4264,30,,,0,100,,4265,30,,,0,100,,4266,30,,,0,100,,4267,30,,,0,100,,4268,30,,,0,101,,4269,30,,,0,100,,4270,30,,,0,100,,4271,30,,,0,100,,4272,30,,,0,100,,4273,30,,,0,97,,4274,30,,,0,99,,4275,30,,,0,100,,4276,30,,,0,100,,4277,30,,,0
6300,'236.0.2',742,,4278,30,,,0,100,,4279,30,,,0,100,,4280,30,,,0,100,,4281,30,,,0,100,,4282,30,,,0,100,,4283,30,,,0,100,,4284,30,,,0,100,,4285,30,,,0,98,,4286,30,,,0,100,,4287,30,,,0,100,,4288,30,,,0,100,,4289,30,,,0,100,,4290,30,,,0,100,,4291,30,,,0,100,,4292,30,,,0
6300,'236.0.3',707,,4293,30,,,0,30,,4294,30,,,0,70,,4295,30,,,0,30,,4296,30,,,0,70,,4297,30,,,0,30,,4298,30,,,0,70,,4299,30,,,0,16,,4300,30,,,0,100,,4301,30,,,0,100,,4302,30,,,0,100,,4303,30,,,0,100,,4304,30,,,0,101,,4305,30,,,0,115,,4306,30,,,0,70,,4307,30,,,0,28,,4308,30,,,0,70,,4309,30,,,0,29,,4310,30,,,0,69,,4311,30,,,0,30,,4312,30,,,0,100,,4313,30,,,0,100,,4314,30,,,0,100,,4315,30,,,0
6801,'236.0.1',631,,4704,29,,,0,100,,4705,29,,,0,100,,4706,29,,,0,100,,4707,29,,,0,101,,4708,29,,,0,101,,4709,29,,,0,100,,4710,29,,,0,100,,4711,29,,,0,100,,4712,29,,,0,100,,4713,29,,,0,100,,4714,29,,,0,100,,4715,29,,,0,100,,4716,29,,,0,100,,4717,29,,,0,99,,4718,29,,,0,100,,4719,29,,,0,100,,4720,29,,,0,100,,4721,29,,,0,100,,4722,29,,,0
6801,'236.0.2',731,,4723,29,,,0,100,,4724,29,,,0,100,,4725,29,,,0,100,,4726,29,,,0,100,,4727,29,,,0,101,,4728,29,,,0,101,,4729,29,,,0,100,,4730,29,,,0,100,,4731,29,,,0,100,,4732,29,,,0,100,,4733,29,,,0,100,,4734,29,,,0,99,,4735,29,,,0,99,,4736,29,,,0,100,,4737,29,,,0,100,,4738,29,,,0
6801,'236.0.3',955,,4739,29,,,0,100,,4740,29,,,0,100,,4741,29,,,0,100,,4742,29,,,0,102,,4743,29,,,0,100,,4744,29,,,0,100,,4745,29,,,0,81,,4746,29,,,0,76,,4747,29,,,0,32,,4748,29,,,0,69,,4749,29,,,0,23,,4750,29,,,0,66,,4751,29,,,0,119,,4752,29,,,0,100,,4753,29,,,0,100,,4754,29,,,0,100,,4755,29,,,0,100,,4756,29,,,0
15901,'236.0.3',555,,6146,21,,,0,60,,6154,21,,,0,20,,6147,21,,,0,20,,6148,21,,,0,60,,6149,21,,,0,20,,6150,21,,,0,20,,6151,21,,,0,61,,6152,21,,,0,19,,6153,21,,,0
16100,'236.0.3',559,,6155,34,,,0,70,,6156,34,,,0,30,,6157,34,,,0,70,,6158,34,,,0,30,,6159,34,,,0,70,,6160,34,,,0
40100,'236.0.1',756,,6454,45,,,0,501,,6455,45,,,0,600,,6456,45,,,0
40100,'236.0.2',756,,6457,45,,,0,501,,6458,45,,,0,600,,6459,45,,,0
40100,'236.0.3',621,,6461,45,,,0,136,,6465,45,,,0,175,,6466,45,,,0,175,,6463,45,,,0,615,,6460,45,,,0,179,,6464,45,,,0,139,,6462,45,,,0
1016801,'236.0.3',622,,7465,24,,,0,30,,7466,24,,,0,70,,7467,24,,,0,30,,7468,24,,,0,70,,7469,24,,,0,30,,7470,24,,,0
2016801,'236.0.3',609,,8480,29,,,0,30,,8481,29,,,0,70,,8482,29,,,0,30,,8483,29,,,0,70,,8484,29,,,0,30,,8485,29,,,0
