8700,'220.0.1',636,,7886,,,0,70,,7887,,,0,30,,7888,,,0,70,,7889,,,0,30,,7890,,,0,70,,7891,,,0,26,,7892,,,0,70,,7893,,,0,30,,7894,,,0,70,,7895,,,0,30,,7896,,,0,70,,7897,,,0,30,,7898,,,0,70,,7899,,,0,30,,7900,,,0,70,,7901,,,0,29,,7902,,,0,70,,7903,,,0,30,,7904,,,0,71,,7905,,,0,30,,7906,,,0,70,,7907,,,0,30,,7908,,,0,70,,7909,,,0,30,,7910,,,0,104,,7911,,,0,100,,7912,,,0,100,,7913,,,0,100,,7914,,,0,100,,7915,,,0
8700,'220.0.2',641,,7916,,,0,100,,7917,,,0,100,,7918,,,0,100,,7919,,,0,100,,7920,,,0,100,,7921,,,0,98,,7922,,,0,100,,7923,,,0,100,,7924,,,0,100,,7925,,,0,100,,7926,,,0,102,,7927,,,0,100,,7928,,,0,100,,7929,,,0,100,,7930,,,0,100,,7931,,,0,100,,7932,,,0
8700,'220.0.3',641,,7933,,,0,70,,7934,,,0,30,,7935,,,0,70,,7936,,,0,30,,7937,,,0,70,,7938,,,0,30,,7939,,,0,70,,7940,,,0,30,,7941,,,0,70,,7942,,,0,30,,7943,,,0,70,,7944,,,0,30,,7945,,,0,70,,7946,,,0,30,,7947,,,0,70,,7948,,,0,30,,7949,,,0,70,,7950,,,0,30,,7951,,,0,73,,7952,,,0,30,,7953,,,0,67,,7954,,,0,30,,7955,,,0,70,,7956,,,0,90,,7957,,,0,100,,7958,,,0,100,,7959,,,0,100,,7960,,,0,100,,7961,,,0,100,,7962,,,0
8700,'220.0.4',641,,7963,,,0,70,,7964,,,0,30,,7965,,,0,70,,7966,,,0,30,,7967,,,0,70,,7968,,,0,30,,7969,,,0,70,,7970,,,0,30,,7971,,,0,70,,7972,,,0,30,,7973,,,0,70,,7974,,,0,30,,7975,,,0,70,,7976,,,0,30,,7977,,,0,70,,7978,,,0,30,,7979,,,0,70,,7980,,,0,30,,7981,,,0,73,,7982,,,0,30,,7983,,,0,67,,7984,,,0,30,,7985,,,0,70,,7986,,,0,90,,7987,,,0,100,,7988,,,0,100,,7989,,,0,100,,7990,,,0,100,,7991,,,0,100,,7992,,,0,100,,7993,,,0,100,,7994,,,0
2001000,'220.0.1',655,,11927,,,0,85,,11928,,,0,70,,11929,,,0,30,,11930,,,0,70,,11931,,,0,30,,11932,,,0,73,,11933,,,0,30,,11934,,,0,70,,11935,,,0,33,,11936,,,0,70,,11937,,,0,30,,11938,,,0,70,,11939,,,0,30,,11940,,,0,70,,11941,,,0,30,,11942,,,0,70,,11943,,,0,30,,11944,,,0,70,,11945,,,0,30,,11946,,,0,70,,11947,,,0,30,,11948,,,0,70,,11949,,,0,30,,11950,,,0,68,,11951,,,0,30,,11952,,,0,70,,11953,,,0,45,,11954,,,0,97,,11955,,,0,100,,11956,,,0,100,,11957,,,0
2001000,'220.0.2',653,,11958,,,0,155,,11959,,,0,30,,11960,,,0,70,,11961,,,0,31,,11962,,,0,72,,11963,,,0,30,,11964,,,0,70,,11965,,,0,30,,11966,,,0,70,,11967,,,0,30,,11968,,,0,70,,11969,,,0,32,,11970,,,0,71,,11971,,,0,30,,11972,,,0,70,,11973,,,0,30,,11974,,,0,70,,11975,,,0,30,,11976,,,0,70,,11977,,,0,30,,11978,,,0,70,,11979,,,0,45,,11980,,,0,96,,11981,,,0,100,,11982,,,0,100,,11983,,,0,100,,11984,,,0,100,,11985,,,0,100,,11986,,,0
2001000,'220.0.3',609,,11987,,,0,91,,11988,,,0,20,,11989,,,0,20,,11990,,,0,60,,11991,,,0,24,,11992,,,0,21,,11993,,,0,60,,11994,,,0,20,,11995,,,0,77,,11996,,,0,30,,11997,,,0,70,,11998,,,0,30,,11999,,,0,70,,12000,,,0,30,,12001,,,0,70,,12002,,,0,30,,12003,,,0,70,,12004,,,0,25,,12005,,,0,17,,12006,,,0,60,,12007,,,0,20,,12008,,,0,20,,12009,,,0,68,,12010,,,0,20,,12011,,,0,20,,12012,,,0,60,,12013,,,0,18,,12014,,,0,19,,12015,,,0,60,,12016,,,0,15,,12017,,,0,16,,12018,,,0,63,,12019,,,0,20,,12020,,,0,24,,12021,,,0,70,,12022,,,0,30,,12023,,,0,70,,12024,,,0,30,,12025,,,0
2001000,'220.0.4',609,,12026,,,0,91,,12027,,,0,20,,12028,,,0,20,,12029,,,0,60,,12030,,,0,24,,12031,,,0,21,,12032,,,0,60,,12033,,,0,20,,12034,,,0,77,,12035,,,0,30,,12036,,,0,70,,12037,,,0,30,,12038,,,0,70,,12039,,,0,30,,12040,,,0,70,,12041,,,0,30,,12042,,,0,70,,12043,,,0,25,,12044,,,0,17,,12045,,,0,60,,12046,,,0,20,,12047,,,0,20,,12048,,,0,68,,12049,,,0,20,,12050,,,0,20,,12051,,,0,60,,12052,,,0,18,,12053,,,0,19,,12054,,,0,60,,12055,,,0,15,,12056,,,0,16,,12057,,,0,63,,12058,,,0,20,,12059,,,0,24,,12060,,,0,70,,12061,,,0,30,,12062,,,0,70,,12063,,,0,30,,12064,,,0
3001000,'220.0.1',625,,12728,,,0,100,,12729,,,0,30,,12730,,,0,70,,12731,,,0,30,,12732,,,0,70,,12733,,,0,33,,12734,,,0,70,,12735,,,0,30,,12736,,,0,70,,12737,,,0,73,,12738,,,0,30,,12739,,,0,70,,12740,,,0,30,,12741,,,0,70,,12742,,,0,30,,12743,,,0,70,,12744,,,0,30,,12745,,,0,70,,12746,,,0,30,,12747,,,0,70,,12748,,,0,30,,12749,,,0,70,,12750,,,0,30,,12751,,,0,28,,12752,,,0,70,,12753,,,0,100,,12754,,,0,100,,12755,,,0,97,,12756,,,0,100,,12757,,,0,100,,12758,,,0
3001000,'220.0.2',623,,12760,,,0,100,,12761,,,0,30,,12762,,,0,70,,12763,,,0,30,,12764,,,0,70,,12765,,,0,30,,12766,,,0,73,,12767,,,0,30,,12768,,,0,70,,12769,,,0,30,,12770,,,0,70,,12771,,,0,30,,12772,,,0,70,,12773,,,0,30,,12774,,,0,73,,12775,,,0,30,,12776,,,0,70,,12777,,,0,30,,12778,,,0,70,,12779,,,0,30,,12780,,,0,70,,12781,,,0,30,,12782,,,0,70,,12783,,,0,100,,12784,,,0,96,,12785,,,0,100,,12786,,,0,100,,12787,,,0,100,,12788,,,0
3001000,'220.0.3',614,,12792,,,0,19,,12793,,,0,20,,12794,,,0,59,,12795,,,0,18,,12796,,,0,17,,12797,,,0,59,,12798,,,0,33,,12799,,,0,20,,12800,,,0,60,,12801,,,0,28,,12802,,,0,70,,12803,,,0,30,,12804,,,0,70,,12805,,,0,30,,12806,,,0,70,,12807,,,0,30,,12808,,,0,70,,12809,,,0,30,,12810,,,0,70,,12811,,,0,20,,12812,,,0,20,,12813,,,0,60,,12814,,,0,20,,12815,,,0,65,,12816,,,0,23,,12817,,,0,20,,12818,,,0,60,,12819,,,0,18,,12820,,,0,19,,12821,,,0,60,,12822,,,0,15,,12823,,,0,16,,12824,,,0,20,,12825,,,0,60,,12826,,,0,19,,12827,,,0,70,,12828,,,0,30,,12829,,,0,70,,12830,,,0,30,,12831,,,0,70,,12832,,,0,27,,12833,,,0,30,,12834,,,0,70,,12835,,,0,30,,12836,,,0,70,,12837,,,0
3001000,'220.0.4',614,,12841,,,0,19,,12842,,,0,20,,12843,,,0,59,,12844,,,0,18,,12845,,,0,17,,12846,,,0,59,,12847,,,0,33,,12848,,,0,20,,12849,,,0,60,,12850,,,0,28,,12851,,,0,70,,12852,,,0,30,,12853,,,0,70,,12854,,,0,30,,12855,,,0,70,,12856,,,0,30,,12857,,,0,70,,12858,,,0,30,,12859,,,0,70,,12860,,,0,20,,12861,,,0,20,,12862,,,0,60,,12863,,,0,20,,12864,,,0,65,,12865,,,0,23,,12866,,,0,20,,12867,,,0,60,,12868,,,0,18,,12869,,,0,19,,12870,,,0,60,,12871,,,0,15,,12872,,,0,16,,12873,,,0,20,,12874,,,0,60,,12875,,,0,19,,12876,,,0,70,,12877,,,0,30,,12878,,,0,70,,12879,,,0,30,,12880,,,0,70,,12881,,,0,27,,12882,,,0,30,,12883,,,0,70,,12884,,,0,30,,12885,,,0,70,,12886,,,0,30,,12887,,,0,70,,12888,,,0
