400,'236.0.1',600,,1112,16,,,0,100,,1113,16,,,0,100,,1114,16,,,0,30,,1115,16,,,0,70,,1116,16,,,0,31,,1117,16,,,0,72,,1118,16,,,0,30,,1119,16,,,0,70,,1120,16,,,0,30,,1121,16,,,0,70,,1122,16,,,0,30,,1123,16,,,0,70,,1124,16,,,0,30,,1125,16,,,0,70,,1126,16,,,0,30,,1127,16,,,0,70,,1128,16,,,0,30,,1129,16,,,0,70,,1130,16,,,0,30,,1131,16,,,0,70,,1132,16,,,0,30,,1133,16,,,0,70,,1134,16,,,0,30,,1135,16,,,0,70,,1136,16,,,0,30,,1137,16,,,0,70,,1138,16,,,0,30,,1139,16,,,0,69,,1140,16,,,0,28,,1141,16,,,0,70,,1142,16,,,0,100,,1143,16,,,0,100,,1144,16,,,0
400,'236.0.2',655,,1145,16,,,0,70,,1146,16,,,0,30,,1147,16,,,0,70,,1148,16,,,0,30,,1149,16,,,0,70,,1150,16,,,0,30,,1151,16,,,0,70,,1152,16,,,0,30,,1153,16,,,0,70,,1154,16,,,0,32,,1155,16,,,0,70,,1156,16,,,0,30,,1157,16,,,0,70,,1158,16,,,0,30,,1159,16,,,0,70,,1160,16,,,0,30,,1161,16,,,0,70,,1162,16,,,0,30,,1163,16,,,0,70,,1164,16,,,0,30,,1165,16,,,0,70,,1166,16,,,0,30,,1167,16,,,0,68,,1168,16,,,0,30,,1169,16,,,0,70,,1170,16,,,0,30,,1171,16,,,0,100,,1172,16,,,0,100,,1173,16,,,0,100,,1174,16,,,0,100,,1175,16,,,0
400,'236.0.3',610,,1176,16,,,0,20,,1177,16,,,0,20,,1178,16,,,0,60,,1179,16,,,0,15,,1180,16,,,0,18,,1181,16,,,0,15,,1182,16,,,0,55,,1183,16,,,0,15,,1184,16,,,0,15,,1185,16,,,0,15,,1186,16,,,0,55,,1187,16,,,0,15,,1188,16,,,0,15,,1189,16,,,0,15,,1190,16,,,0,55,,1191,16,,,0,15,,1192,16,,,0,15,,1193,16,,,0,15,,1194,16,,,0,55,,1195,16,,,0,15,,1196,16,,,0,17,,1197,16,,,0,55,,1198,16,,,0,15,,1199,16,,,0,15,,1200,16,,,0,15,,1201,16,,,0,55,,1202,16,,,0,15,,1203,16,,,0,10,,1204,16,,,0,10,,1205,16,,,0,10,,1206,16,,,0,10,,1207,16,,,0,50,,1208,16,,,0,10,,1209,16,,,0,8,,1210,16,,,0,8,,1211,16,,,0,8,,1212,16,,,0,8,,1213,16,,,0,8,,1214,16,,,0,48,,1215,16,,,0,8,,1216,16,,,0,8,,1217,16,,,0,8,,1218,16,,,0,8,,1219,16,,,0,8,,1220,16,,,0,8,,1221,16,,,0,8,,1222,16,,,0,48,,1223,16,,,0,8,,1224,16,,,0,8,,1225,16,,,0,8,,1226,16,,,0,8,,1227,16,,,0,8,,1228,16,,,0,8,,1229,16,,,0,56,,1230,16,,,0,8,,1231,16,,,0,8,,1232,16,,,0,8,,1233,16,,,0,8,,1234,16,,,0,8,,1235,16,,,0,49,,1236,16,,,0,13,,1237,16,,,0,15,,1238,16,,,0,15,,1239,16,,,0,60,,1240,16,,,0,20,,1241,16,,,0,20,,1242,16,,,0,60,,1243,16,,,0,20,,1244,16,,,0,20,,1245,16,,,0,60,,1246,16,,,0,18,,1247,16,,,0,20,,1248,16,,,0,60,,1249,16,,,0,30,,1250,16,,,0,70,,1251,16,,,0,30,,1252,16,,,0,70,,1253,16,,,0,30,,1254,16,,,0,70,,1255,16,,,0
400,'236.1141.3',1703,,1256,16,,,0
400,'236.1143.3',1703,,1257,16,,,0
800,'236.0.1',546,,1718,11,,,0,70,,1719,11,,,0,30,,1720,11,,,0,70,,1721,11,,,0,30,,1722,11,,,0,60,,1723,11,,,0,22,,1724,11,,,0,30,,1725,11,,,0,70,,1726,11,,,0,30,,1727,11,,,0,70,,1728,11,,,0,27,,1729,11,,,0,70,,1730,11,,,0,30,,1731,11,,,0,70,,1732,11,,,0,30,,1733,11,,,0,70,,1734,11,,,0,30,,1735,11,,,0,71,,1736,11,,,0,30,,1737,11,,,0,70,,1738,11,,,0,30,,1739,11,,,0,70,,1740,11,,,0,30,,1741,11,,,0,70,,1742,11,,,0,30,,1743,11,,,0,73,,1744,11,,,0,30,,1745,11,,,0,70,,1746,11,,,0,30,,1747,11,,,0,70,,1748,11,,,0,30,,1749,11,,,0,70,,1750,11,,,0,30,,1751,11,,,0,70,,1752,11,,,0,29,,1753,11,,,0,70,,1754,11,,,0,100,,1755,11,,,0
800,'236.0.2',603,,1756,11,,,0,30,,1757,11,,,0,70,,1758,11,,,0,30,,1759,11,,,0,70,,1760,11,,,0,30,,1761,11,,,0,70,,1762,11,,,0,30,,1763,11,,,0,70,,1764,11,,,0,31,,1765,11,,,0,70,,1766,11,,,0,25,,1767,11,,,0,30,,1768,11,,,0,71,,1769,11,,,0,70,,1770,11,,,0,30,,1771,11,,,0,70,,1772,11,,,0,30,,1773,11,,,0,70,,1774,11,,,0,30,,1775,11,,,0,70,,1776,11,,,0,35,,1777,11,,,0,70,,1778,11,,,0,30,,1779,11,,,0,70,,1780,11,,,0,30,,1781,11,,,0,69,,1782,11,,,0,30,,1783,11,,,0,70,,1784,11,,,0,29,,1785,11,,,0,70,,1786,11,,,0,30,,1787,11,,,0,70,,1788,11,,,0,30,,1789,11,,,0,100,,1790,11,,,0,100,,1791,11,,,0
800,'236.0.3',535,,1794,11,,,0,70,,1795,11,,,0,30,,1796,11,,,0,70,,1797,11,,,0,31,,1798,11,,,0,71,,1799,11,,,0,30,,1800,11,,,0,70,,1801,11,,,0,30,,1802,11,,,0,20,,1803,11,,,0,60,,1804,11,,,0,20,,1805,11,,,0,20,,1806,11,,,0,60,,1807,11,,,0,20,,1808,11,,,0,20,,1809,11,,,0,60,,1810,11,,,0,20,,1811,11,,,0,20,,1812,11,,,0,60,,1813,11,,,0,20,,1814,11,,,0,20,,1815,11,,,0,60,,1816,11,,,0,20,,1817,11,,,0,20,,1818,11,,,0,64,,1819,11,,,0,20,,1820,11,,,0,60,,1821,11,,,0,20,,1822,11,,,0,20,,1823,11,,,0,60,,1824,11,,,0,20,,1825,11,,,0,20,,1826,11,,,0,75,,1827,11,,,0,10,,1842,11,,,0,10,,1828,11,,,0,70,,1829,11,,,0,30,,1830,11,,,0,70,,1831,11,,,0,30,,1832,11,,,0,70,,1833,11,,,0,30,,1834,11,,,0,70,,1835,11,,,0,30,,1836,11,,,0,70,,1837,11,,,0,30,,1838,11,,,0,70,,1839,11,,,0,30,,1840,11,,,0,70,,1841,11,,,0
9000,'236.0.1',613,,5717,12,,,0,25,,5718,12,,,0,70,,5719,12,,,0,30,,5720,12,,,0,70,,5721,12,,,0,25,,5722,12,,,0,70,,5723,12,,,0,30,,5724,12,,,0,25,,5725,12,,,0,72,,5726,12,,,0,70,,5727,12,,,0,30,,5728,12,,,0,70,,5729,12,,,0,27,,5730,12,,,0,30,,5731,12,,,0,70,,5732,12,,,0,30,,5733,12,,,0,70,,5734,12,,,0,30,,5735,12,,,0,70,,5736,12,,,0,30,,5737,12,,,0,73,,5738,12,,,0,70,,5739,12,,,0,30,,5740,12,,,0,70,,5741,12,,,0,30,,5742,12,,,0,70,,5743,12,,,0,30,,5744,12,,,0,70,,5745,12,,,0,104,,5746,12,,,0,100,,5747,12,,,0,100,,5748,12,,,0,100,,5749,12,,,0
9000,'236.0.2',602,,5750,12,,,0,100,,5751,12,,,0,100,,5752,12,,,0,55,,5753,12,,,0,97,,5754,12,,,0,99,,5755,12,,,0,102,,5756,12,,,0,100,,5757,12,,,0,98,,5758,12,,,0,100,,5759,12,,,0,100,,5760,12,,,0,100,,5761,12,,,0,103,,5762,12,,,0,145,,5763,12,,,0,101,,5764,12,,,0,100,,5765,12,,,0,100,,5766,12,,,0,100,,5767,12,,,0
9000,'236.0.3',558,,5801,12,,,0,55,,5800,12,,,0,15,,5768,12,,,0,15,,5802,12,,,0,15,,5769,12,,,0,55,,5803,12,,,0,15,,5770,12,,,0,15,,5804,12,,,0,60,,5771,12,,,0,30,,5772,12,,,0,25,,5773,12,,,0,71,,5774,12,,,0,29,,5775,12,,,0,70,,5776,12,,,0,30,,5777,12,,,0,67,,5778,12,,,0,31,,5779,12,,,0,70,,5780,12,,,0,30,,5781,12,,,0,70,,5782,12,,,0,30,,5783,12,,,0,70,,5784,12,,,0,16,,5805,12,,,0,15,,5785,12,,,0,55,,5806,12,,,0,15,,5786,12,,,0,15,,5807,12,,,0,15,,5787,12,,,0,55,,5808,12,,,0,15,,5812,12,,,0,15,,5809,12,,,0,15,,5788,12,,,0,55,,5810,12,,,0,15,,5789,12,,,0,15,,5811,12,,,0,13,,5790,12,,,0,75,,5791,12,,,0,70,,5792,12,,,0,30,,5793,12,,,0,70,,5794,12,,,0,30,,5795,12,,,0,100,,5796,12,,,0,98,,5797,12,,,0,100,,5798,12,,,0,100,,5799,12,,,0
1000701,'236.0.1',630,,6721,16,,,0,20,,6722,16,,,0,60,,6723,16,,,0,20,,6724,16,,,0,20,,6725,16,,,0,60,,6726,16,,,0,20,,6727,16,,,0,21,,6728,16,,,0,60,,6729,16,,,0,20,,6730,16,,,0,20,,6731,16,,,0,60,,6732,16,,,0,20,,6733,16,,,0,20,,6734,16,,,0,62,,6735,16,,,0,20,,6736,16,,,0,20,,6737,16,,,0,60,,6738,16,,,0,20,,6739,16,,,0,20,,6740,16,,,0,60,,6741,16,,,0,20,,6742,16,,,0,20,,6743,16,,,0,60,,6744,16,,,0,20,,6745,16,,,0,20,,6746,16,,,0,60,,6747,16,,,0,20,,6748,16,,,0,20,,6749,16,,,0,60,,6750,16,,,0,20,,6751,16,,,0,20,,6752,16,,,0,60,,6753,16,,,0,19,,6754,16,,,0,20,,6755,16,,,0,60,,6756,16,,,0,20,,6757,16,,,0,20,,6758,16,,,0,60,,6759,16,,,0,19,,6760,16,,,0,20,,6761,16,,,0,60,,6762,16,,,0,20,,6763,16,,,0,20,,6764,16,,,0,60,,6765,16,,,0,20,,6766,16,,,0,20,,6767,16,,,0,60,,6768,16,,,0,20,,6769,16,,,0,20,,6770,16,,,0,60,,6771,16,,,0,20,,6772,16,,,0,20,,6773,16,,,0,60,,6774,16,,,0
1000701,'236.0.2',630,,6775,16,,,0,70,,6776,16,,,0,30,,6777,16,,,0,70,,6778,16,,,0,30,,6779,16,,,0,70,,6780,16,,,0,32,,6781,16,,,0,70,,6782,16,,,0,30,,6783,16,,,0,70,,6784,16,,,0,30,,6785,16,,,0,71,,6786,16,,,0,30,,6787,16,,,0,70,,6788,16,,,0,30,,6789,16,,,0,70,,6790,16,,,0,30,,6791,16,,,0,70,,6792,16,,,0,30,,6793,16,,,0,70,,6794,16,,,0,30,,6795,16,,,0,70,,6796,16,,,0,30,,6797,16,,,0,70,,6798,16,,,0,29,,6799,16,,,0,69,,6800,16,,,0,30,,6801,16,,,0,70,,6802,16,,,0,30,,6803,16,,,0,69,,6804,16,,,0,30,,6805,16,,,0,70,,6806,16,,,0,30,,6807,16,,,0,70,,6808,16,,,0,30,,6809,16,,,0,70,,6810,16,,,0
1000701,'236.0.3',615,,6811,16,,,0,15,,6812,16,,,0,15,,6813,16,,,0,55,,6814,16,,,0,15,,6815,16,,,0,17,,6816,16,,,0,21,,6817,16,,,0,55,,6818,16,,,0,15,,6819,16,,,0,15,,6820,16,,,0,15,,6821,16,,,0,55,,6822,16,,,0,15,,6823,16,,,0,15,,6824,16,,,0,15,,6825,16,,,0,52,,6826,16,,,0,14,,6827,16,,,0,15,,6828,16,,,0,15,,6829,16,,,0,55,,6830,16,,,0,15,,6831,16,,,0,15,,6832,16,,,0,15,,6833,16,,,0,55,,6834,16,,,0,15,,6835,16,,,0,15,,6836,16,,,0,15,,6837,16,,,0,55,,6838,16,,,0,15,,6839,16,,,0,15,,6840,16,,,0,15,,6841,16,,,0,55,,6842,16,,,0,15,,6843,16,,,0,15,,6844,16,,,0,15,,6845,16,,,0,57,,6846,16,,,0,17,,6847,16,,,0,15,,6848,16,,,0,15,,6849,16,,,0,55,,6850,16,,,0,15,,6851,16,,,0,15,,6852,16,,,0,15,,6853,16,,,0,55,,6854,16,,,0,15,,6855,16,,,0,13,,6856,16,,,0,13,,6857,16,,,0,55,,6858,16,,,0,13,,6859,16,,,0,15,,6860,16,,,0,15,,6861,16,,,0,55,,6862,16,,,0,15,,6863,16,,,0,15,,6864,16,,,0,15,,6865,16,,,0,53,,6866,16,,,0,15,,6867,16,,,0,15,,6868,16,,,0,15,,6869,16,,,0,55,,6870,16,,,0,15,,6871,16,,,0,15,,6872,16,,,0,15,,6873,16,,,0,55,,6874,16,,,0,13,,6875,16,,,0,15,,6876,16,,,0,15,,6877,16,,,0,15,,6878,16,,,0,55,,6879,16,,,0,30,,6880,16,,,0,70,,6881,16,,,0,30,,6882,16,,,0
