8201,'236.0.1',643,,4962,7,,,0,100,,4963,7,,,0,100,,4964,7,,,0,100,,4965,7,,,0,100,,4966,7,,,0,100,,4967,7,,,0,100,,4968,7,,,0,100,,4969,7,,,0,100,,4970,7,,,0,100,,4971,7,,,0,100,,4972,7,,,0,100,,4973,7,,,0,100,,4974,7,,,0,100,,4975,7,,,0,100,,4976,7,,,0,100,,4977,7,,,0,100,,4978,7,,,0
8201,'236.0.2',644,,4979,7,,,0,100,,4980,7,,,0,100,,4981,7,,,0,100,,4982,7,,,0,100,,4983,7,,,0,100,,4984,7,,,0,100,,4985,7,,,0,100,,4986,7,,,0,100,,4987,7,,,0,100,,4988,7,,,0,100,,4989,7,,,0,100,,4990,7,,,0,100,,4991,7,,,0,100,,4992,7,,,0,100,,4993,7,,,0,100,,4994,7,,,0
8201,'236.0.3',849,,4995,7,,,0,100,,4996,7,,,0,100,,4997,7,,,0,100,,4998,7,,,0,100,,4999,7,,,0,100,,5000,7,,,0,100,,5001,7,,,0,99,,5002,7,,,0,67,,5003,7,,,0,30,,5004,7,,,0,70,,5005,7,,,0,30,,5006,7,,,0,69,,5007,7,,,0,35,,5008,7,,,0,100,,5009,7,,,0,100,,5010,7,,,0,100,,5011,7,,,0,100,,5012,7,,,0
8401,'236.0.1',603,,5180,7,,,0,100,,5181,7,,,0,100,,5182,7,,,0,100,,5183,7,,,0,101,,5184,7,,,0,100,,5185,7,,,0,100,,5186,7,,,0,100,,5187,7,,,0,100,,5188,7,,,0,100,,5189,7,,,0,100,,5190,7,,,0,100,,5191,7,,,0,100,,5192,7,,,0,100,,5193,7,,,0,99,,5194,7,,,0,100,,5195,7,,,0,100,,5196,7,,,0
8401,'236.0.2',608,,5197,7,,,0,100,,5198,7,,,0,100,,5199,7,,,0,101,,5200,7,,,0,100,,5201,7,,,0,100,,5202,7,,,0,100,,5203,7,,,0,100,,5204,7,,,0,100,,5205,7,,,0,100,,5206,7,,,0,100,,5207,7,,,0,100,,5208,7,,,0,99,,5209,7,,,0,100,,5210,7,,,0,100,,5211,7,,,0,100,,5212,7,,,0,100,,5213,7,,,0
8401,'236.0.3',509,,5214,7,,,0,30,,5215,7,,,0,70,,5216,7,,,0,15,,5217,7,,,0,15,,5245,7,,,0,15,,5218,7,,,0,55,,5219,7,,,0,15,,5220,7,,,0,15,,5221,7,,,0,15,,5222,7,,,0,55,,5223,7,,,0,15,,5224,7,,,0,15,,5225,7,,,0,15,,5246,7,,,0,55,,5226,7,,,0,100,,5227,7,,,0,100,,5228,7,,,0,100,,5229,7,,,0,100,,5230,7,,,0,100,,5231,7,,,0,100,,5232,7,,,0,30,,5233,7,,,0,70,,5234,7,,,0,30,,5235,7,,,0,70,,5236,7,,,0,30,,5237,7,,,0,70,,5238,7,,,0,100,,5239,7,,,0,99,,5240,7,,,0,100,,5241,7,,,0,100,,5242,7,,,0,100,,5243,7,,,0,100,,5244,7,,,0
8600,'236.0.1',615,,5363,7,,,0,100,,5364,7,,,0,100,,5365,7,,,0,100,,5366,7,,,0,100,,5367,7,,,0,100,,5368,7,,,0,100,,5369,7,,,0,100,,5370,7,,,0,100,,5371,7,,,0,100,,5372,7,,,0,100,,5373,7,,,0,101,,5374,7,,,0,100,,5375,7,,,0,100,,5376,7,,,0,100,,5377,7,,,0,100,,5378,7,,,0,100,,5379,7,,,0
8600,'236.0.2',621,,5380,7,,,0,100,,5381,7,,,0,100,,5382,7,,,0,100,,5383,7,,,0,100,,5384,7,,,0,100,,5385,7,,,0,100,,5386,7,,,0,100,,5387,7,,,0,100,,5388,7,,,0,100,,5389,7,,,0,100,,5390,7,,,0,100,,5391,7,,,0,100,,5392,7,,,0,100,,5393,7,,,0,100,,5394,7,,,0,100,,5395,7,,,0
8600,'236.0.3',534,,5396,7,,,0,68,,5397,7,,,0,30,,5398,7,,,0,69,,5399,7,,,0,29,,5400,7,,,0,28,,5401,7,,,0,65,,5402,7,,,0,100,,5403,7,,,0,100,,5404,7,,,0,100,,5405,7,,,0,100,,5406,7,,,0,100,,5407,7,,,0,100,,5408,7,,,0,100,,5409,7,,,0,420,,5410,7,,,0,100,,5411,7,,,0,100,,5412,7,,,0,100,,5413,7,,,0
18201,'236.0.3',525,,6194,7,,,0,15,,6195,7,,,0,15,,6196,7,,,0,55,,6197,7,,,0,15,,6198,7,,,0,13,,6199,7,,,0,15,,6200,7,,,0,55,,6206,7,,,0,15,,6201,7,,,0,15,,6202,7,,,0,15,,6203,7,,,0,55,,6205,7,,,0,15,,6204,7,,,0
18600,'236.0.3',1556,,6246,17,,,0,75,,6247,17,,,0,74,,6248,17,,,0,29,,6251,17,,,0,22,,6249,17,,,0,66,,6250,17,,,0
