6700,'220.0.1',808,,6553,,,0,100,,6554,,,0,104,,6555,,,0,102,,6556,,,0,100,,6557,,,0,100,,6558,,,0,100,,6559,,,0,100,,6560,,,0,100,,6561,,,0,100,,6562,,,0,100,,6563,,,0,95,,6564,,,0,99,,6565,,,0,100,,6566,,,0,100,,6567,,,0,100,,6568,,,0
6700,'220.0.2',806,,6569,,,0,100,,6570,,,0,100,,6571,,,0,106,,6572,,,0,101,,6573,,,0,100,,6574,,,0,100,,6575,,,0,100,,6576,,,0,100,,6577,,,0,100,,6578,,,0,97,,6579,,,0,99,,6580,,,0,100,,6581,,,0,100,,6582,,,0,97,,6583,,,0,100,,6584,,,0
6700,'220.0.3',620,,6585,,,0,30,,6586,,,0,70,,6587,,,0,30,,6588,,,0,70,,6589,,,0,30,,6590,,,0,70,,6591,,,0,100,,6592,,,0,99,,6593,,,0,100,,6594,,,0,100,,6595,,,0,100,,6596,,,0,99,,6597,,,0,30,,6598,,,0,70,,6599,,,0,30,,6600,,,0,70,,6601,,,0,31,,6602,,,0,72,,6603,,,0,30,,6604,,,0,100,,6605,,,0,100,,6606,,,0,100,,6607,,,0,100,,6608,,,0
6700,'220.0.4',620,,6609,,,0,30,,6610,,,0,70,,6611,,,0,30,,6612,,,0,70,,6613,,,0,30,,6614,,,0,70,,6615,,,0,100,,6616,,,0,99,,6617,,,0,100,,6618,,,0,100,,6619,,,0,100,,6620,,,0,99,,6621,,,0,30,,6622,,,0,70,,6623,,,0,30,,6624,,,0,70,,6625,,,0,31,,6626,,,0,72,,6627,,,0,30,,6628,,,0,100,,6629,,,0,100,,6630,,,0,100,,6631,,,0,100,,6632,,,0,100,,6633,,,0,100,,6634,,,0,100,,6635,,,0
6701,'220.0.1',737,,6636,,,0,100,,6637,,,0,101,,6638,,,0,100,,6639,,,0,100,,6640,,,0,100,,6641,,,0,100,,6642,,,0,100,,6643,,,0,100,,6644,,,0,100,,6645,,,0,100,,6646,,,0,99,,6647,,,0,100,,6648,,,0,100,,6649,,,0,100,,6650,,,0,100,,6651,,,0
6701,'220.0.2',737,,6652,,,0,100,,6653,,,0,100,,6654,,,0,101,,6655,,,0,100,,6656,,,0,100,,6657,,,0,100,,6658,,,0,100,,6659,,,0,100,,6660,,,0,100,,6661,,,0,99,,6662,,,0,100,,6663,,,0,100,,6664,,,0,100,,6665,,,0,99,,6666,,,0,100,,6667,,,0
6701,'220.0.3',622,,6668,,,0,30,,6669,,,0,70,,6670,,,0,30,,6671,,,0,70,,6672,,,0,30,,6673,,,0,101,,6674,,,0,100,,6675,,,0,100,,6676,,,0,100,,6677,,,0,100,,6678,,,0,101,,6679,,,0,70,,6680,,,0,30,,6681,,,0,70,,6682,,,0,30,,6683,,,0,70,,6684,,,0,30,,6685,,,0,68,,6686,,,0,30,,6687,,,0,70,,6688,,,0,99,,6689,,,0,100,,6690,,,0,100,,6691,,,0
6701,'220.0.4',622,,6692,,,0,30,,6693,,,0,70,,6694,,,0,30,,6695,,,0,70,,6696,,,0,30,,6697,,,0,101,,6698,,,0,100,,6699,,,0,100,,6700,,,0,100,,6701,,,0,100,,6702,,,0,101,,6703,,,0,70,,6704,,,0,30,,6705,,,0,70,,6706,,,0,30,,6707,,,0,70,,6708,,,0,30,,6709,,,0,68,,6710,,,0,30,,6711,,,0,70,,6712,,,0,99,,6713,,,0,100,,6714,,,0,100,,6715,,,0,100,,6716,,,0,100,,6717,,,0,100,,6718,,,0
15900,'220.0.3',1532,,8917,,,0,20,,8918,,,0,64,,8919,,,0,21,,8920,,,0,22,,8921,,,0,61,,8924,,,0,15,,8925,,,0,20,,8922,,,0,58,,8923,,,0
15900,'220.0.4',1532,,8926,,,0,20,,8927,,,0,64,,8928,,,0,21,,8929,,,0,22,,8930,,,0,61,,8933,,,0,15,,8934,,,0,20,,8931,,,0,58,,8932,,,0
