300,'236.0.1',707,,13879,,,0,100,,13880,,,0,100,,13881,,,0,30,,13882,,,0,70,,13883,,,0,30,,13884,,,0,70,,13885,,,0,30,,13886,,,0,72,,13887,,,0,32,,13888,,,0,70,,13889,,,0,30,,13890,,,0,70,,13891,,,0,30,,13892,,,0,70,,13893,,,0,30,,13894,,,0,70,,13895,,,0,30,,13896,,,0,70,,13897,,,0,30,,13898,,,0,70,,13899,,,0,30,,13900,,,0,68,,13901,,,0,26,,13902,,,0,69,,13903,,,0,30,,13904,,,0,70,,13905,,,0,30,,13906,,,0,70,,13907,,,0,30,,13908,,,0,70,,13909,,,0,30,,13910,,,0,70,,13911,,,0,30,,13912,,,0,70,,13913,,,0,20,,13914,,,0
300,'236.0.2',647,,13915,,,0,100,,13916,,,0,100,,13917,,,0,70,,13918,,,0,30,,13919,,,0,67,,13920,,,0,20,,13921,,,0,20,,13922,,,0,63,,13923,,,0,24,,13924,,,0,60,,13925,,,0,20,,13926,,,0,20,,13927,,,0,60,,13928,,,0,20,,13929,,,0,20,,13930,,,0,60,,13931,,,0,20,,13932,,,0,20,,13933,,,0,60,,13934,,,0,20,,13935,,,0,20,,13936,,,0,60,,13937,,,0,20,,13938,,,0,20,,13939,,,0,60,,13940,,,0,20,,13941,,,0,20,,13942,,,0,59,,13943,,,0,17,,13944,,,0,17,,13945,,,0,19,,13946,,,0,70,,13947,,,0,30,,13948,,,0,70,,13949,,,0,30,,13950,,,0,70,,13951,,,0,30,,13952,,,0,70,,13953,,,0,23,,13954,,,0,70,,13955,,,0,30,,13956,,,0,70,,13957,,,0,30,,13958,,,0
300,'236.0.3',622,,13959,,,0,30,,13960,,,0,55,,13961,,,0,15,,13962,,,0,17,,13963,,,0,20,,13964,,,0,57,,13965,,,0,19,,13966,,,0,14,,13967,,,0,53,,13968,,,0,14,,13969,,,0,15,,13970,,,0,15,,13971,,,0,55,,13972,,,0,20,,13973,,,0,20,,13974,,,0,60,,13975,,,0,20,,13976,,,0,20,,13977,,,0,60,,13978,,,0,20,,13979,,,0,20,,13980,,,0,60,,13981,,,0,20,,13982,,,0,20,,13983,,,0,60,,13984,,,0,20,,13985,,,0,20,,13986,,,0,60,,13987,,,0,20,,13988,,,0,20,,13989,,,0,13,,13990,,,0,53,,13991,,,0,21,,13992,,,0,15,,13993,,,0,15,,13994,,,0,55,,13995,,,0,15,,13996,,,0,14,,13997,,,0,12,,13998,,,0,53,,13999,,,0,13,,14000,,,0,13,,14001,,,0,13,,14002,,,0,55,,14003,,,0,12,,14004,,,0,7,,14005,,,0,17,,14006,,,0,20,,14007,,,0,60,,14008,,,0,20,,14009,,,0,20,,14010,,,0,60,,14011,,,0,20,,14012,,,0,10,,14013,,,0,70,,14014,,,0,30,,14015,,,0,70,,14016,,,0,30,,14017,,,0,70,,14018,,,0,30,,14019,,,0,70,,14020,,,0
400,'236.0.1',620,,14162,,,0,100,,14163,,,0,100,,14164,,,0,30,,14165,,,0,70,,14166,,,0,33,,14167,,,0,72,,14168,,,0,30,,14169,,,0,70,,14170,,,0,30,,14171,,,0,70,,14172,,,0,30,,14173,,,0,70,,14174,,,0,30,,14175,,,0,70,,14176,,,0,30,,14177,,,0,70,,14178,,,0,30,,14179,,,0,70,,14180,,,0,30,,14181,,,0,70,,14182,,,0,30,,14183,,,0,70,,14184,,,0,30,,14185,,,0,70,,14186,,,0,30,,14187,,,0,70,,14188,,,0,30,,14189,,,0,67,,14190,,,0,28,,14191,,,0,70,,14192,,,0,100,,14193,,,0,100,,14194,,,0
400,'236.0.2',714,,14195,,,0,30,,14196,,,0,70,,14197,,,0,30,,14198,,,0,70,,14199,,,0,30,,14200,,,0,70,,14201,,,0,30,,14202,,,0,70,,14203,,,0,33,,14204,,,0,72,,14205,,,0,30,,14206,,,0,70,,14207,,,0,30,,14208,,,0,70,,14209,,,0,30,,14210,,,0,70,,14211,,,0,30,,14212,,,0,70,,14213,,,0,30,,14214,,,0,70,,14215,,,0,30,,14216,,,0,68,,14217,,,0,28,,14218,,,0,70,,14219,,,0,30,,14220,,,0,70,,14221,,,0,100,,14222,,,0,100,,14223,,,0,100,,14224,,,0,100,,14225,,,0
400,'236.0.3',630,,14226,,,0,20,,14227,,,0,60,,14228,,,0,20,,14229,,,0,17,,14230,,,0,58,,14231,,,0,15,,14232,,,0,15,,14233,,,0,15,,14234,,,0,55,,14235,,,0,15,,14236,,,0,15,,14237,,,0,15,,14238,,,0,55,,14239,,,0,15,,14240,,,0,15,,14241,,,0,15,,14242,,,0,55,,14243,,,0,15,,14244,,,0,15,,14245,,,0,15,,14246,,,0,57,,14247,,,0,15,,14248,,,0,15,,14249,,,0,15,,14250,,,0,55,,14251,,,0,15,,14252,,,0,15,,14253,,,0,10,,14254,,,0,10,,14255,,,0,50,,14256,,,0,10,,14257,,,0,10,,14258,,,0,10,,14259,,,0,8,,14260,,,0,8,,14261,,,0,49,,14262,,,0,11,,14263,,,0,9,,14264,,,0,8,,14265,,,0,9,,14266,,,0,8,,14267,,,0,8,,14268,,,0,48,,14269,,,0,8,,14270,,,0,8,,14271,,,0,8,,14272,,,0,8,,14273,,,0,8,,14274,,,0,8,,14275,,,0,8,,14276,,,0,48,,14277,,,0,8,,14278,,,0,8,,14279,,,0,16,,14280,,,0,8,,14281,,,0,8,,14282,,,0,47,,14283,,,0,6,,14284,,,0,6,,14285,,,0,8,,14286,,,0,13,,14287,,,0,15,,14288,,,0,55,,14289,,,0,20,,14290,,,0,20,,14291,,,0,60,,14292,,,0,20,,14293,,,0,20,,14294,,,0,60,,14295,,,0,17,,14296,,,0,18,,14297,,,0,60,,14298,,,0,20,,14299,,,0,30,,14300,,,0,70,,14301,,,0,30,,14302,,,0,70,,14303,,,0,30,,14304,,,0,70,,14305,,,0
400,'236.1141.3',1731,,14306,,,0
400,'236.1143.3',1731,,14307,,,0
13501,'236.0.3',1552,,19130,,,0,70,,19131,,,0,30,,19132,,,0,70,,19133,,,0,26,,19134,,,0,69,,19135,,,0,26,,19136,,,0
43300,'236.0.3',726,,19545,,,0,89,,19546,,,0,1014,,19547,,,0,95,,19548,,,0
1003001,'236.0.1',638,,20253,,,0,70,,20254,,,0,30,,20255,,,0,70,,20256,,,0,30,,20257,,,0,70,,20258,,,0,30,,20259,,,0,73,,20260,,,0,30,,20261,,,0,70,,20262,,,0,30,,20263,,,0,70,,20264,,,0,30,,20265,,,0,70,,20266,,,0,30,,20267,,,0,70,,20268,,,0,30,,20269,,,0,70,,20270,,,0,30,,20271,,,0,70,,20272,,,0,30,,20273,,,0,70,,20274,,,0,30,,20275,,,0,70,,20276,,,0,30,,20277,,,0,70,,20278,,,0,30,,20279,,,0,70,,20280,,,0,30,,20281,,,0,70,,20282,,,0,27,,20283,,,0,70,,20284,,,0,30,,20285,,,0,70,,20286,,,0,30,,20287,,,0
1003001,'236.0.2',620,,20288,,,0,100,,20289,,,0,100,,20290,,,0,100,,20291,,,0,102,,20292,,,0,101,,20293,,,0,100,,20294,,,0,100,,20295,,,0,100,,20296,,,0,100,,20297,,,0,100,,20298,,,0,100,,20299,,,0,100,,20300,,,0,100,,20301,,,0,98,,20302,,,0,100,,20303,,,0,100,,20304,,,0,100,,20305,,,0
1003001,'236.0.3',552,,20306,,,0,70,,20307,,,0,30,,20308,,,0,70,,20309,,,0,30,,20310,,,0,70,,20311,,,0,30,,20312,,,0,70,,20313,,,0,29,,20314,,,0,70,,20315,,,0,30,,20316,,,0,70,,20317,,,0,30,,20318,,,0,70,,20319,,,0,30,,20320,,,0,70,,20321,,,0,30,,20322,,,0,70,,20323,,,0,30,,20324,,,0,71,,20325,,,0,30,,20326,,,0,70,,20327,,,0,30,,20328,,,0,70,,20329,,,0,30,,20330,,,0,70,,20331,,,0,30,,20332,,,0,70,,20333,,,0,30,,20334,,,0,69,,20335,,,0,30,,20336,,,0,70,,20337,,,0,30,,20338,,,0,70,,20339,,,0,30,,20340,,,0,70,,20341,,,0
