801,'236.0.1',549,,1843,40,,,0,70,,1844,40,,,0,30,,1845,40,,,0,70,,1846,40,,,0,30,,1847,40,,,0,73,,1848,40,,,0,30,,1849,40,,,0,70,,1850,40,,,0,30,,1851,40,,,0,73,,1852,40,,,0,30,,1853,40,,,0,70,,1854,40,,,0,30,,1855,40,,,0,70,,1856,40,,,0,30,,1857,40,,,0,71,,1858,40,,,0,30,,1859,40,,,0,70,,1860,40,,,0,30,,1861,40,,,0,70,,1862,40,,,0,30,,1863,40,,,0,70,,1864,40,,,0,30,,1865,40,,,0,70,,1866,40,,,0,29,,1867,40,,,0,69,,1868,40,,,0,30,,1869,40,,,0,70,,1870,40,,,0,26,,1871,40,,,0,69,,1872,40,,,0,30,,1873,40,,,0,70,,1874,40,,,0,30,,1875,40,,,0,70,,1876,40,,,0,30,,1877,40,,,0,70,,1878,40,,,0,30,,1879,40,,,0,100,,1880,40,,,0
801,'236.0.2',553,,1881,40,,,0,70,,1882,40,,,0,30,,1883,40,,,0,70,,1884,40,,,0,30,,1885,40,,,0,70,,1886,40,,,0,30,,1887,40,,,0,74,,1888,40,,,0,30,,1889,40,,,0,70,,1890,40,,,0,30,,1891,40,,,0,70,,1892,40,,,0,30,,1893,40,,,0,70,,1894,40,,,0,30,,1895,40,,,0,70,,1896,40,,,0,30,,1897,40,,,0,70,,1898,40,,,0,30,,1899,40,,,0,70,,1900,40,,,0,30,,1901,40,,,0,70,,1902,40,,,0,30,,1903,40,,,0,70,,1904,40,,,0,30,,1905,40,,,0,69,,1906,40,,,0,30,,1907,40,,,0,70,,1908,40,,,0,30,,1909,40,,,0,70,,1910,40,,,0,30,,1911,40,,,0,67,,1912,40,,,0,30,,1913,40,,,0,70,,1914,40,,,0,100,,1915,40,,,0,100,,1916,40,,,0
801,'236.0.3',538,,1917,40,,,0,70,,1918,40,,,0,30,,1919,40,,,0,20,,1920,40,,,0,62,,1921,40,,,0,20,,1922,40,,,0,60,,1923,40,,,0,20,,1924,40,,,0,20,,1925,40,,,0,60,,1926,40,,,0,18,,1927,40,,,0,20,,1928,40,,,0,20,,1929,40,,,0,60,,1930,40,,,0,20,,1931,40,,,0,20,,1932,40,,,0,60,,1933,40,,,0,20,,1934,40,,,0,20,,1935,40,,,0,60,,1936,40,,,0,20,,1937,40,,,0,20,,1938,40,,,0,60,,1939,40,,,0,20,,1940,40,,,0,20,,1941,40,,,0,60,,1942,40,,,0,20,,1943,40,,,0,20,,1944,40,,,0,62,,1945,40,,,0,33,,1946,40,,,0,70,,1947,40,,,0,30,,1948,40,,,0,70,,1949,40,,,0,30,,1950,40,,,0,67,,1951,40,,,0,28,,1952,40,,,0,70,,1953,40,,,0,30,,1954,40,,,0,70,,1955,40,,,0,30,,1956,40,,,0,67,,1957,40,,,0,29,,1958,40,,,0,70,,1959,40,,,0,30,,1960,40,,,0,70,,1961,40,,,0,30,,1962,40,,,0,70,,1963,40,,,0,30,,1964,40,,,0
9001,'236.0.1',612,,5813,26,,,0,30,,5814,26,,,0,70,,5815,26,,,0,25,,5816,26,,,0,70,,5817,26,,,0,30,,5818,26,,,0,70,,5819,26,,,0,25,,5820,26,,,0,71,,5821,26,,,0,31,,5822,26,,,0,70,,5823,26,,,0,30,,5824,26,,,0,70,,5825,26,,,0,30,,5826,26,,,0,70,,5827,26,,,0,30,,5828,26,,,0,70,,5829,26,,,0,30,,5830,26,,,0,70,,5831,26,,,0,30,,5832,26,,,0,70,,5833,26,,,0,30,,5834,26,,,0,70,,5835,26,,,0,35,,5836,26,,,0,69,,5837,26,,,0,29,,5838,26,,,0,70,,5839,26,,,0,30,,5840,26,,,0,70,,5841,26,,,0,100,,5842,26,,,0,100,,5843,26,,,0,100,,5844,26,,,0,100,,5845,26,,,0
9001,'236.0.2',600,,5846,26,,,0,100,,5847,26,,,0,100,,5848,26,,,0,100,,5849,26,,,0,55,,5850,26,,,0,102,,5851,26,,,0,100,,5852,26,,,0,102,,5853,26,,,0,100,,5854,26,,,0,98,,5855,26,,,0,100,,5856,26,,,0,100,,5857,26,,,0,99,,5858,26,,,0,103,,5859,26,,,0,145,,5860,26,,,0,98,,5861,26,,,0,100,,5862,26,,,0,99,,5863,26,,,0
9001,'236.0.3',543,,5864,26,,,0,70,,5865,26,,,0,30,,5866,26,,,0,57,,5898,26,,,0,13,,5867,26,,,0,15,,5899,26,,,0,10,,5868,26,,,0,15,,5900,26,,,0,55,,5869,26,,,0,17,,5901,26,,,0,16,,5870,26,,,0,15,,5902,26,,,0,55,,5871,26,,,0,30,,5872,26,,,0,65,,5873,26,,,0,30,,5874,26,,,0,70,,5875,26,,,0,30,,5876,26,,,0,70,,5877,26,,,0,30,,5878,26,,,0,70,,5879,26,,,0,30,,5880,26,,,0,70,,5881,26,,,0,30,,5882,26,,,0,70,,5883,26,,,0,32,,5884,26,,,0,21,,5903,26,,,0,62,,5885,26,,,0,8,,5904,26,,,0,25,,5886,26,,,0,55,,5905,26,,,0,15,,5887,26,,,0,15,,5906,26,,,0,13,,5888,26,,,0,53,,5907,26,,,0,13,,5889,26,,,0,12,,5908,26,,,0,13,,5890,26,,,0,12,,5909,26,,,0,53,,5891,26,,,0,30,,5892,26,,,0,70,,5893,26,,,0,30,,5894,26,,,0,100,,5895,26,,,0,100,,5896,26,,,0,100,,5897,26,,,0
9101,'236.0.1',806,,5964,29,,,0,100,,5965,29,,,0,100,,5966,29,,,0,100,,5967,29,,,0,100,,5968,29,,,0,100,,5969,29,,,0,100,,5970,29,,,0,100,,5971,29,,,0,100,,5972,29,,,0,100,,5973,29,,,0,100,,5974,29,,,0,100,,5975,29,,,0,100,,5976,29,,,0,100,,5977,29,,,0,100,,5978,29,,,0,100,,5979,29,,,0
9101,'236.0.2',835,,5980,29,,,0,100,,5981,29,,,0,100,,5982,29,,,0,100,,5983,29,,,0,100,,5984,29,,,0,100,,5985,29,,,0,100,,5986,29,,,0,100,,5987,29,,,0,100,,5988,29,,,0,100,,5989,29,,,0,100,,5990,29,,,0,100,,5991,29,,,0,100,,5992,29,,,0,100,,5993,29,,,0,100,,5994,29,,,0
9101,'236.0.3',610,,5995,29,,,0,30,,5996,29,,,0,75,,5997,29,,,0,24,,5998,29,,,0,70,,5999,29,,,0,37,,6000,29,,,0,68,,6001,29,,,0,29,,6002,29,,,0,100,,6003,29,,,0,103,,6004,29,,,0,100,,6005,29,,,0,99,,6006,29,,,0,108,,6007,29,,,0,101,,6008,29,,,0,71,,6009,29,,,0,30,,6010,29,,,0,72,,6011,29,,,0,30,,6012,29,,,0,65,,6013,29,,,0,94,,6014,29,,,0,100,,6015,29,,,0,100,,6016,29,,,0,100,,6017,29,,,0,100,,6018,29,,,0
9301,'236.0.3',615,,6026,26,,,0,30,,6027,26,,,0,70,,6028,26,,,0,29,,6029,26,,,0,71,,6030,26,,,0,30,,6031,26,,,0
