6101,'220.0.1',644,,5876,,,0,100,,5877,,,0,100,,5878,,,0,102,,5879,,,0,100,,5880,,,0,102,,5881,,,0,100,,5882,,,0,100,,5883,,,0,100,,5884,,,0,100,,5885,,,0,100,,5886,,,0,100,,5887,,,0,100,,5888,,,0,98,,5889,,,0,100,,5890,,,0,98,,5891,,,0,100,,5892,,,0,100,,5893,,,0
6101,'220.0.2',744,,5894,,,0,100,,5895,,,0,100,,5896,,,0,100,,5897,,,0,102,,5898,,,0,100,,5899,,,0,102,,5900,,,0,100,,5901,,,0,100,,5902,,,0,100,,5903,,,0,100,,5904,,,0,98,,5905,,,0,98,,5906,,,0,100,,5907,,,0,100,,5908,,,0,100,,5909,,,0
6101,'220.0.3',922,,5910,,,0,99,,5911,,,0,100,,5912,,,0,101,,5913,,,0,100,,5914,,,0,100,,5915,,,0,100,,5916,,,0,102,,5917,,,0,33,,5918,,,0,75,,5919,,,0,71,,5920,,,0,25,,5921,,,0,24,,5922,,,0,98,,5923,,,0,100,,5924,,,0,98,,5925,,,0,100,,5926,,,0
6101,'220.0.4',922,,5927,,,0,99,,5928,,,0,100,,5929,,,0,101,,5930,,,0,100,,5931,,,0,100,,5932,,,0,100,,5933,,,0,102,,5934,,,0,33,,5935,,,0,75,,5936,,,0,71,,5937,,,0,25,,5938,,,0,24,,5939,,,0,98,,5940,,,0,100,,5941,,,0,98,,5942,,,0,100,,5943,,,0,100,,5944,,,0,100,,5945,,,0,100,,5946,,,0
6300,'220.0.1',809,,6114,,,0,100,,6115,,,0,100,,6116,,,0,100,,6117,,,0,100,,6118,,,0,100,,6119,,,0,100,,6120,,,0,101,,6121,,,0,100,,6122,,,0,100,,6123,,,0,100,,6124,,,0,100,,6125,,,0,97,,6126,,,0,99,,6127,,,0,100,,6128,,,0,100,,6129,,,0
6300,'220.0.2',738,,6130,,,0,100,,6131,,,0,100,,6132,,,0,100,,6133,,,0,100,,6134,,,0,100,,6135,,,0,100,,6136,,,0,100,,6137,,,0,98,,6138,,,0,100,,6139,,,0,100,,6140,,,0,100,,6141,,,0,100,,6142,,,0,100,,6143,,,0,100,,6144,,,0
6300,'220.0.3',702,,6145,,,0,30,,6146,,,0,70,,6147,,,0,30,,6148,,,0,70,,6149,,,0,30,,6150,,,0,70,,6151,,,0,16,,6152,,,0,100,,6153,,,0,100,,6154,,,0,100,,6155,,,0,100,,6156,,,0,101,,6157,,,0,115,,6158,,,0,70,,6159,,,0,28,,6160,,,0,70,,6161,,,0,30,,6162,,,0,69,,6163,,,0,30,,6164,,,0,100,,6165,,,0,100,,6166,,,0,100,,6167,,,0
6300,'220.0.4',702,,6168,,,0,30,,6169,,,0,70,,6170,,,0,30,,6171,,,0,70,,6172,,,0,30,,6173,,,0,70,,6174,,,0,16,,6175,,,0,100,,6176,,,0,100,,6177,,,0,100,,6178,,,0,100,,6179,,,0,101,,6180,,,0,115,,6181,,,0,70,,6182,,,0,28,,6183,,,0,70,,6184,,,0,30,,6185,,,0,69,,6186,,,0,30,,6187,,,0,100,,6188,,,0,100,,6189,,,0,100,,6190,,,0,100,,6191,,,0,100,,6192,,,0,100,,6193,,,0,100,,6194,,,0
16100,'220.0.3',552,,8953,,,0,70,,8954,,,0,30,,8955,,,0,70,,8956,,,0,30,,8957,,,0,70,,8958,,,0
16100,'220.0.4',552,,8959,,,0,70,,8960,,,0,30,,8961,,,0,70,,8962,,,0,30,,8963,,,0,70,,8964,,,0
