5401,'236.0.1',643,,3472,20,,,0,100,,3473,20,,,0,100,,3474,20,,,0,100,,3475,20,,,0,106,,3476,20,,,0,100,,3477,20,,,0,100,,3478,20,,,0,100,,3479,20,,,0,100,,3480,20,,,0,99,,3481,20,,,0,100,,3482,20,,,0,100,,3483,20,,,0,96,,3484,20,,,0,100,,3485,20,,,0,100,,3486,20,,,0,100,,3487,20,,,0,100,,3488,20,,,0
5401,'236.0.2',843,,3489,20,,,0,100,,3490,20,,,0,106,,3491,20,,,0,100,,3492,20,,,0,99,,3493,20,,,0,100,,3494,20,,,0,100,,3495,20,,,0,99,,3496,20,,,0,100,,3497,20,,,0,100,,3498,20,,,0,96,,3499,20,,,0,100,,3500,20,,,0,100,,3501,20,,,0,100,,3502,20,,,0
5401,'236.0.3',647,,3503,20,,,0,73,,3504,20,,,0,27,,3505,20,,,0,70,,3506,20,,,0,30,,3507,20,,,0,69,,3508,20,,,0,35,,3509,20,,,0,100,,3510,20,,,0,100,,3511,20,,,0,104,,3512,20,,,0,100,,3513,20,,,0,102,,3514,20,,,0,100,,3515,20,,,0,70,,3516,20,,,0,75,,3517,20,,,0,27,,3518,20,,,0,30,,3519,20,,,0,64,,3520,20,,,0,30,,3521,20,,,0,70,,3522,20,,,0,30,,3523,20,,,0,70,,3524,20,,,0,30,,3525,20,,,0,100,,3526,20,,,0
5501,'236.0.1',804,,3577,19,,,0,100,,3578,19,,,0,101,,3579,19,,,0,103,,3580,19,,,0,100,,3581,19,,,0,100,,3582,19,,,0,100,,3583,19,,,0,100,,3584,19,,,0,100,,3585,19,,,0,100,,3586,19,,,0,99,,3587,19,,,0,100,,3588,19,,,0,97,,3589,19,,,0,100,,3590,19,,,0,100,,3591,19,,,0
5501,'236.0.2',804,,3592,19,,,0,100,,3593,19,,,0,101,,3594,19,,,0,103,,3595,19,,,0,100,,3596,19,,,0,100,,3597,19,,,0,100,,3598,19,,,0,100,,3599,19,,,0,100,,3600,19,,,0,100,,3601,19,,,0,99,,3602,19,,,0,97,,3603,19,,,0,100,,3604,19,,,0,100,,3605,19,,,0,100,,3606,19,,,0
5501,'236.0.3',654,,3607,19,,,0,71,,3625,19,,,0,31,,3608,19,,,0,72,,3609,19,,,0,100,,3610,19,,,0,85,,3611,19,,,0,100,,3612,19,,,0,100,,3613,19,,,0,103,,3614,19,,,0,100,,3615,19,,,0,100,,3616,19,,,0,85,,3617,19,,,0,101,,3618,19,,,0,33,,3626,19,,,0,68,,3619,19,,,0,23,,3620,19,,,0,75,,3621,19,,,0,99,,3622,19,,,0,110,,3623,19,,,0,100,,3624,19,,,0
5600,'236.0.1',611,,3627,10,,,0,30,,3628,10,,,0,70,,3629,10,,,0,30,,3630,10,,,0,70,,3631,10,,,0,30,,3632,10,,,0,70,,3633,10,,,0,30,,3634,10,,,0,71,,3635,10,,,0,29,,3636,10,,,0,70,,3637,10,,,0,30,,3638,10,,,0,70,,3639,10,,,0,30,,3640,10,,,0,70,,3641,10,,,0,30,,3642,10,,,0,70,,3643,10,,,0,30,,3644,10,,,0,70,,3645,10,,,0,30,,3646,10,,,0,70,,3647,10,,,0,30,,3648,10,,,0,70,,3649,10,,,0,30,,3650,10,,,0,70,,3651,10,,,0,31,,3652,10,,,0,70,,3653,10,,,0,30,,3654,10,,,0,70,,3655,10,,,0,30,,3656,10,,,0,70,,3657,10,,,0,30,,3658,10,,,0,70,,3659,10,,,0,30,,3660,10,,,0,70,,3661,10,,,0,30,,3662,10,,,0
5600,'236.0.2',711,,3663,10,,,0,30,,3664,10,,,0,70,,3665,10,,,0,30,,3666,10,,,0,70,,3667,10,,,0,30,,3668,10,,,0,71,,3669,10,,,0,30,,3670,10,,,0,70,,3671,10,,,0,30,,3672,10,,,0,70,,3673,10,,,0,30,,3674,10,,,0,70,,3675,10,,,0,30,,3676,10,,,0,70,,3677,10,,,0,30,,3678,10,,,0,70,,3679,10,,,0,30,,3680,10,,,0,70,,3681,10,,,0,30,,3682,10,,,0,70,,3683,10,,,0,30,,3684,10,,,0,70,,3685,10,,,0,30,,3686,10,,,0,69,,3687,10,,,0,30,,3688,10,,,0,70,,3689,10,,,0,30,,3690,10,,,0,70,,3691,10,,,0,30,,3692,10,,,0,70,,3693,10,,,0
5600,'236.0.3',612,,3694,10,,,0,30,,3695,10,,,0,70,,3696,10,,,0,30,,3697,10,,,0,70,,3698,10,,,0,30,,3699,10,,,0,70,,3700,10,,,0,30,,3701,10,,,0,70,,3702,10,,,0,30,,3703,10,,,0,70,,3704,10,,,0,30,,3705,10,,,0,70,,3706,10,,,0,30,,3707,10,,,0,70,,3708,10,,,0,30,,3709,10,,,0,70,,3710,10,,,0,30,,3711,10,,,0,70,,3712,10,,,0,30,,3713,10,,,0,70,,3714,10,,,0,30,,3715,10,,,0,70,,3716,10,,,0,30,,3717,10,,,0,70,,3718,10,,,0,30,,3719,10,,,0,70,,3720,10,,,0,30,,3721,10,,,0,70,,3722,10,,,0,30,,3723,10,,,0,70,,3724,10,,,0,30,,3725,10,,,0,70,,3726,10,,,0,30,,3727,10,,,0,70,,3728,10,,,0,30,,3729,10,,,0
7200,'236.0.1',621,,4757,18,,,0,30,,4758,18,,,0,70,,4759,18,,,0,30,,4760,18,,,0,70,,4761,18,,,0,30,,4762,18,,,0,70,,4763,18,,,0,30,,4764,18,,,0,70,,4765,18,,,0,32,,4766,18,,,0,70,,4767,18,,,0,30,,4768,18,,,0,70,,4769,18,,,0,30,,4770,18,,,0,70,,4771,18,,,0,30,,4772,18,,,0,70,,4773,18,,,0,30,,4774,18,,,0,70,,4775,18,,,0,30,,4776,18,,,0,70,,4777,18,,,0,30,,4778,18,,,0,70,,4779,18,,,0,28,,4780,18,,,0,70,,4781,18,,,0,100,,4782,18,,,0,100,,4783,18,,,0,100,,4784,18,,,0,100,,4785,18,,,0,100,,4786,18,,,0
7200,'236.0.2',721,,4787,18,,,0,100,,4788,18,,,0,100,,4789,18,,,0,100,,4790,18,,,0,102,,4791,18,,,0,100,,4792,18,,,0,100,,4793,18,,,0,100,,4794,18,,,0,100,,4795,18,,,0,100,,4796,18,,,0,100,,4797,18,,,0,100,,4798,18,,,0,97,,4799,18,,,0,100,,4800,18,,,0,100,,4801,18,,,0,100,,4802,18,,,0
7200,'236.0.3',621,,4803,18,,,0,30,,4804,18,,,0,70,,4805,18,,,0,31,,4806,18,,,0,70,,4807,18,,,0,30,,4808,18,,,0,69,,4809,18,,,0,30,,4810,18,,,0,70,,4811,18,,,0,30,,4812,18,,,0,70,,4813,18,,,0,30,,4814,18,,,0,70,,4815,18,,,0,30,,4816,18,,,0,70,,4817,18,,,0,30,,4818,18,,,0,70,,4819,18,,,0,30,,4820,18,,,0,70,,4821,18,,,0,30,,4822,18,,,0,70,,4823,18,,,0,30,,4824,18,,,0,70,,4825,18,,,0,30,,4826,18,,,0,69,,4827,18,,,0,30,,4828,18,,,0,70,,4829,18,,,0,100,,4830,18,,,0,100,,4831,18,,,0,100,,4832,18,,,0,100,,4833,18,,,0
2001001,'236.0.1',638,,8171,1,,,0,94,,8172,1,,,0,87,,8173,1,,,0,30,,8174,1,,,0,70,,8175,1,,,0,31,,8176,1,,,0,73,,8177,1,,,0,30,,8178,1,,,0,70,,8179,1,,,0,32,,8180,1,,,0,73,,8181,1,,,0,72,,8182,1,,,0,30,,8183,1,,,0,70,,8184,1,,,0,30,,8185,1,,,0,70,,8186,1,,,0,30,,8187,1,,,0,70,,8188,1,,,0,30,,8189,1,,,0,70,,8190,1,,,0,30,,8191,1,,,0,70,,8192,1,,,0,30,,8193,1,,,0,28,,8194,1,,,0,67,,8195,1,,,0,30,,8196,1,,,0,70,,8197,1,,,0,100,,8198,1,,,0,100,,8199,1,,,0,100,,8200,1,,,0,100,,8201,1,,,0
2001001,'236.0.2',633,,8202,1,,,0,92,,8203,1,,,0,90,,8204,1,,,0,32,,8205,1,,,0,70,,8206,1,,,0,30,,8207,1,,,0,72,,8208,1,,,0,32,,8209,1,,,0,71,,8210,1,,,0,30,,8211,1,,,0,70,,8212,1,,,0,30,,8213,1,,,0,70,,8214,1,,,0,30,,8215,1,,,0,72,,8216,1,,,0,31,,8217,1,,,0,70,,8218,1,,,0,30,,8219,1,,,0,70,,8220,1,,,0,29,,8221,1,,,0,70,,8222,1,,,0,30,,8223,1,,,0,70,,8224,1,,,0,102,,8225,1,,,0,100,,8226,1,,,0,100,,8227,1,,,0,100,,8228,1,,,0,100,,8229,1,,,0,100,,8230,1,,,0
2001001,'236.0.3',547,,8231,1,,,0,70,,8232,1,,,0,22,,8233,1,,,0,18,,8234,1,,,0,62,,8269,1,,,0,20,,8235,1,,,0,20,,8236,1,,,0,60,,8237,1,,,0,21,,8238,1,,,0,94,,8239,1,,,0,20,,8240,1,,,0,64,,8241,1,,,0,29,,8242,1,,,0,70,,8243,1,,,0,30,,8244,1,,,0,70,,8245,1,,,0,30,,8246,1,,,0,70,,8247,1,,,0,39,,8248,1,,,0,61,,8249,1,,,0,24,,8250,1,,,0,15,,8251,1,,,0,61,,8252,1,,,0,20,,8253,1,,,0,20,,8254,1,,,0,61,,8255,1,,,0,24,,8256,1,,,0,65,,8257,1,,,0,21,,8258,1,,,0,20,,8259,1,,,0,9,,8260,1,,,0,60,,8261,1,,,0,30,,8262,1,,,0,70,,8263,1,,,0,32,,8264,1,,,0,70,,8265,1,,,0,30,,8266,1,,,0,70,,8267,1,,,0,30,,8268,1,,,0
3001001,'236.0.1',608,,8731,9,0,5,0,94,,8732,9,0,5,0,100,,8733,9,0,5,0,32,,8734,9,0,5,0,70,,8735,9,0,5,0,30,,8736,9,0,5,0,70,,8737,9,0,5,0,34,,8738,9,0,5,0,70,,8739,9,0,5,0,31,,8740,9,0,5,0,72,,8741,9,0,5,0,34,,8742,9,0,5,0,70,,8743,9,0,5,0,30,,8744,9,0,5,0,70,,8745,9,0,5,0,30,,8746,9,0,5,0,70,,8747,9,0,5,0,30,,8748,9,0,5,0,70,,8749,9,0,5,0,30,,8750,9,0,5,0,70,,8751,9,0,5,0,30,,8752,9,0,5,0,70,,8753,9,0,5,0,30,,8754,9,0,5,0,66,,8755,9,0,5,0,28,,8756,9,0,5,0,70,,8757,9,0,5,0,100,,8758,9,0,5,0,96,,8759,9,0,5,0,96,,8760,9,0,5,0,100,,8761,9,0,5,0,55,,8762,9,4,,0
3001001,'236.0.2',608,,8763,9,0,5,0,50,,8764,9,0,5,0,100,,8765,9,0,5,0,70,,8766,9,0,5,0,30,,8767,9,0,5,0,70,,8768,9,0,5,0,30,,8769,9,0,5,0,73,,8770,9,0,5,0,74,,8771,9,0,5,0,30,,8772,9,0,5,0,70,,8773,9,0,5,0,30,,8774,9,0,5,0,71,,8775,9,0,5,0,30,,8776,9,0,5,0,70,,8777,9,0,5,0,30,,8778,9,0,5,0,73,,8779,9,0,5,0,30,,8780,9,0,5,0,70,,8781,9,0,5,0,30,,8782,9,0,5,0,70,,8783,9,0,5,0,30,,8784,9,0,5,0,70,,8785,9,0,5,0,30,,8786,9,0,5,0,68,,8787,9,0,5,0,100,,8788,9,0,5,0,94,,8789,9,0,5,0,100,,8790,9,0,5,0,100,,8791,9,0,5,0,55,,8792,9,4,,0
3001001,'236.0.3',532,,8793,9,0,5,0,70,,8794,9,0,5,0,30,,8795,9,0,5,0,20,,8796,9,0,5,0,62,,8797,9,0,5,0,20,,8798,9,0,5,0,18,,8799,9,0,5,0,59,,8800,9,0,5,0,20,,8801,9,0,5,0,20,,8802,9,0,5,0,73,,8803,9,0,5,0,20,,8804,9,0,5,0,60,,8805,9,0,5,0,28,,8806,9,0,5,0,70,,8807,9,0,5,0,30,,8808,9,0,5,0,70,,8809,9,0,5,0,30,,8810,9,0,5,0,70,,8811,9,0,5,0,30,,8812,9,0,5,0,70,,8813,9,0,5,0,30,,8814,9,0,5,0,70,,8815,9,0,5,0,21,,8816,9,0,5,0,20,,8817,9,0,5,0,60,,8818,9,0,5,0,21,,8819,9,0,5,0,27,,8820,9,0,5,0,63,,8821,9,0,5,0,20,,8822,9,0,5,0,20,,8823,9,0,5,0,58,,8824,9,0,5,0,16,,8825,9,0,5,0,17,,8826,9,0,5,0,14,,8827,9,0,5,0,55,,8828,9,0,5,0,19,,8829,9,0,5,0,79,,8830,9,0,5,0,30,,8831,9,0,5,0,70,,8832,9,0,5,0,30,,8833,9,0,5,0,70,,8834,9,0,5,0,27,,8835,9,0,5,0,65,,8836,9,0,5,0,30,,8837,9,4,,0,25,,8838,9,4,,0,70,,8839,9,4,,0,30,,8840,9,4,,0
