801,'236.0.1',526,,1843,3,,,0,30,,1844,3,,,0,70,,1845,3,,,0,30,,1846,3,,,0,70,,1847,3,,,0,30,,1848,3,,,0,70,,1849,3,,,0,30,,1850,3,,,0,70,,1851,3,,,0,30,,1852,3,,,0,70,,1853,3,,,0,30,,1854,3,,,0,70,,1855,3,,,0,30,,1856,3,,,0,70,,1857,3,,,0,30,,1858,3,,,0,70,,1859,3,,,0,30,,1860,3,,,0,70,,1861,3,,,0,30,,1862,3,,,0,70,,1863,3,,,0,30,,1864,3,,,0,70,,1865,3,,,0,30,,1866,3,,,0,70,,1867,3,,,0,30,,1868,3,,,0,70,,1869,3,,,0,30,,1870,3,,,0,70,,1871,3,,,0,30,,1872,3,,,0,70,,1873,3,,,0,30,,1874,3,,,0,70,,1875,3,,,0,30,,1876,3,,,0,70,,1877,3,,,0,30,,1878,3,,,0,70,,1879,3,,,0,100,,1880,3,,,0
801,'236.0.2',531,,1881,3,,,0,70,,1882,3,,,0,30,,1883,3,,,0,70,,1884,3,,,0,30,,1885,3,,,0,70,,1886,3,,,0,30,,1887,3,,,0,70,,1888,3,,,0,30,,1889,3,,,0,70,,1890,3,,,0,30,,1891,3,,,0,70,,1892,3,,,0,30,,1893,3,,,0,70,,1894,3,,,0,30,,1895,3,,,0,70,,1896,3,,,0,30,,1897,3,,,0,70,,1898,3,,,0,30,,1899,3,,,0,70,,1900,3,,,0,30,,1901,3,,,0,70,,1902,3,,,0,30,,1903,3,,,0,70,,1904,3,,,0,30,,1905,3,,,0,70,,1906,3,,,0,30,,1907,3,,,0,70,,1908,3,,,0,30,,1909,3,,,0,70,,1910,3,,,0,30,,1911,3,,,0,70,,1912,3,,,0,30,,1913,3,,,0,70,,1914,3,,,0,100,,1915,3,,,0,100,,1916,3,,,0
801,'236.0.3',511,,1917,3,,,0,30,,1918,3,,,0,70,,1919,3,,,0,20,,1920,3,,,0,20,,1921,3,,,0,60,,1922,3,,,0,20,,1923,3,,,0,20,,1924,3,,,0,60,,1925,3,,,0,20,,1926,3,,,0,20,,1927,3,,,0,60,,1928,3,,,0,20,,1929,3,,,0,20,,1930,3,,,0,60,,1931,3,,,0,20,,1932,3,,,0,20,,1933,3,,,0,60,,1934,3,,,0,20,,1935,3,,,0,20,,1936,3,,,0,60,,1937,3,,,0,20,,1938,3,,,0,20,,1939,3,,,0,60,,1940,3,,,0,20,,1941,3,,,0,20,,1942,3,,,0,60,,1943,3,,,0,20,,1944,3,,,0,20,,1945,3,,,0,71,,1946,3,,,0,30,,1947,3,,,0,70,,1948,3,,,0,30,,1949,3,,,0,70,,1950,3,,,0,30,,1951,3,,,0,69,,1952,3,,,0,30,,1953,3,,,0,70,,1954,3,,,0,30,,1955,3,,,0,70,,1956,3,,,0,30,,1957,3,,,0,70,,1958,3,,,0,30,,1959,3,,,0,70,,1960,3,,,0,30,,1961,3,,,0,70,,1962,3,,,0,30,,1963,3,,,0,70,,1964,3,,,0
8201,'236.0.1',640,,4962,3,,,0,100,,4963,3,,,0,100,,4964,3,,,0,100,,4965,3,,,0,100,,4966,3,,,0,100,,4967,3,,,0,100,,4968,3,,,0,100,,4969,3,,,0,100,,4970,3,,,0,100,,4971,3,,,0,100,,4972,3,,,0,100,,4973,3,,,0,100,,4974,3,,,0,100,,4975,3,,,0,100,,4976,3,,,0,100,,4977,3,,,0,100,,4978,3,,,0
8201,'236.0.2',641,,4979,3,,,0,100,,4980,3,,,0,100,,4981,3,,,0,100,,4982,3,,,0,100,,4983,3,,,0,100,,4984,3,,,0,100,,4985,3,,,0,100,,4986,3,,,0,100,,4987,3,,,0,100,,4988,3,,,0,100,,4989,3,,,0,100,,4990,3,,,0,100,,4991,3,,,0,100,,4992,3,,,0,100,,4993,3,,,0,100,,4994,3,,,0
8201,'236.0.3',846,,4995,3,,,0,100,,4996,3,,,0,100,,4997,3,,,0,100,,4998,3,,,0,100,,4999,3,,,0,100,,5000,3,,,0,100,,5001,3,,,0,99,,5002,3,,,0,67,,5003,3,,,0,30,,5004,3,,,0,70,,5005,3,,,0,30,,5006,3,,,0,69,,5007,3,,,0,35,,5008,3,,,0,100,,5009,3,,,0,100,,5010,3,,,0,100,,5011,3,,,0,100,,5012,3,,,0
8401,'236.0.1',601,,5180,3,,,0,100,,5181,3,,,0,100,,5182,3,,,0,100,,5183,3,,,0,100,,5184,3,,,0,100,,5185,3,,,0,100,,5186,3,,,0,100,,5187,3,,,0,100,,5188,3,,,0,100,,5189,3,,,0,100,,5190,3,,,0,100,,5191,3,,,0,100,,5192,3,,,0,100,,5193,3,,,0,100,,5194,3,,,0,100,,5195,3,,,0,100,,5196,3,,,0
8401,'236.0.2',606,,5197,3,,,0,100,,5198,3,,,0,100,,5199,3,,,0,100,,5200,3,,,0,100,,5201,3,,,0,100,,5202,3,,,0,100,,5203,3,,,0,100,,5204,3,,,0,100,,5205,3,,,0,100,,5206,3,,,0,100,,5207,3,,,0,100,,5208,3,,,0,100,,5209,3,,,0,100,,5210,3,,,0,100,,5211,3,,,0,100,,5212,3,,,0,100,,5213,3,,,0
8401,'236.0.3',506,,5214,3,,,0,30,,5215,3,,,0,70,,5216,3,,,0,15,,5217,3,,,0,15,,5245,3,,,0,15,,5218,3,,,0,55,,5219,3,,,0,15,,5220,3,,,0,15,,5221,3,,,0,15,,5222,3,,,0,55,,5223,3,,,0,15,,5224,3,,,0,15,,5225,3,,,0,15,,5246,3,,,0,55,,5226,3,,,0,100,,5227,3,,,0,100,,5228,3,,,0,100,,5229,3,,,0,100,,5230,3,,,0,100,,5231,3,,,0,100,,5232,3,,,0,30,,5233,3,,,0,70,,5234,3,,,0,30,,5235,3,,,0,70,,5236,3,,,0,30,,5237,3,,,0,70,,5238,3,,,0,100,,5239,3,,,0,100,,5240,3,,,0,100,,5241,3,,,0,100,,5242,3,,,0,100,,5243,3,,,0,100,,5244,3,,,0
8500,'236.0.1',617,,5247,3,,,0,100,,5248,3,,,0,100,,5249,3,,,0,100,,5250,3,,,0,100,,5251,3,,,0,100,,5252,3,,,0,100,,5253,3,,,0,100,,5254,3,,,0,100,,5255,3,,,0,100,,5256,3,,,0,100,,5257,3,,,0,100,,5258,3,,,0,100,,5259,3,,,0,100,,5260,3,,,0,100,,5261,3,,,0,100,,5262,3,,,0,100,,5263,3,,,0
8500,'236.0.2',622,,5264,3,,,0,100,,5265,3,,,0,100,,5266,3,,,0,100,,5267,3,,,0,100,,5268,3,,,0,100,,5269,3,,,0,100,,5270,3,,,0,100,,5271,3,,,0,100,,5272,3,,,0,100,,5273,3,,,0,100,,5274,3,,,0,100,,5275,3,,,0,100,,5276,3,,,0,100,,5277,3,,,0,100,,5278,3,,,0,100,,5279,3,,,0
8500,'236.0.3',534,,5280,3,,,0,15,,5302,3,,,0,55,,5281,3,,,0,15,,5282,3,,,0,15,,5283,3,,,0,15,,5284,3,,,0,55,,5285,3,,,0,15,,5286,3,,,0,14,,5287,3,,,0,15,,5288,3,,,0,55,,5289,3,,,0,15,,5303,3,,,0,17,,5290,3,,,0,100,,5291,3,,,0,100,,5292,3,,,0,100,,5293,3,,,0,100,,5294,3,,,0,100,,5295,3,,,0,100,,5296,3,,,0,100,,5297,3,,,0,415,,5298,3,,,0,100,,5299,3,,,0,100,,5300,3,,,0,100,,5301,3,,,0
8600,'236.0.1',613,,5363,3,,,0,100,,5364,3,,,0,100,,5365,3,,,0,100,,5366,3,,,0,100,,5367,3,,,0,100,,5368,3,,,0,100,,5369,3,,,0,100,,5370,3,,,0,100,,5371,3,,,0,100,,5372,3,,,0,100,,5373,3,,,0,101,,5374,3,,,0,100,,5375,3,,,0,100,,5376,3,,,0,100,,5377,3,,,0,100,,5378,3,,,0,100,,5379,3,,,0
8600,'236.0.2',619,,5380,3,,,0,100,,5381,3,,,0,100,,5382,3,,,0,100,,5383,3,,,0,100,,5384,3,,,0,100,,5385,3,,,0,100,,5386,3,,,0,100,,5387,3,,,0,100,,5388,3,,,0,100,,5389,3,,,0,100,,5390,3,,,0,100,,5391,3,,,0,100,,5392,3,,,0,100,,5393,3,,,0,100,,5394,3,,,0,100,,5395,3,,,0
8600,'236.0.3',532,,5396,3,,,0,27,,5397,3,,,0,70,,5398,3,,,0,29,,5399,3,,,0,69,,5400,3,,,0,29,,5401,3,,,0,65,,5402,3,,,0,100,,5403,3,,,0,100,,5404,3,,,0,100,,5405,3,,,0,100,,5406,3,,,0,100,,5407,3,,,0,100,,5408,3,,,0,100,,5409,3,,,0,420,,5410,3,,,0,100,,5411,3,,,0,100,,5412,3,,,0,100,,5413,3,,,0
8701,'236.0.1',606,,5542,3,,,0,30,,5543,3,,,0,70,,5544,3,,,0,30,,5545,3,,,0,70,,5546,3,,,0,30,,5547,3,,,0,70,,5548,3,,,0,30,,5549,3,,,0,70,,5550,3,,,0,30,,5551,3,,,0,70,,5552,3,,,0,30,,5553,3,,,0,70,,5554,3,,,0,30,,5555,3,,,0,70,,5556,3,,,0,30,,5557,3,,,0,70,,5558,3,,,0,30,,5559,3,,,0,70,,5560,3,,,0,30,,5561,3,,,0,70,,5562,3,,,0,30,,5563,3,,,0,70,,5564,3,,,0,30,,5565,3,,,0,70,,5566,3,,,0,95,,5567,3,,,0,100,,5568,3,,,0,100,,5569,3,,,0,100,,5570,3,,,0,100,,5571,3,,,0
8701,'236.0.2',606,,5572,3,,,0,100,,5573,3,,,0,100,,5574,3,,,0,100,,5575,3,,,0,100,,5576,3,,,0,100,,5577,3,,,0,100,,5578,3,,,0,100,,5579,3,,,0,100,,5580,3,,,0,100,,5581,3,,,0,100,,5582,3,,,0,100,,5583,3,,,0,100,,5584,3,,,0,100,,5585,3,,,0,100,,5586,3,,,0,100,,5587,3,,,0,100,,5588,3,,,0,100,,5589,3,,,0
8701,'236.0.3',626,,5590,3,,,0,30,,5591,3,,,0,55,,5592,3,,,0,30,,5593,3,,,0,70,,5594,3,,,0,30,,5595,3,,,0,70,,5596,3,,,0,30,,5597,3,,,0,70,,5598,3,,,0,30,,5599,3,,,0,70,,5600,3,,,0,30,,5601,3,,,0,70,,5602,3,,,0,30,,5603,3,,,0,70,,5604,3,,,0,30,,5605,3,,,0,70,,5606,3,,,0,31,,5607,3,,,0,70,,5608,3,,,0,30,,5609,3,,,0,70,,5610,3,,,0,30,,5611,3,,,0,70,,5612,3,,,0,30,,5613,3,,,0,69,,5614,3,,,0,30,,5615,3,,,0,90,,5616,3,,,0,100,,5617,3,,,0,100,,5618,3,,,0,100,,5619,3,,,0,100,,5620,3,,,0
18201,'236.0.3',523,,6194,3,,,0,15,,6195,3,,,0,15,,6196,3,,,0,55,,6197,3,,,0,15,,6198,3,,,0,13,,6199,3,,,0,14,,6200,3,,,0,55,,6206,3,,,0,15,,6201,3,,,0,15,,6202,3,,,0,15,,6203,3,,,0,55,,6205,3,,,0,15,,6204,3,,,0
18500,'236.0.3',1547,,6220,13,,,0,55,,6221,13,,,0,15,,6222,13,,,0,20,,6223,13,,,0,15,,6224,13,,,0,60,,6225,13,,,0,15,,6226,13,,,0,15,,6227,13,,,0,8,,6228,13,,,0,8,,6231,13,,,0,55,,6229,13,,,0,15,,6232,13,,,0,15,,6230,13,,,0,15,,6233,13,,,0
18600,'236.0.3',1553,,6246,13,,,0,75,,6247,13,,,0,74,,6248,13,,,0,29,,6251,13,,,0,22,,6249,13,,,0,66,,6250,13,,,0
