300,'220.0.1',634,,1187,,,0,100,,1188,,,0,100,,1189,,,0,70,,1190,,,0,30,,1191,,,0,70,,1192,,,0,30,,1193,,,0,70,,1194,,,0,30,,1195,,,0,70,,1196,,,0,30,,1197,,,0,70,,1198,,,0,30,,1199,,,0,70,,1200,,,0,30,,1201,,,0,70,,1202,,,0,30,,1203,,,0,70,,1204,,,0,30,,1205,,,0,70,,1206,,,0,30,,1207,,,0,70,,1208,,,0,30,,1209,,,0,70,,1210,,,0,29,,1211,,,0,70,,1212,,,0,30,,1213,,,0,70,,1214,,,0,30,,1215,,,0,70,,1216,,,0,30,,1217,,,0,70,,1218,,,0,30,,1219,,,0,70,,1220,,,0,30,,1221,,,0,20,,1222,,,0
300,'220.0.2',617,,1223,,,0,100,,1224,,,0,100,,1225,,,0,30,,1226,,,0,70,,1227,,,0,27,,1228,,,0,60,,1229,,,0,20,,1230,,,0,20,,1231,,,0,62,,1232,,,0,20,,1233,,,0,20,,1234,,,0,60,,1235,,,0,20,,1236,,,0,20,,1237,,,0,60,,1238,,,0,20,,1239,,,0,20,,1240,,,0,60,,1241,,,0,20,,1242,,,0,20,,1243,,,0,60,,1244,,,0,20,,1245,,,0,20,,1246,,,0,60,,1247,,,0,20,,1248,,,0,20,,1249,,,0,60,,1250,,,0,20,,1251,,,0,20,,1252,,,0,58,,1253,,,0,19,,1254,,,0,30,,1255,,,0,70,,1256,,,0,30,,1257,,,0,70,,1258,,,0,30,,1259,,,0,70,,1260,,,0,30,,1261,,,0,63,,1262,,,0,30,,1263,,,0,70,,1264,,,0,30,,1265,,,0,70,,1266,,,0
300,'220.0.3',549,,1267,,,0,70,,1268,,,0,15,,1269,,,0,15,,1270,,,0,55,,1271,,,0,15,,1272,,,0,15,,1273,,,0,19,,1274,,,0,55,,1275,,,0,15,,1276,,,0,15,,1277,,,0,15,,1278,,,0,55,,1279,,,0,15,,1280,,,0,20,,1281,,,0,60,,1282,,,0,20,,1283,,,0,20,,1284,,,0,60,,1285,,,0,20,,1286,,,0,20,,1287,,,0,60,,1288,,,0,20,,1289,,,0,20,,1290,,,0,60,,1291,,,0,20,,1292,,,0,20,,1293,,,0,60,,1294,,,0,20,,1295,,,0,20,,1296,,,0,60,,1297,,,0,10,,1298,,,0,10,,1299,,,0,15,,1300,,,0,15,,1301,,,0,55,,1302,,,0,15,,1303,,,0,15,,1304,,,0,15,,1305,,,0,55,,1306,,,0,15,,1307,,,0,15,,1308,,,0,14,,1309,,,0,53,,1310,,,0,15,,1311,,,0,15,,1312,,,0,15,,1313,,,0,59,,1314,,,0,20,,1315,,,0,20,,1316,,,0,60,,1317,,,0,20,,1318,,,0,20,,1319,,,0,60,,1320,,,0,10,,1321,,,0,30,,1322,,,0,70,,1323,,,0,30,,1324,,,0,70,,1325,,,0,30,,1326,,,0,70,,1327,,,0,30,,1328,,,0
300,'220.0.4',549,,1329,,,0,70,,1330,,,0,15,,1331,,,0,15,,1332,,,0,55,,1333,,,0,15,,1334,,,0,15,,1335,,,0,19,,1336,,,0,55,,1337,,,0,15,,1338,,,0,15,,1339,,,0,15,,1340,,,0,55,,1341,,,0,15,,1342,,,0,20,,1343,,,0,60,,1344,,,0,20,,1345,,,0,20,,1346,,,0,60,,1347,,,0,20,,1348,,,0,20,,1349,,,0,60,,1350,,,0,20,,1351,,,0,20,,1352,,,0,60,,1353,,,0,20,,1354,,,0,20,,1355,,,0,60,,1356,,,0,20,,1357,,,0,20,,1358,,,0,60,,1359,,,0,10,,1360,,,0,10,,1361,,,0,15,,1362,,,0,15,,1363,,,0,55,,1364,,,0,15,,1365,,,0,15,,1366,,,0,15,,1367,,,0,55,,1368,,,0,15,,1369,,,0,15,,1370,,,0,14,,1371,,,0,53,,1372,,,0,15,,1373,,,0,15,,1374,,,0,15,,1375,,,0,59,,1376,,,0,20,,1377,,,0,20,,1378,,,0,60,,1379,,,0,20,,1380,,,0,20,,1381,,,0,60,,1382,,,0,10,,1383,,,0,30,,1384,,,0,70,,1385,,,0,30,,1386,,,0,70,,1387,,,0,30,,1388,,,0,70,,1389,,,0,30,,1390,,,0,70,,1391,,,0,30,,1392,,,0
3900,'220.0.1',629,,4420,,,0,30,,4421,,,0,70,,4422,,,0,30,,4423,,,0,70,,4424,,,0,30,,4425,,,0,70,,4426,,,0,30,,4427,,,0,71,,4428,,,0,71,,4429,,,0,30,,4430,,,0,70,,4431,,,0,30,,4432,,,0,70,,4433,,,0,30,,4434,,,0,70,,4435,,,0,30,,4436,,,0,70,,4437,,,0,30,,4438,,,0,70,,4439,,,0,30,,4440,,,0,70,,4441,,,0,30,,4442,,,0,70,,4443,,,0,30,,4444,,,0,70,,4445,,,0,29,,4446,,,0,70,,4447,,,0,30,,4448,,,0,70,,4449,,,0,30,,4450,,,0,70,,4451,,,0,30,,4452,,,0,70,,4453,,,0,30,,4454,,,0
3900,'220.0.2',630,,4455,,,0,100,,4456,,,0,100,,4457,,,0,100,,4458,,,0,100,,4459,,,0,101,,4460,,,0,101,,4461,,,0,100,,4462,,,0,100,,4463,,,0,100,,4464,,,0,100,,4465,,,0,100,,4466,,,0,99,,4467,,,0,100,,4468,,,0,100,,4469,,,0,100,,4470,,,0
3900,'220.0.3',636,,4471,,,0,70,,4472,,,0,33,,4473,,,0,71,,4474,,,0,30,,4475,,,0,68,,4476,,,0,26,,4477,,,0,70,,4478,,,0,30,,4479,,,0,70,,4480,,,0,30,,4481,,,0,70,,4482,,,0,30,,4483,,,0,70,,4484,,,0,30,,4485,,,0,70,,4486,,,0,30,,4487,,,0,71,,4488,,,0,35,,4489,,,0,70,,4490,,,0,30,,4491,,,0,70,,4492,,,0,30,,4493,,,0,69,,4494,,,0,26,,4495,,,0,70,,4496,,,0,100,,4497,,,0,98,,4498,,,0,100,,4499,,,0,100,,4500,,,0
3900,'220.0.4',636,,4501,,,0,70,,4502,,,0,33,,4503,,,0,71,,4504,,,0,30,,4505,,,0,68,,4506,,,0,26,,4507,,,0,70,,4508,,,0,30,,4509,,,0,70,,4510,,,0,30,,4511,,,0,70,,4512,,,0,30,,4513,,,0,70,,4514,,,0,30,,4515,,,0,70,,4516,,,0,30,,4517,,,0,71,,4518,,,0,35,,4519,,,0,70,,4520,,,0,30,,4521,,,0,70,,4522,,,0,30,,4523,,,0,69,,4524,,,0,26,,4525,,,0,70,,4526,,,0,100,,4527,,,0,98,,4528,,,0,100,,4529,,,0,100,,4530,,,0,100,,4531,,,0,100,,4532,,,0,100,,4533,,,0
8701,'220.0.1',633,,7995,,,0,70,,7996,,,0,30,,7997,,,0,70,,7998,,,0,30,,7999,,,0,70,,8000,,,0,32,,8001,,,0,71,,8002,,,0,30,,8003,,,0,70,,8004,,,0,32,,8005,,,0,71,,8006,,,0,30,,8007,,,0,70,,8008,,,0,30,,8009,,,0,70,,8010,,,0,30,,8011,,,0,70,,8012,,,0,30,,8013,,,0,70,,8014,,,0,30,,8015,,,0,70,,8016,,,0,30,,8017,,,0,69,,8018,,,0,26,,8019,,,0,95,,8020,,,0,100,,8021,,,0,100,,8022,,,0,100,,8023,,,0,100,,8024,,,0
8701,'220.0.2',632,,8025,,,0,100,,8026,,,0,100,,8027,,,0,102,,8028,,,0,100,,8029,,,0,100,,8030,,,0,102,,8031,,,0,103,,8032,,,0,100,,8033,,,0,100,,8034,,,0,100,,8035,,,0,97,,8036,,,0,97,,8037,,,0,100,,8038,,,0,100,,8039,,,0,100,,8040,,,0,100,,8041,,,0,97,,8042,,,0
8701,'220.0.3',659,,8043,,,0,76,,8044,,,0,15,,8045,,,0,70,,8046,,,0,24,,8047,,,0,69,,8048,,,0,30,,8049,,,0,70,,8050,,,0,30,,8051,,,0,70,,8052,,,0,30,,8053,,,0,70,,8054,,,0,30,,8055,,,0,70,,8056,,,0,30,,8057,,,0,70,,8058,,,0,33,,8059,,,0,72,,8060,,,0,30,,8061,,,0,69,,8062,,,0,31,,8063,,,0,70,,8064,,,0,30,,8065,,,0,66,,8066,,,0,28,,8067,,,0,70,,8068,,,0,90,,8069,,,0,100,,8070,,,0,100,,8071,,,0,100,,8072,,,0,100,,8073,,,0
8701,'220.0.4',659,,8074,,,0,76,,8075,,,0,15,,8076,,,0,70,,8077,,,0,24,,8078,,,0,69,,8079,,,0,30,,8080,,,0,70,,8081,,,0,30,,8082,,,0,70,,8083,,,0,30,,8084,,,0,70,,8085,,,0,30,,8086,,,0,70,,8087,,,0,30,,8088,,,0,70,,8089,,,0,33,,8090,,,0,72,,8091,,,0,30,,8092,,,0,69,,8093,,,0,31,,8094,,,0,70,,8095,,,0,30,,8096,,,0,66,,8097,,,0,28,,8098,,,0,70,,8099,,,0,90,,8100,,,0,100,,8101,,,0,100,,8102,,,0,100,,8103,,,0,100,,8104,,,0,100,,8105,,,0,100,,8106,,,0
