800,'236.0.1',610,,1718,44,,,0,30,,1719,44,,,0,70,,1720,44,,,0,30,,1721,44,,,0,71,,1722,44,,,0,23,,1723,44,,,0,22,,1724,44,,,0,70,,1725,44,,,0,30,,1726,44,,,0,70,,1727,44,,,0,32,,1728,44,,,0,69,,1729,44,,,0,30,,1730,44,,,0,70,,1731,44,,,0,30,,1732,44,,,0,70,,1733,44,,,0,30,,1734,44,,,0,69,,1735,44,,,0,32,,1736,44,,,0,70,,1737,44,,,0,30,,1738,44,,,0,70,,1739,44,,,0,30,,1740,44,,,0,70,,1741,44,,,0,30,,1742,44,,,0,70,,1743,44,,,0,30,,1744,44,,,0,70,,1745,44,,,0,30,,1746,44,,,0,70,,1747,44,,,0,30,,1748,44,,,0,70,,1749,44,,,0,30,,1750,44,,,0,70,,1751,44,,,0,25,,1752,44,,,0,69,,1753,44,,,0,30,,1754,44,,,0,100,,1755,44,,,0
800,'236.0.2',628,,1756,44,,,0,30,,1757,44,,,0,70,,1758,44,,,0,30,,1759,44,,,0,70,,1760,44,,,0,30,,1761,44,,,0,70,,1762,44,,,0,30,,1763,44,,,0,71,,1764,44,,,0,74,,1765,44,,,0,30,,1766,44,,,0,25,,1767,44,,,0,71,,1768,44,,,0,72,,1769,44,,,0,30,,1770,44,,,0,70,,1771,44,,,0,30,,1772,44,,,0,70,,1773,44,,,0,30,,1774,44,,,0,70,,1775,44,,,0,30,,1776,44,,,0,75,,1777,44,,,0,29,,1778,44,,,0,70,,1779,44,,,0,29,,1780,44,,,0,69,,1781,44,,,0,28,,1782,44,,,0,70,,1783,44,,,0,28,,1784,44,,,0,29,,1785,44,,,0,70,,1786,44,,,0,30,,1787,44,,,0,70,,1788,44,,,0,30,,1789,44,,,0,100,,1790,44,,,0,100,,1791,44,,,0
800,'236.0.3',559,,1794,44,,,0,70,,1795,44,,,0,30,,1796,44,,,0,78,,1797,44,,,0,72,,1798,44,,,0,31,,1799,44,,,0,70,,1800,44,,,0,30,,1801,44,,,0,70,,1802,44,,,0,20,,1803,44,,,0,20,,1804,44,,,0,60,,1805,44,,,0,20,,1806,44,,,0,20,,1807,44,,,0,60,,1808,44,,,0,20,,1809,44,,,0,20,,1810,44,,,0,60,,1811,44,,,0,20,,1812,44,,,0,20,,1813,44,,,0,60,,1814,44,,,0,20,,1815,44,,,0,20,,1816,44,,,0,61,,1817,44,,,0,29,,1818,44,,,0,64,,1819,44,,,0,20,,1820,44,,,0,20,,1821,44,,,0,60,,1822,44,,,0,20,,1823,44,,,0,20,,1824,44,,,0,60,,1825,44,,,0,17,,1826,44,,,0,26,,1827,44,,,0,10,,1842,44,,,0,50,,1828,44,,,0,30,,1829,44,,,0,70,,1830,44,,,0,30,,1831,44,,,0,69,,1832,44,,,0,28,,1833,44,,,0,69,,1834,44,,,0,30,,1835,44,,,0,70,,1836,44,,,0,30,,1837,44,,,0,70,,1838,44,,,0,30,,1839,44,,,0,70,,1840,44,,,0,30,,1841,44,,,0
9000,'236.0.1',634,,5717,39,,,0,25,,5718,39,,,0,70,,5719,39,,,0,30,,5720,39,,,0,70,,5721,39,,,0,25,,5722,39,,,0,70,,5723,39,,,0,30,,5724,39,,,0,67,,5725,39,,,0,33,,5726,39,,,0,70,,5727,39,,,0,30,,5728,39,,,0,70,,5729,39,,,0,27,,5730,39,,,0,70,,5731,39,,,0,30,,5732,39,,,0,70,,5733,39,,,0,30,,5734,39,,,0,70,,5735,39,,,0,30,,5736,39,,,0,70,,5737,39,,,0,33,,5738,39,,,0,70,,5739,39,,,0,30,,5740,39,,,0,70,,5741,39,,,0,30,,5742,39,,,0,70,,5743,39,,,0,30,,5744,39,,,0,70,,5745,39,,,0,104,,5746,39,,,0,100,,5747,39,,,0,100,,5748,39,,,0,100,,5749,39,,,0
9000,'236.0.2',623,,5750,39,,,0,100,,5751,39,,,0,100,,5752,39,,,0,95,,5753,39,,,0,97,,5754,39,,,0,101,,5755,39,,,0,102,,5756,39,,,0,100,,5757,39,,,0,98,,5758,39,,,0,100,,5759,39,,,0,100,,5760,39,,,0,100,,5761,39,,,0,103,,5762,39,,,0,103,,5763,39,,,0,101,,5764,39,,,0,100,,5765,39,,,0,100,,5766,39,,,0,100,,5767,39,,,0
9000,'236.0.3',622,,5801,39,,,0,15,,5800,39,,,0,15,,5768,39,,,0,55,,5802,39,,,0,15,,5769,39,,,0,15,,5803,39,,,0,15,,5770,39,,,0,55,,5804,39,,,0,20,,5771,39,,,0,30,,5772,39,,,0,65,,5773,39,,,0,31,,5774,39,,,0,69,,5775,39,,,0,30,,5776,39,,,0,70,,5777,39,,,0,28,,5778,39,,,0,71,,5779,39,,,0,30,,5780,39,,,0,70,,5781,39,,,0,30,,5782,39,,,0,70,,5783,39,,,0,36,,5784,39,,,0,57,,5805,39,,,0,15,,5785,39,,,0,15,,5806,39,,,0,15,,5786,39,,,0,55,,5807,39,,,0,15,,5787,39,,,0,15,,5808,39,,,0,15,,5812,39,,,0,55,,5809,39,,,0,15,,5788,39,,,0,15,,5810,39,,,0,13,,5789,39,,,0,50,,5811,39,,,0,12,,5790,39,,,0,35,,5791,39,,,0,70,,5792,39,,,0,30,,5793,39,,,0,70,,5794,39,,,0,30,,5795,39,,,0,100,,5796,39,,,0,96,,5797,39,,,0,100,,5798,39,,,0,100,,5799,39,,,0
9100,'236.0.1',727,,5910,22,,,0,100,,5911,22,,,0,100,,5912,22,,,0,100,,5913,22,,,0,100,,5914,22,,,0,100,,5915,22,,,0,100,,5916,22,,,0,100,,5917,22,,,0,100,,5918,22,,,0,100,,5919,22,,,0,100,,5920,22,,,0,100,,5921,22,,,0,100,,5922,22,,,0,100,,5923,22,,,0,100,,5924,22,,,0,100,,5925,22,,,0
9100,'236.0.2',756,,5926,22,,,0,100,,5927,22,,,0,100,,5928,22,,,0,100,,5929,22,,,0,100,,5930,22,,,0,100,,5931,22,,,0,100,,5932,22,,,0,100,,5933,22,,,0,100,,5934,22,,,0,100,,5935,22,,,0,100,,5936,22,,,0,100,,5937,22,,,0,100,,5938,22,,,0,100,,5939,22,,,0,100,,5940,22,,,0
9100,'236.0.3',636,,5941,22,,,0,64,,5942,22,,,0,29,,5943,22,,,0,76,,5944,22,,,0,29,,5945,22,,,0,70,,5946,22,,,0,100,,5947,22,,,0,103,,5948,22,,,0,100,,5949,22,,,0,99,,5950,22,,,0,101,,5951,22,,,0,101,,5952,22,,,0,30,,5953,22,,,0,70,,5954,22,,,0,30,,5955,22,,,0,70,,5956,22,,,0,30,,5957,22,,,0,71,,5958,22,,,0,29,,5959,22,,,0,97,,5960,22,,,0,100,,5961,22,,,0,100,,5962,22,,,0,100,,5963,22,,,0
9300,'236.0.3',1545,,6019,30,,,0,67,,6020,30,,,0,41,,6021,30,,,0,63,,6022,30,,,0,35,,6023,30,,,0,58,,6024,30,,,0,30,,6025,30,,,0
