801,'236.0.1',548,,1843,37,,,0,70,,1844,37,,,0,30,,1845,37,,,0,70,,1846,37,,,0,30,,1847,37,,,0,72,,1848,37,,,0,30,,1849,37,,,0,70,,1850,37,,,0,30,,1851,37,,,0,73,,1852,37,,,0,30,,1853,37,,,0,70,,1854,37,,,0,30,,1855,37,,,0,70,,1856,37,,,0,31,,1857,37,,,0,71,,1858,37,,,0,30,,1859,37,,,0,70,,1860,37,,,0,30,,1861,37,,,0,70,,1862,37,,,0,30,,1863,37,,,0,70,,1864,37,,,0,30,,1865,37,,,0,70,,1866,37,,,0,28,,1867,37,,,0,69,,1868,37,,,0,30,,1869,37,,,0,70,,1870,37,,,0,27,,1871,37,,,0,69,,1872,37,,,0,30,,1873,37,,,0,70,,1874,37,,,0,30,,1875,37,,,0,70,,1876,37,,,0,30,,1877,37,,,0,70,,1878,37,,,0,30,,1879,37,,,0,100,,1880,37,,,0
801,'236.0.2',552,,1881,37,,,0,70,,1882,37,,,0,30,,1883,37,,,0,70,,1884,37,,,0,30,,1885,37,,,0,70,,1886,37,,,0,30,,1887,37,,,0,74,,1888,37,,,0,30,,1889,37,,,0,70,,1890,37,,,0,30,,1891,37,,,0,70,,1892,37,,,0,30,,1893,37,,,0,70,,1894,37,,,0,30,,1895,37,,,0,70,,1896,37,,,0,30,,1897,37,,,0,70,,1898,37,,,0,30,,1899,37,,,0,70,,1900,37,,,0,30,,1901,37,,,0,70,,1902,37,,,0,30,,1903,37,,,0,70,,1904,37,,,0,30,,1905,37,,,0,68,,1906,37,,,0,30,,1907,37,,,0,70,,1908,37,,,0,30,,1909,37,,,0,70,,1910,37,,,0,30,,1911,37,,,0,68,,1912,37,,,0,30,,1913,37,,,0,70,,1914,37,,,0,100,,1915,37,,,0,100,,1916,37,,,0
801,'236.0.3',537,,1917,37,,,0,70,,1918,37,,,0,30,,1919,37,,,0,20,,1920,37,,,0,62,,1921,37,,,0,20,,1922,37,,,0,20,,1923,37,,,0,60,,1924,37,,,0,20,,1925,37,,,0,20,,1926,37,,,0,58,,1927,37,,,0,20,,1928,37,,,0,20,,1929,37,,,0,60,,1930,37,,,0,20,,1931,37,,,0,20,,1932,37,,,0,60,,1933,37,,,0,20,,1934,37,,,0,20,,1935,37,,,0,60,,1936,37,,,0,20,,1937,37,,,0,20,,1938,37,,,0,60,,1939,37,,,0,20,,1940,37,,,0,20,,1941,37,,,0,60,,1942,37,,,0,20,,1943,37,,,0,20,,1944,37,,,0,62,,1945,37,,,0,33,,1946,37,,,0,70,,1947,37,,,0,30,,1948,37,,,0,70,,1949,37,,,0,30,,1950,37,,,0,66,,1951,37,,,0,28,,1952,37,,,0,70,,1953,37,,,0,30,,1954,37,,,0,70,,1955,37,,,0,30,,1956,37,,,0,68,,1957,37,,,0,29,,1958,37,,,0,70,,1959,37,,,0,30,,1960,37,,,0,70,,1961,37,,,0,30,,1962,37,,,0,70,,1963,37,,,0,30,,1964,37,,,0
9001,'236.0.1',611,,5813,23,,,0,30,,5814,23,,,0,70,,5815,23,,,0,25,,5816,23,,,0,70,,5817,23,,,0,30,,5818,23,,,0,70,,5819,23,,,0,25,,5820,23,,,0,71,,5821,23,,,0,31,,5822,23,,,0,70,,5823,23,,,0,30,,5824,23,,,0,70,,5825,23,,,0,30,,5826,23,,,0,70,,5827,23,,,0,30,,5828,23,,,0,70,,5829,23,,,0,30,,5830,23,,,0,70,,5831,23,,,0,30,,5832,23,,,0,70,,5833,23,,,0,30,,5834,23,,,0,70,,5835,23,,,0,35,,5836,23,,,0,69,,5837,23,,,0,29,,5838,23,,,0,70,,5839,23,,,0,30,,5840,23,,,0,70,,5841,23,,,0,100,,5842,23,,,0,100,,5843,23,,,0,100,,5844,23,,,0,100,,5845,23,,,0
9001,'236.0.2',559,,5846,23,,,0,100,,5847,23,,,0,100,,5848,23,,,0,100,,5849,23,,,0,95,,5850,23,,,0,102,,5851,23,,,0,100,,5852,23,,,0,102,,5853,23,,,0,100,,5854,23,,,0,98,,5855,23,,,0,100,,5856,23,,,0,100,,5857,23,,,0,99,,5858,23,,,0,103,,5859,23,,,0,145,,5860,23,,,0,98,,5861,23,,,0,100,,5862,23,,,0,99,,5863,23,,,0
9001,'236.0.3',541,,5864,23,,,0,70,,5865,23,,,0,30,,5866,23,,,0,15,,5898,23,,,0,53,,5867,23,,,0,15,,5899,23,,,0,10,,5868,23,,,0,15,,5900,23,,,0,55,,5869,23,,,0,17,,5901,23,,,0,18,,5870,23,,,0,15,,5902,23,,,0,55,,5871,23,,,0,30,,5872,23,,,0,65,,5873,23,,,0,30,,5874,23,,,0,70,,5875,23,,,0,30,,5876,23,,,0,70,,5877,23,,,0,30,,5878,23,,,0,70,,5879,23,,,0,30,,5880,23,,,0,70,,5881,23,,,0,30,,5882,23,,,0,70,,5883,23,,,0,32,,5884,23,,,0,21,,5903,23,,,0,62,,5885,23,,,0,8,,5904,23,,,0,25,,5886,23,,,0,55,,5905,23,,,0,15,,5887,23,,,0,15,,5906,23,,,0,14,,5888,23,,,0,53,,5907,23,,,0,13,,5889,23,,,0,12,,5908,23,,,0,13,,5890,23,,,0,12,,5909,23,,,0,53,,5891,23,,,0,30,,5892,23,,,0,70,,5893,23,,,0,30,,5894,23,,,0,100,,5895,23,,,0,100,,5896,23,,,0,100,,5897,23,,,0
9101,'236.0.1',805,,5964,26,,,0,100,,5965,26,,,0,100,,5966,26,,,0,100,,5967,26,,,0,100,,5968,26,,,0,100,,5969,26,,,0,100,,5970,26,,,0,100,,5971,26,,,0,100,,5972,26,,,0,100,,5973,26,,,0,100,,5974,26,,,0,100,,5975,26,,,0,100,,5976,26,,,0,100,,5977,26,,,0,100,,5978,26,,,0,100,,5979,26,,,0
9101,'236.0.2',834,,5980,26,,,0,100,,5981,26,,,0,100,,5982,26,,,0,100,,5983,26,,,0,100,,5984,26,,,0,100,,5985,26,,,0,100,,5986,26,,,0,100,,5987,26,,,0,100,,5988,26,,,0,100,,5989,26,,,0,100,,5990,26,,,0,100,,5991,26,,,0,100,,5992,26,,,0,100,,5993,26,,,0,100,,5994,26,,,0
9101,'236.0.3',609,,5995,26,,,0,30,,5996,26,,,0,74,,5997,26,,,0,24,,5998,26,,,0,70,,5999,26,,,0,37,,6000,26,,,0,69,,6001,26,,,0,29,,6002,26,,,0,100,,6003,26,,,0,103,,6004,26,,,0,100,,6005,26,,,0,99,,6006,26,,,0,107,,6007,26,,,0,101,,6008,26,,,0,71,,6009,26,,,0,30,,6010,26,,,0,73,,6011,26,,,0,30,,6012,26,,,0,65,,6013,26,,,0,94,,6014,26,,,0,100,,6015,26,,,0,100,,6016,26,,,0,100,,6017,26,,,0,100,,6018,26,,,0
9301,'236.0.3',613,,6026,23,,,0,30,,6027,23,,,0,70,,6028,23,,,0,29,,6029,23,,,0,71,,6030,23,,,0,31,,6031,23,,,0
