5600,'236.0.1',611,,3627,11,,,0,30,,3628,11,,,0,70,,3629,11,,,0,30,,3630,11,,,0,70,,3631,11,,,0,30,,3632,11,,,0,70,,3633,11,,,0,30,,3634,11,,,0,71,,3635,11,,,0,29,,3636,11,,,0,70,,3637,11,,,0,30,,3638,11,,,0,70,,3639,11,,,0,30,,3640,11,,,0,70,,3641,11,,,0,30,,3642,11,,,0,70,,3643,11,,,0,30,,3644,11,,,0,70,,3645,11,,,0,30,,3646,11,,,0,70,,3647,11,,,0,30,,3648,11,,,0,70,,3649,11,,,0,30,,3650,11,,,0,70,,3651,11,,,0,31,,3652,11,,,0,70,,3653,11,,,0,30,,3654,11,,,0,70,,3655,11,,,0,30,,3656,11,,,0,70,,3657,11,,,0,30,,3658,11,,,0,70,,3659,11,,,0,30,,3660,11,,,0,70,,3661,11,,,0,30,,3662,11,,,0
5600,'236.0.2',711,,3663,11,,,0,30,,3664,11,,,0,70,,3665,11,,,0,30,,3666,11,,,0,70,,3667,11,,,0,30,,3668,11,,,0,71,,3669,11,,,0,30,,3670,11,,,0,70,,3671,11,,,0,30,,3672,11,,,0,70,,3673,11,,,0,30,,3674,11,,,0,70,,3675,11,,,0,30,,3676,11,,,0,70,,3677,11,,,0,30,,3678,11,,,0,70,,3679,11,,,0,30,,3680,11,,,0,70,,3681,11,,,0,30,,3682,11,,,0,70,,3683,11,,,0,30,,3684,11,,,0,70,,3685,11,,,0,30,,3686,11,,,0,69,,3687,11,,,0,30,,3688,11,,,0,70,,3689,11,,,0,30,,3690,11,,,0,70,,3691,11,,,0,30,,3692,11,,,0,70,,3693,11,,,0
5600,'236.0.3',612,,3694,11,,,0,30,,3695,11,,,0,70,,3696,11,,,0,30,,3697,11,,,0,70,,3698,11,,,0,30,,3699,11,,,0,70,,3700,11,,,0,30,,3701,11,,,0,70,,3702,11,,,0,30,,3703,11,,,0,70,,3704,11,,,0,30,,3705,11,,,0,70,,3706,11,,,0,30,,3707,11,,,0,70,,3708,11,,,0,30,,3709,11,,,0,70,,3710,11,,,0,30,,3711,11,,,0,70,,3712,11,,,0,30,,3713,11,,,0,70,,3714,11,,,0,30,,3715,11,,,0,70,,3716,11,,,0,30,,3717,11,,,0,70,,3718,11,,,0,30,,3719,11,,,0,70,,3720,11,,,0,30,,3721,11,,,0,70,,3722,11,,,0,30,,3723,11,,,0,70,,3724,11,,,0,30,,3725,11,,,0,70,,3726,11,,,0,30,,3727,11,,,0,70,,3728,11,,,0,30,,3729,11,,,0
7200,'236.0.1',621,,4757,19,,,0,30,,4758,19,,,0,70,,4759,19,,,0,30,,4760,19,,,0,70,,4761,19,,,0,30,,4762,19,,,0,70,,4763,19,,,0,30,,4764,19,,,0,70,,4765,19,,,0,32,,4766,19,,,0,70,,4767,19,,,0,30,,4768,19,,,0,70,,4769,19,,,0,30,,4770,19,,,0,70,,4771,19,,,0,30,,4772,19,,,0,70,,4773,19,,,0,30,,4774,19,,,0,70,,4775,19,,,0,30,,4776,19,,,0,70,,4777,19,,,0,30,,4778,19,,,0,70,,4779,19,,,0,28,,4780,19,,,0,70,,4781,19,,,0,100,,4782,19,,,0,100,,4783,19,,,0,100,,4784,19,,,0,100,,4785,19,,,0,100,,4786,19,,,0
7200,'236.0.2',721,,4787,19,,,0,100,,4788,19,,,0,100,,4789,19,,,0,100,,4790,19,,,0,102,,4791,19,,,0,100,,4792,19,,,0,100,,4793,19,,,0,100,,4794,19,,,0,100,,4795,19,,,0,100,,4796,19,,,0,100,,4797,19,,,0,100,,4798,19,,,0,97,,4799,19,,,0,100,,4800,19,,,0,100,,4801,19,,,0,100,,4802,19,,,0
7200,'236.0.3',621,,4803,19,,,0,30,,4804,19,,,0,70,,4805,19,,,0,31,,4806,19,,,0,70,,4807,19,,,0,30,,4808,19,,,0,69,,4809,19,,,0,30,,4810,19,,,0,70,,4811,19,,,0,30,,4812,19,,,0,70,,4813,19,,,0,30,,4814,19,,,0,70,,4815,19,,,0,30,,4816,19,,,0,70,,4817,19,,,0,30,,4818,19,,,0,70,,4819,19,,,0,30,,4820,19,,,0,70,,4821,19,,,0,30,,4822,19,,,0,70,,4823,19,,,0,30,,4824,19,,,0,70,,4825,19,,,0,30,,4826,19,,,0,69,,4827,19,,,0,30,,4828,19,,,0,70,,4829,19,,,0,100,,4830,19,,,0,100,,4831,19,,,0,100,,4832,19,,,0,100,,4833,19,,,0
2001001,'236.0.1',638,,8171,2,,,0,94,,8172,2,,,0,87,,8173,2,,,0,30,,8174,2,,,0,70,,8175,2,,,0,31,,8176,2,,,0,73,,8177,2,,,0,30,,8178,2,,,0,70,,8179,2,,,0,32,,8180,2,,,0,73,,8181,2,,,0,72,,8182,2,,,0,30,,8183,2,,,0,70,,8184,2,,,0,30,,8185,2,,,0,70,,8186,2,,,0,30,,8187,2,,,0,70,,8188,2,,,0,30,,8189,2,,,0,70,,8190,2,,,0,30,,8191,2,,,0,70,,8192,2,,,0,30,,8193,2,,,0,28,,8194,2,,,0,67,,8195,2,,,0,30,,8196,2,,,0,70,,8197,2,,,0,100,,8198,2,,,0,100,,8199,2,,,0,100,,8200,2,,,0,100,,8201,2,,,0
2001001,'236.0.2',633,,8202,2,,,0,92,,8203,2,,,0,90,,8204,2,,,0,32,,8205,2,,,0,70,,8206,2,,,0,30,,8207,2,,,0,72,,8208,2,,,0,32,,8209,2,,,0,71,,8210,2,,,0,30,,8211,2,,,0,70,,8212,2,,,0,30,,8213,2,,,0,70,,8214,2,,,0,30,,8215,2,,,0,72,,8216,2,,,0,31,,8217,2,,,0,70,,8218,2,,,0,30,,8219,2,,,0,70,,8220,2,,,0,29,,8221,2,,,0,70,,8222,2,,,0,30,,8223,2,,,0,70,,8224,2,,,0,102,,8225,2,,,0,100,,8226,2,,,0,100,,8227,2,,,0,100,,8228,2,,,0,100,,8229,2,,,0,100,,8230,2,,,0
2001001,'236.0.3',547,,8231,2,,,0,70,,8232,2,,,0,22,,8233,2,,,0,18,,8234,2,,,0,62,,8269,2,,,0,20,,8235,2,,,0,20,,8236,2,,,0,60,,8237,2,,,0,21,,8238,2,,,0,94,,8239,2,,,0,20,,8240,2,,,0,64,,8241,2,,,0,29,,8242,2,,,0,70,,8243,2,,,0,30,,8244,2,,,0,70,,8245,2,,,0,30,,8246,2,,,0,70,,8247,2,,,0,39,,8248,2,,,0,61,,8249,2,,,0,24,,8250,2,,,0,15,,8251,2,,,0,61,,8252,2,,,0,20,,8253,2,,,0,20,,8254,2,,,0,61,,8255,2,,,0,24,,8256,2,,,0,65,,8257,2,,,0,21,,8258,2,,,0,20,,8259,2,,,0,9,,8260,2,,,0,60,,8261,2,,,0,30,,8262,2,,,0,70,,8263,2,,,0,32,,8264,2,,,0,70,,8265,2,,,0,30,,8266,2,,,0,70,,8267,2,,,0,30,,8268,2,,,0
3001001,'236.0.1',608,,8731,10,,,0,94,,8732,10,,,0,100,,8733,10,,,0,32,,8734,10,,,0,70,,8735,10,,,0,30,,8736,10,,,0,70,,8737,10,,,0,34,,8738,10,,,0,70,,8739,10,,,0,31,,8740,10,,,0,72,,8741,10,,,0,34,,8742,10,,,0,70,,8743,10,,,0,30,,8744,10,,,0,70,,8745,10,,,0,30,,8746,10,,,0,70,,8747,10,,,0,30,,8748,10,,,0,70,,8749,10,,,0,30,,8750,10,,,0,70,,8751,10,,,0,30,,8752,10,,,0,70,,8753,10,,,0,30,,8754,10,,,0,66,,8755,10,,,0,28,,8756,10,,,0,70,,8757,10,,,0,100,,8758,10,,,0,96,,8759,10,,,0,96,,8760,10,,,0,100,,8761,10,,,0
3001001,'236.0.2',608,,8763,10,,,0,50,,8764,10,,,0,100,,8765,10,,,0,70,,8766,10,,,0,30,,8767,10,,,0,70,,8768,10,,,0,30,,8769,10,,,0,73,,8770,10,,,0,74,,8771,10,,,0,30,,8772,10,,,0,70,,8773,10,,,0,30,,8774,10,,,0,71,,8775,10,,,0,30,,8776,10,,,0,70,,8777,10,,,0,30,,8778,10,,,0,73,,8779,10,,,0,30,,8780,10,,,0,70,,8781,10,,,0,30,,8782,10,,,0,70,,8783,10,,,0,30,,8784,10,,,0,70,,8785,10,,,0,30,,8786,10,,,0,68,,8787,10,,,0,100,,8788,10,,,0,94,,8789,10,,,0,100,,8790,10,,,0,100,,8791,10,,,0
3001001,'236.0.3',532,,8793,10,,,0,70,,8794,10,,,0,30,,8795,10,,,0,20,,8796,10,,,0,62,,8797,10,,,0,20,,8798,10,,,0,18,,8799,10,,,0,59,,8800,10,,,0,20,,8801,10,,,0,20,,8802,10,,,0,73,,8803,10,,,0,20,,8804,10,,,0,60,,8805,10,,,0,28,,8806,10,,,0,70,,8807,10,,,0,30,,8808,10,,,0,70,,8809,10,,,0,30,,8810,10,,,0,70,,8811,10,,,0,30,,8812,10,,,0,70,,8813,10,,,0,30,,8814,10,,,0,70,,8815,10,,,0,21,,8816,10,,,0,20,,8817,10,,,0,60,,8818,10,,,0,21,,8819,10,,,0,27,,8820,10,,,0,63,,8821,10,,,0,20,,8822,10,,,0,20,,8823,10,,,0,58,,8824,10,,,0,16,,8825,10,,,0,17,,8826,10,,,0,14,,8827,10,,,0,55,,8828,10,,,0,19,,8829,10,,,0,79,,8830,10,,,0,30,,8831,10,,,0,70,,8832,10,,,0,30,,8833,10,,,0,70,,8834,10,,,0,27,,8835,10,,,0,65,,8836,10,,,0
