201,'236.0.1',609,,13713,,,0,100,,13714,,,0,100,,13715,,,0,15,,13716,,,0,15,,13717,,,0,15,,13718,,,0,55,,13719,,,0,15,,13720,,,0,15,,13721,,,0,15,,13722,,,0,56,,13723,,,0,16,,13724,,,0,15,,13725,,,0,15,,13726,,,0,55,,13727,,,0,15,,13728,,,0,15,,13729,,,0,15,,13730,,,0,55,,13731,,,0,15,,13732,,,0,15,,13733,,,0,15,,13734,,,0,55,,13735,,,0,15,,13736,,,0,15,,13737,,,0,15,,13738,,,0,55,,13739,,,0,15,,13740,,,0,15,,13741,,,0,15,,13742,,,0,55,,13743,,,0,15,,13744,,,0,15,,13745,,,0,15,,13746,,,0,55,,13747,,,0,15,,13748,,,0,14,,13749,,,0,15,,13750,,,0,55,,13751,,,0,15,,13752,,,0,15,,13753,,,0,15,,13754,,,0,55,,13755,,,0,15,,13756,,,0,14,,13757,,,0,14,,13758,,,0,55,,13759,,,0,30,,13760,,,0,70,,13761,,,0,30,,13762,,,0,70,,13763,,,0,30,,13764,,,0,70,,13765,,,0,30,,13766,,,0,70,,13767,,,0,30,,13768,,,0,70,,13769,,,0,30,,13770,,,0
201,'236.0.2',618,,13771,,,0,100,,13772,,,0,95,,13773,,,0,20,,13774,,,0,20,,13775,,,0,60,,13776,,,0,20,,13777,,,0,22,,13778,,,0,60,,13779,,,0,20,,13780,,,0,20,,13781,,,0,60,,13782,,,0,20,,13783,,,0,20,,13784,,,0,60,,13785,,,0,20,,13786,,,0,20,,13787,,,0,60,,13788,,,0,20,,13789,,,0,20,,13790,,,0,60,,13791,,,0,20,,13792,,,0,20,,13793,,,0,60,,13794,,,0,20,,13795,,,0,20,,13796,,,0,60,,13797,,,0,20,,13798,,,0,20,,13799,,,0,60,,13800,,,0,20,,13801,,,0,20,,13802,,,0,55,,13803,,,0,29,,13804,,,0,69,,13805,,,0,30,,13806,,,0,70,,13807,,,0,30,,13808,,,0,70,,13809,,,0,30,,13810,,,0,70,,13811,,,0,30,,13812,,,0,70,,13813,,,0,30,,13814,,,0,70,,13815,,,0
201,'236.0.3',540,,13816,,,0,70,,13817,,,0,30,,13818,,,0,15,,13819,,,0,55,,13820,,,0,17,,13821,,,0,17,,13822,,,0,15,,13823,,,0,55,,13824,,,0,15,,13825,,,0,15,,13826,,,0,15,,13827,,,0,54,,13828,,,0,15,,13829,,,0,15,,13830,,,0,15,,13831,,,0,55,,13832,,,0,15,,13833,,,0,15,,13834,,,0,15,,13835,,,0,55,,13836,,,0,15,,13837,,,0,15,,13838,,,0,15,,13839,,,0,55,,13840,,,0,15,,13841,,,0,15,,13842,,,0,15,,13843,,,0,55,,13844,,,0,15,,13845,,,0,15,,13846,,,0,15,,13847,,,0,55,,13848,,,0,15,,13849,,,0,15,,13850,,,0,15,,13851,,,0,55,,13852,,,0,15,,13853,,,0,15,,13854,,,0,15,,13855,,,0,55,,13856,,,0,15,,13857,,,0,15,,13858,,,0,15,,13859,,,0,55,,13860,,,0,15,,13861,,,0,15,,13862,,,0,14,,13863,,,0,55,,13864,,,0,15,,13865,,,0,15,,13866,,,0,70,,13867,,,0,30,,13868,,,0,70,,13869,,,0,30,,13870,,,0,70,,13871,,,0,30,,13872,,,0,70,,13873,,,0,30,,13874,,,0,70,,13875,,,0,30,,13876,,,0,70,,13877,,,0,30,,13878,,,0
801,'236.0.1',600,,14893,,,0,30,,14894,,,0,70,,14895,,,0,30,,14896,,,0,72,,14897,,,0,33,,14898,,,0,70,,14899,,,0,30,,14900,,,0,71,,14901,,,0,34,,14902,,,0,70,,14903,,,0,30,,14904,,,0,70,,14905,,,0,30,,14906,,,0,72,,14907,,,0,31,,14908,,,0,70,,14909,,,0,30,,14910,,,0,70,,14911,,,0,30,,14912,,,0,70,,14913,,,0,30,,14914,,,0,70,,14915,,,0,29,,14916,,,0,68,,14917,,,0,29,,14918,,,0,70,,14919,,,0,28,,14920,,,0,65,,14921,,,0,29,,14922,,,0,70,,14923,,,0,30,,14924,,,0,70,,14925,,,0,30,,14926,,,0,70,,14927,,,0,30,,14928,,,0,70,,14929,,,0,100,,14930,,,0
801,'236.0.2',605,,14931,,,0,30,,14932,,,0,70,,14933,,,0,30,,14934,,,0,70,,14935,,,0,30,,14936,,,0,71,,14937,,,0,35,,14938,,,0,70,,14939,,,0,30,,14940,,,0,71,,14941,,,0,30,,14942,,,0,70,,14943,,,0,30,,14944,,,0,70,,14945,,,0,30,,14946,,,0,70,,14947,,,0,30,,14948,,,0,70,,14949,,,0,30,,14950,,,0,70,,14951,,,0,30,,14952,,,0,70,,14953,,,0,30,,14954,,,0,69,,14955,,,0,28,,14956,,,0,70,,14957,,,0,30,,14958,,,0,70,,14959,,,0,30,,14960,,,0,68,,14961,,,0,27,,14962,,,0,70,,14963,,,0,30,,14964,,,0,100,,14965,,,0,100,,14966,,,0
801,'236.0.3',551,,14967,,,0,70,,14968,,,0,30,,14969,,,0,60,,14970,,,0,30,,14971,,,0,60,,14972,,,0,20,,14973,,,0,20,,14974,,,0,60,,14975,,,0,16,,14976,,,0,17,,14977,,,0,20,,14978,,,0,60,,14979,,,0,20,,14980,,,0,20,,14981,,,0,60,,14982,,,0,20,,14983,,,0,20,,14984,,,0,60,,14985,,,0,20,,14986,,,0,20,,14987,,,0,60,,14988,,,0,20,,14989,,,0,20,,14990,,,0,60,,14991,,,0,20,,14992,,,0,20,,14993,,,0,60,,14994,,,0,23,,14995,,,0,73,,14996,,,0,30,,14997,,,0,70,,14998,,,0,30,,14999,,,0,68,,15000,,,0,25,,15001,,,0,68,,15002,,,0,30,,15003,,,0,70,,15004,,,0,30,,15005,,,0,70,,15006,,,0,26,,15007,,,0,29,,15008,,,0,70,,15009,,,0,30,,15010,,,0,70,,15011,,,0,30,,15012,,,0,70,,15013,,,0,30,,15014,,,0
2801,'236.0.1',732,,15820,,,0,70,,15821,,,0,30,,15822,,,0,71,,15823,,,0,30,,15824,,,0,70,,15825,,,0,30,,15826,,,0,70,,15827,,,0,33,,15828,,,0,71,,15829,,,0,30,,15830,,,0,70,,15831,,,0,30,,15832,,,0,70,,15833,,,0,30,,15834,,,0,70,,15835,,,0,30,,15836,,,0,70,,15837,,,0,30,,15838,,,0,70,,15839,,,0,30,,15840,,,0,70,,15841,,,0,26,,15842,,,0,69,,15843,,,0,30,,15844,,,0,70,,15845,,,0,30,,15846,,,0,70,,15847,,,0,30,,15848,,,0,70,,15849,,,0,30,,15850,,,0,70,,15851,,,0,30,,15852,,,0,70,,15853,,,0,30,,15854,,,0
2801,'236.0.2',721,,15855,,,0,100,,15856,,,0,100,,15857,,,0,101,,15858,,,0,104,,15859,,,0,100,,15860,,,0,100,,15861,,,0,100,,15862,,,0,100,,15863,,,0,100,,15864,,,0,100,,15865,,,0,98,,15866,,,0,100,,15867,,,0,100,,15868,,,0,100,,15869,,,0,100,,15870,,,0,100,,15871,,,0
2801,'236.0.3',641,,15872,,,0,70,,15873,,,0,33,,15874,,,0,70,,15875,,,0,30,,15876,,,0,70,,15877,,,0,29,,15878,,,0,65,,15879,,,0,30,,15880,,,0,70,,15881,,,0,33,,15882,,,0,70,,15883,,,0,30,,15884,,,0,70,,15885,,,0,30,,15886,,,0,70,,15887,,,0,30,,15888,,,0,70,,15889,,,0,36,,15890,,,0,70,,15891,,,0,30,,15892,,,0,70,,15893,,,0,30,,15894,,,0,69,,15895,,,0,26,,15896,,,0,70,,15897,,,0,30,,15898,,,0,70,,15899,,,0,100,,15900,,,0,100,,15901,,,0,100,,15902,,,0,100,,15903,,,0
2900,'236.0.1',622,,15904,,,0,30,,15905,,,0,70,,15906,,,0,30,,15907,,,0,70,,15908,,,0,30,,15909,,,0,70,,15910,,,0,30,,15911,,,0,70,,15912,,,0,26,,15913,,,0,70,,15914,,,0,30,,15915,,,0,70,,15916,,,0,30,,15917,,,0,70,,15918,,,0,30,,15919,,,0,70,,15920,,,0,30,,15921,,,0,70,,15922,,,0,30,,15923,,,0,70,,15924,,,0,31,,15925,,,0,72,,15926,,,0,30,,15927,,,0,70,,15928,,,0,30,,15929,,,0,70,,15930,,,0,30,,15931,,,0,70,,15932,,,0,103,,15933,,,0,100,,15934,,,0,100,,15935,,,0,81,,15936,,,0
2900,'236.0.2',627,,15937,,,0,30,,15938,,,0,70,,15939,,,0,30,,15940,,,0,70,,15941,,,0,30,,15942,,,0,70,,15943,,,0,30,,15944,,,0,70,,15945,,,0,30,,15946,,,0,67,,15947,,,0,30,,15948,,,0,70,,15949,,,0,30,,15950,,,0,70,,15951,,,0,30,,15952,,,0,70,,15953,,,0,30,,15954,,,0,70,,15955,,,0,30,,15956,,,0,70,,15957,,,0,30,,15958,,,0,70,,15959,,,0,30,,15960,,,0,73,,15961,,,0,100,,15962,,,0,100,,15963,,,0,100,,15964,,,0,100,,15965,,,0,100,,15966,,,0,78,,15967,,,0
2900,'236.0.3',540,,15968,,,0,15,,15969,,,0,55,,15970,,,0,14,,15971,,,0,11,,15972,,,0,14,,15973,,,0,55,,15974,,,0,15,,15975,,,0,15,,15976,,,0,15,,15977,,,0,55,,15978,,,0,15,,15979,,,0,16,,15980,,,0,18,,15981,,,0,56,,15982,,,0,30,,15983,,,0,70,,15984,,,0,30,,15985,,,0,70,,15986,,,0,30,,15987,,,0,70,,15988,,,0,30,,15989,,,0,70,,15990,,,0,30,,15991,,,0,70,,15992,,,0,29,,15993,,,0,64,,15994,,,0,15,,15995,,,0,15,,15996,,,0,15,,15997,,,0,55,,15998,,,0,15,,15999,,,0,15,,16000,,,0,15,,16001,,,0,55,,16002,,,0,15,,16003,,,0,22,,16004,,,0,18,,16005,,,0,55,,16006,,,0,15,,16007,,,0,15,,16008,,,0,70,,16009,,,0,30,,16010,,,0,70,,16011,,,0,30,,16012,,,0,70,,16013,,,0,30,,16014,,,0,70,,16015,,,0,100,,16016,,,0,88,,16017,,,0
2901,'236.0.1',705,,16018,4,,0,30,,16019,4,,0,70,,16020,4,,0,30,,16021,4,,0,70,,16022,4,,0,30,,16023,4,,0,70,,16024,4,,0,32,,16025,4,,0,73,,16026,4,,0,28,,16027,4,,0,70,,16028,4,,0,30,,16029,4,,0,70,,16030,4,,0,30,,16031,4,,0,70,,16032,4,,0,30,,16033,4,,0,67,,16034,4,,0,33,,16035,4,,0,70,,16036,4,,0,30,,16037,4,,0,70,,16038,4,,0,30,,16039,4,,0,70,,16040,4,,0,30,,16041,4,,0,67,,16042,4,,0,31,,16043,4,,0,68,,16044,4,,0,100,,16045,4,,0,100,,16046,4,,0,100,,16047,4,,0,100,,16048,4,,0,41,,16049,4,,0
2901,'236.0.2',702,,16050,4,,0,30,,16051,4,,0,70,,16052,4,,0,30,,16053,4,,0,70,,16054,4,,0,30,,16055,4,,0,72,,16056,4,,0,32,,16057,4,,0,69,,16058,4,,0,30,,16059,4,,0,70,,16060,4,,0,30,,16061,4,,0,70,,16062,4,,0,30,,16063,4,,0,70,,16064,4,,0,30,,16065,4,,0,70,,16066,4,,0,30,,16067,4,,0,70,,16068,4,,0,30,,16069,4,,0,70,,16070,4,,0,30,,16071,4,,0,70,,16072,4,,0,29,,16073,4,,0,70,,16074,4,,0,98,,16075,4,,0,100,,16076,4,,0,100,,16077,4,,0,100,,16078,4,,0,100,,16079,4,,0,43,,16080,4,,0
2901,'236.0.3',652,,16081,4,,0,55,,16082,4,,0,18,,16083,4,,0,17,,16084,4,,0,15,,16085,4,,0,55,,16086,4,,0,15,,16087,4,,0,15,,16088,4,,0,12,,16089,4,,0,54,,16090,4,,0,15,,16091,4,,0,28,,16092,4,,0,70,,16093,4,,0,30,,16094,4,,0,70,,16095,4,,0,30,,16096,4,,0,70,,16097,4,,0,30,,16098,4,,0,70,,16099,4,,0,30,,16100,4,,0,71,,16101,4,,0,36,,16102,4,,0,72,,16103,4,,0,70,,16104,4,,0,15,,16105,4,,0,15,,16106,4,,0,15,,16107,4,,0,55,,16108,4,,0,11,,16109,4,,0,15,,16110,4,,0,15,,16111,4,,0,11,,16112,4,,0,53,,16113,4,,0,15,,16114,4,,0,15,,16115,4,,0,15,,16116,4,,0,55,,16117,4,,0,15,,16118,4,,0,30,,16119,4,,0,70,,16120,4,,0,30,,16121,4,,0,70,,16122,4,,0,30,,16123,4,,0,70,,16124,4,,0,30,,16125,4,,0,100,,16126,4,,0,94,,16127,4,,0
9101,'236.0.1',819,,19014,,,0,100,,19015,,,0,102,,19016,,,0,100,,19017,,,0,100,,19018,,,0,100,,19019,,,0,100,,19020,,,0,100,,19021,,,0,100,,19022,,,0,100,,19023,,,0,100,,19024,,,0,98,,19025,,,0,100,,19026,,,0,100,,19027,,,0,100,,19028,,,0,100,,19029,,,0
9101,'236.0.2',848,,19030,,,0,100,,19031,,,0,102,,19032,,,0,100,,19033,,,0,100,,19034,,,0,100,,19035,,,0,100,,19036,,,0,100,,19037,,,0,100,,19038,,,0,98,,19039,,,0,100,,19040,,,0,100,,19041,,,0,100,,19042,,,0,100,,19043,,,0,100,,19044,,,0
9101,'236.0.3',621,,19045,,,0,30,,19046,,,0,79,,19047,,,0,24,,19048,,,0,70,,19049,,,0,77,,19050,,,0,25,,19051,,,0,29,,19052,,,0,100,,19053,,,0,103,,19054,,,0,100,,19055,,,0,99,,19056,,,0,151,,19057,,,0,101,,19058,,,0,31,,19059,,,0,70,,19060,,,0,32,,19061,,,0,70,,19062,,,0,21,,19063,,,0,94,,19064,,,0,100,,19065,,,0,100,,19066,,,0,100,,19067,,,0,100,,19068,,,0
