2200,'236.0.1',617,,2127,6,,,0,30,,2128,6,,,0,70,,2129,6,,,0,30,,2130,6,,,0,70,,2131,6,,,0,30,,2132,6,,,0,70,,2133,6,,,0,30,,2134,6,,,0,70,,2135,6,,,0,30,,2136,6,,,0,70,,2137,6,,,0,35,,2138,6,,,0,70,,2139,6,,,0,30,,2140,6,,,0,70,,2141,6,,,0,30,,2142,6,,,0,70,,2143,6,,,0,30,,2144,6,,,0,70,,2145,6,,,0,30,,2146,6,,,0,70,,2147,6,,,0,30,,2148,6,,,0,70,,2149,6,,,0,30,,2150,6,,,0,70,,2151,6,,,0,25,,2152,6,,,0,70,,2153,6,,,0,30,,2154,6,,,0,70,,2155,6,,,0,30,,2156,6,,,0,70,,2157,6,,,0,30,,2158,6,,,0,70,,2159,6,,,0,30,,2160,6,,,0,70,,2161,6,,,0,30,,2162,6,,,0
2200,'236.0.2',637,,2163,6,,,0,70,,2164,6,,,0,30,,2165,6,,,0,70,,2166,6,,,0,30,,2167,6,,,0,70,,2168,6,,,0,30,,2169,6,,,0,70,,2170,6,,,0,30,,2171,6,,,0,70,,2172,6,,,0,30,,2173,6,,,0,70,,2174,6,,,0,30,,2175,6,,,0,70,,2176,6,,,0,30,,2177,6,,,0,70,,2178,6,,,0,30,,2179,6,,,0,70,,2180,6,,,0,30,,2181,6,,,0,70,,2182,6,,,0,30,,2183,6,,,0,70,,2184,6,,,0,30,,2185,6,,,0,70,,2186,6,,,0,30,,2187,6,,,0,70,,2188,6,,,0,30,,2189,6,,,0,70,,2190,6,,,0,30,,2191,6,,,0,70,,2192,6,,,0,30,,2193,6,,,0,70,,2194,6,,,0,30,,2195,6,,,0,70,,2196,6,,,0,30,,2197,6,,,0
2200,'236.0.3',627,,2198,6,,,0,30,,2199,6,,,0,70,,2200,6,,,0,30,,2201,6,,,0,70,,2202,6,,,0,30,,2203,6,,,0,70,,2204,6,,,0,27,,2205,6,,,0,70,,2206,6,,,0,30,,2207,6,,,0,74,,2208,6,,,0,26,,2209,6,,,0,70,,2210,6,,,0,30,,2211,6,,,0,70,,2212,6,,,0,30,,2213,6,,,0,70,,2214,6,,,0,33,,2215,6,,,0,70,,2216,6,,,0,73,,2217,6,,,0,30,,2218,6,,,0,70,,2219,6,,,0,30,,2220,6,,,0,70,,2221,6,,,0,27,,2222,6,,,0,27,,2223,6,,,0,70,,2224,6,,,0,30,,2225,6,,,0,70,,2226,6,,,0,30,,2227,6,,,0,70,,2228,6,,,0,30,,2229,6,,,0,70,,2230,6,,,0,30,,2231,6,,,0,70,,2232,6,,,0,30,,2233,6,,,0
2500,'236.0.1',736,,2560,6,,,0,100,,2561,6,,,0,100,,2562,6,,,0,100,,2563,6,,,0,99,,2564,6,,,0,100,,2565,6,,,0,100,,2566,6,,,0,100,,2567,6,,,0,100,,2568,6,,,0,100,,2569,6,,,0,100,,2570,6,,,0,100,,2571,6,,,0,100,,2572,6,,,0,100,,2573,6,,,0,100,,2574,6,,,0,100,,2575,6,,,0
2500,'236.0.2',836,,2577,6,,,0,100,,2578,6,,,0,100,,2579,6,,,0,100,,2580,6,,,0,100,,2581,6,,,0,100,,2582,6,,,0,100,,2583,6,,,0,100,,2584,6,,,0,100,,2585,6,,,0,100,,2586,6,,,0,100,,2587,6,,,0,100,,2588,6,,,0,100,,2589,6,,,0,100,,2590,6,,,0
2500,'236.0.3',539,,2591,6,,,0,70,,2592,6,,,0,30,,2593,6,,,0,70,,2594,6,,,0,30,,2595,6,,,0,70,,2596,6,,,0,30,,2597,6,,,0,70,,2598,6,,,0,100,,2599,6,,,0,100,,2600,6,,,0,100,,2601,6,,,0,100,,2602,6,,,0,100,,2603,6,,,0,100,,2604,6,,,0,30,,2605,6,,,0,70,,2606,6,,,0,30,,2607,6,,,0,70,,2608,6,,,0,30,,2609,6,,,0,70,,2610,6,,,0,30,,2611,6,,,0,70,,2612,6,,,0,100,,2613,6,,,0,100,,2614,6,,,0,100,,2615,6,,,0,100,,2616,6,,,0
12301,'236.0.3',1538,,6047,7,,,0,70,,6049,7,,,0,30,,6050,7,,,0,70,,6039,7,,,0,29,,6044,7,,,0,67,,6048,7,,,0,30,,6051,7,,,0
12701,'236.0.3',1559,,6061,7,,,0,56,,6062,7,,,0,15,,6063,7,,,0,83,,6064,7,,,0,15,,6065,7,,,0,15,,6066,7,,,0,15,,6067,7,,,0
12701,'236.1141.3',1640,,6068,7,,,0,19,,6069,7,,,0
12701,'236.1143.3',1640,,6070,7,,,0,19,,6071,7,,,0
41500,'236.0.3',614,,6479,6,,,0,100,,6480,6,,,0,100,,6481,6,,,0,100,,6482,6,,,0,533,,6486,6,,,0,100,,6483,6,,,0,100,,6484,6,,,0,100,,6485,6,,,0
1000900,'236.0.1',706,,6883,24,,,0,100,,6884,24,,,0,100,,6885,24,,,0,100,,6886,24,,,0,100,,6887,24,,,0,96,,6888,24,,,0,102,,6889,24,,,0,100,,6890,24,,,0,100,,6891,24,,,0,100,,6892,24,,,0,100,,6893,24,,,0,100,,6894,24,,,0,100,,6895,24,,,0,101,,6896,24,,,0,100,,6897,24,,,0,100,,6898,24,,,0,100,,6899,24,,,0,100,,6900,24,,,0
1000900,'236.0.2',705,,6901,24,,,0,96,,6902,24,,,0,100,,6903,24,,,0,100,,6904,24,,,0,106,,6905,24,,,0,100,,6906,24,,,0,100,,6907,24,,,0,100,,6908,24,,,0,100,,6909,24,,,0,100,,6910,24,,,0,100,,6911,24,,,0,100,,6912,24,,,0,100,,6913,24,,,0,100,,6914,24,,,0,98,,6915,24,,,0,100,,6916,24,,,0,100,,6917,24,,,0,100,,6918,24,,,0
1000900,'236.0.3',620,,6919,24,,,0,30,,6920,24,,,0,70,,6921,24,,,0,31,,6922,24,,,0,72,,6923,24,,,0,29,,6924,24,,,0,52,,6925,24,,,0,15,,6926,24,,,0,30,,6927,24,,,0,55,,6928,24,,,0,15,,6929,24,,,0,30,,6930,24,,,0,58,,6931,24,,,0,13,,6932,24,,,0,27,,6933,24,,,0,55,,6934,24,,,0,15,,6935,24,,,0,30,,6936,24,,,0,55,,6937,24,,,0,15,,6938,24,,,0,30,,6939,24,,,0,55,,6940,24,,,0,15,,6941,24,,,0,30,,6942,24,,,0,66,,6943,24,,,0,25,,6944,24,,,0,9,,6945,24,,,0,59,,6946,24,,,0,10,,6947,24,,,0,20,,6948,24,,,0,10,,6949,24,,,0,60,,6950,24,,,0,10,,6951,24,,,0,10,,6952,24,,,0,20,,6953,24,,,0,5,,6954,24,,,0,6,,6955,24,,,0,56,,6956,24,,,0,10,,6957,24,,,0,20,,6958,24,,,0,10,,6959,24,,,0,70,,6960,24,,,0,30,,6961,24,,,0,70,,6962,24,,,0,30,,6963,24,,,0,69,,6964,24,,,0,27,,6965,24,,,0,55,,6966,24,,,0,15,,6967,24,,,0,35,,6968,24,,,0,60,,6969,24,,,0,40,,6970,24,,,0,60,,6971,24,,,0,40,,6972,24,,,0
2000900,'236.0.1',636,,7933,24,,,0,100,,7934,24,,,0,100,,7935,24,,,0,100,,7936,24,,,0,100,,7937,24,,,0,100,,7938,24,,,0,98,,7939,24,,,0,100,,7940,24,,,0,100,,7941,24,,,0,100,,7942,24,,,0,100,,7943,24,,,0,100,,7944,24,,,0,100,,7945,24,,,0,101,,7946,24,,,0,100,,7947,24,,,0,100,,7948,24,,,0,100,,7949,24,,,0,100,,7950,24,,,0,100,,7951,24,,,0
2000900,'236.0.2',636,,7952,24,,,0,97,,7953,24,,,0,98,,7954,24,,,0,100,,7955,24,,,0,106,,7956,24,,,0,100,,7957,24,,,0,100,,7958,24,,,0,100,,7959,24,,,0,100,,7960,24,,,0,100,,7961,24,,,0,100,,7962,24,,,0,100,,7963,24,,,0,100,,7964,24,,,0,100,,7965,24,,,0,98,,7966,24,,,0,100,,7967,24,,,0,100,,7968,24,,,0,100,,7969,24,,,0,100,,7970,24,,,0
2000900,'236.0.3',535,,7971,6,,,0,70,,7972,6,,,0,30,,7973,24,,,0,70,,7974,24,,,0,30,,7975,24,,,0,69,,7976,24,,,0,30,,7977,24,,,0,100,,7978,24,,,0,100,,7979,24,,,0,99,,7980,24,,,0,96,,7981,24,,,0,100,,7982,24,,,0,100,,7983,24,,,0,28,,7984,24,,,0,70,,7985,24,,,0,29,,7986,24,,,0,70,,7987,24,,,0,30,,7988,24,,,0,79,,7989,24,,,0,67,,7990,24,,,0,30,,7991,24,,,0,70,,7992,24,,,0,30,,7993,24,,,0,70,,7994,24,,,0,30,,7995,24,,,0,70,,7996,24,,,0,27,,7997,24,,,0,100,,7998,24,,,0,100,,7999,24,,,0,100,,8000,24,,,0,100,,8001,24,,,0
