800,'236.0.1',609,,1718,42,,,0,30,,1719,42,,,0,70,,1720,42,,,0,30,,1721,42,,,0,71,,1722,42,,,0,23,,1723,42,,,0,22,,1724,42,,,0,70,,1725,42,,,0,30,,1726,42,,,0,70,,1727,42,,,0,31,,1728,42,,,0,69,,1729,42,,,0,30,,1730,42,,,0,70,,1731,42,,,0,30,,1732,42,,,0,70,,1733,42,,,0,30,,1734,42,,,0,70,,1735,42,,,0,32,,1736,42,,,0,70,,1737,42,,,0,30,,1738,42,,,0,70,,1739,42,,,0,30,,1740,42,,,0,70,,1741,42,,,0,30,,1742,42,,,0,70,,1743,42,,,0,30,,1744,42,,,0,70,,1745,42,,,0,30,,1746,42,,,0,70,,1747,42,,,0,30,,1748,42,,,0,70,,1749,42,,,0,30,,1750,42,,,0,70,,1751,42,,,0,25,,1752,42,,,0,69,,1753,42,,,0,30,,1754,42,,,0,100,,1755,42,,,0
800,'236.0.2',627,,1756,42,,,0,30,,1757,42,,,0,70,,1758,42,,,0,30,,1759,42,,,0,70,,1760,42,,,0,30,,1761,42,,,0,70,,1762,42,,,0,30,,1763,42,,,0,71,,1764,42,,,0,74,,1765,42,,,0,30,,1766,42,,,0,25,,1767,42,,,0,71,,1768,42,,,0,72,,1769,42,,,0,30,,1770,42,,,0,70,,1771,42,,,0,30,,1772,42,,,0,70,,1773,42,,,0,30,,1774,42,,,0,70,,1775,42,,,0,30,,1776,42,,,0,75,,1777,42,,,0,29,,1778,42,,,0,70,,1779,42,,,0,29,,1780,42,,,0,69,,1781,42,,,0,28,,1782,42,,,0,70,,1783,42,,,0,28,,1784,42,,,0,29,,1785,42,,,0,70,,1786,42,,,0,30,,1787,42,,,0,70,,1788,42,,,0,30,,1789,42,,,0,100,,1790,42,,,0,100,,1791,42,,,0
800,'236.0.3',558,,1794,42,,,0,70,,1795,42,,,0,30,,1796,42,,,0,78,,1797,42,,,0,72,,1798,42,,,0,31,,1799,42,,,0,70,,1800,42,,,0,30,,1801,42,,,0,70,,1802,42,,,0,20,,1803,42,,,0,20,,1804,42,,,0,60,,1805,42,,,0,20,,1806,42,,,0,20,,1807,42,,,0,60,,1808,42,,,0,20,,1809,42,,,0,20,,1810,42,,,0,60,,1811,42,,,0,20,,1812,42,,,0,20,,1813,42,,,0,60,,1814,42,,,0,20,,1815,42,,,0,20,,1816,42,,,0,61,,1817,42,,,0,29,,1818,42,,,0,64,,1819,42,,,0,20,,1820,42,,,0,20,,1821,42,,,0,60,,1822,42,,,0,20,,1823,42,,,0,20,,1824,42,,,0,60,,1825,42,,,0,16,,1826,42,,,0,26,,1827,42,,,0,10,,1842,42,,,0,50,,1828,42,,,0,30,,1829,42,,,0,70,,1830,42,,,0,30,,1831,42,,,0,70,,1832,42,,,0,28,,1833,42,,,0,69,,1834,42,,,0,30,,1835,42,,,0,70,,1836,42,,,0,30,,1837,42,,,0,70,,1838,42,,,0,30,,1839,42,,,0,70,,1840,42,,,0,30,,1841,42,,,0
9000,'236.0.1',633,,5717,37,,,0,25,,5718,37,,,0,70,,5719,37,,,0,30,,5720,37,,,0,70,,5721,37,,,0,25,,5722,37,,,0,70,,5723,37,,,0,30,,5724,37,,,0,66,,5725,37,,,0,33,,5726,37,,,0,70,,5727,37,,,0,30,,5728,37,,,0,70,,5729,37,,,0,27,,5730,37,,,0,70,,5731,37,,,0,30,,5732,37,,,0,70,,5733,37,,,0,30,,5734,37,,,0,70,,5735,37,,,0,30,,5736,37,,,0,70,,5737,37,,,0,33,,5738,37,,,0,70,,5739,37,,,0,30,,5740,37,,,0,70,,5741,37,,,0,30,,5742,37,,,0,70,,5743,37,,,0,30,,5744,37,,,0,70,,5745,37,,,0,104,,5746,37,,,0,100,,5747,37,,,0,100,,5748,37,,,0,100,,5749,37,,,0
9000,'236.0.2',622,,5750,37,,,0,100,,5751,37,,,0,100,,5752,37,,,0,95,,5753,37,,,0,97,,5754,37,,,0,100,,5755,37,,,0,102,,5756,37,,,0,100,,5757,37,,,0,98,,5758,37,,,0,100,,5759,37,,,0,100,,5760,37,,,0,100,,5761,37,,,0,103,,5762,37,,,0,104,,5763,37,,,0,101,,5764,37,,,0,100,,5765,37,,,0,100,,5766,37,,,0,100,,5767,37,,,0
9000,'236.0.3',620,,5801,37,,,0,15,,5800,37,,,0,15,,5768,37,,,0,55,,5802,37,,,0,15,,5769,37,,,0,15,,5803,37,,,0,15,,5770,37,,,0,55,,5804,37,,,0,20,,5771,37,,,0,30,,5772,37,,,0,65,,5773,37,,,0,31,,5774,37,,,0,69,,5775,37,,,0,30,,5776,37,,,0,70,,5777,37,,,0,28,,5778,37,,,0,71,,5779,37,,,0,30,,5780,37,,,0,70,,5781,37,,,0,30,,5782,37,,,0,70,,5783,37,,,0,36,,5784,37,,,0,57,,5805,37,,,0,15,,5785,37,,,0,15,,5806,37,,,0,15,,5786,37,,,0,55,,5807,37,,,0,15,,5787,37,,,0,15,,5808,37,,,0,15,,5812,37,,,0,55,,5809,37,,,0,15,,5788,37,,,0,15,,5810,37,,,0,13,,5789,37,,,0,50,,5811,37,,,0,12,,5790,37,,,0,35,,5791,37,,,0,70,,5792,37,,,0,30,,5793,37,,,0,70,,5794,37,,,0,30,,5795,37,,,0,100,,5796,37,,,0,96,,5797,37,,,0,100,,5798,37,,,0,100,,5799,37,,,0
9100,'236.0.1',726,,5910,20,,,0,100,,5911,20,,,0,100,,5912,20,,,0,100,,5913,20,,,0,100,,5914,20,,,0,100,,5915,20,,,0,100,,5916,20,,,0,100,,5917,20,,,0,100,,5918,20,,,0,100,,5919,20,,,0,100,,5920,20,,,0,100,,5921,20,,,0,100,,5922,20,,,0,100,,5923,20,,,0,100,,5924,20,,,0,100,,5925,20,,,0
9100,'236.0.2',755,,5926,20,,,0,100,,5927,20,,,0,100,,5928,20,,,0,100,,5929,20,,,0,100,,5930,20,,,0,100,,5931,20,,,0,100,,5932,20,,,0,100,,5933,20,,,0,100,,5934,20,,,0,100,,5935,20,,,0,100,,5936,20,,,0,100,,5937,20,,,0,100,,5938,20,,,0,100,,5939,20,,,0,100,,5940,20,,,0
9100,'236.0.3',635,,5941,20,,,0,24,,5942,20,,,0,68,,5943,20,,,0,76,,5944,20,,,0,29,,5945,20,,,0,71,,5946,20,,,0,100,,5947,20,,,0,103,,5948,20,,,0,100,,5949,20,,,0,99,,5950,20,,,0,100,,5951,20,,,0,101,,5952,20,,,0,30,,5953,20,,,0,70,,5954,20,,,0,30,,5955,20,,,0,70,,5956,20,,,0,30,,5957,20,,,0,71,,5958,20,,,0,30,,5959,20,,,0,97,,5960,20,,,0,100,,5961,20,,,0,100,,5962,20,,,0,100,,5963,20,,,0
9300,'236.0.3',1543,,6019,28,,,0,67,,6020,28,,,0,42,,6021,28,,,0,62,,6022,28,,,0,35,,6023,28,,,0,59,,6024,28,,,0,30,,6025,28,,,0
