200,'236.0.1',609,,497,6,,,0,100,,498,6,,,0,100,,499,6,,,0,15,,500,6,,,0,15,,501,6,,,0,15,,502,6,,,0,55,,503,6,,,0,15,,504,6,,,0,15,,505,6,,,0,15,,506,6,,,0,55,,507,6,,,0,15,,508,6,,,0,15,,509,6,,,0,15,,510,6,,,0,55,,511,6,,,0,15,,512,6,,,0,15,,513,6,,,0,15,,514,6,,,0,55,,515,6,,,0,15,,516,6,,,0,15,,517,6,,,0,15,,518,6,,,0,55,,519,6,,,0,15,,520,6,,,0,15,,521,6,,,0,15,,522,6,,,0,55,,523,6,,,0,15,,524,6,,,0,15,,525,6,,,0,15,,526,6,,,0,55,,527,6,,,0,15,,528,6,,,0,15,,529,6,,,0,15,,530,6,,,0,55,,531,6,,,0,15,,532,6,,,0,15,,533,6,,,0,15,,534,6,,,0,55,,535,6,,,0,15,,536,6,,,0,15,,537,6,,,0,15,,538,6,,,0,55,,539,6,,,0,15,,540,6,,,0,15,,541,6,,,0,15,,542,6,,,0,55,,543,6,,,0,15,,544,6,,,0,30,,545,6,,,0,70,,546,6,,,0,30,,547,6,,,0,70,,548,6,,,0,30,,549,6,,,0,70,,550,6,,,0,30,,551,6,,,0,70,,552,6,,,0,30,,553,6,,,0,70,,554,6,,,0
200,'236.0.2',558,,555,6,,,0,100,,556,6,,,0,100,,557,6,,,0,70,,558,6,,,0,20,,559,6,,,0,60,,560,6,,,0,20,,561,6,,,0,20,,562,6,,,0,60,,563,6,,,0,20,,564,6,,,0,20,,565,6,,,0,60,,566,6,,,0,20,,567,6,,,0,20,,568,6,,,0,60,,569,6,,,0,20,,570,6,,,0,20,,571,6,,,0,60,,572,6,,,0,20,,573,6,,,0,20,,574,6,,,0,60,,575,6,,,0,20,,576,6,,,0,20,,577,6,,,0,60,,578,6,,,0,20,,579,6,,,0,20,,580,6,,,0,60,,581,6,,,0,20,,582,6,,,0,20,,583,6,,,0,60,,584,6,,,0,20,,585,6,,,0,20,,586,6,,,0,60,,587,6,,,0,30,,588,6,,,0,70,,589,6,,,0,30,,590,6,,,0,70,,591,6,,,0,30,,592,6,,,0,70,,593,6,,,0,30,,594,6,,,0,70,,595,6,,,0,30,,596,6,,,0,70,,597,6,,,0,30,,598,6,,,0,70,,599,6,,,0
200,'236.0.3',539,,600,6,,,0,70,,601,6,,,0,30,,602,6,,,0,15,,603,6,,,0,55,,604,6,,,0,15,,605,6,,,0,15,,606,6,,,0,15,,607,6,,,0,55,,608,6,,,0,15,,609,6,,,0,15,,610,6,,,0,15,,611,6,,,0,55,,612,6,,,0,15,,613,6,,,0,15,,614,6,,,0,15,,615,6,,,0,55,,616,6,,,0,15,,617,6,,,0,15,,618,6,,,0,15,,619,6,,,0,55,,620,6,,,0,15,,621,6,,,0,15,,622,6,,,0,15,,623,6,,,0,55,,624,6,,,0,15,,625,6,,,0,15,,626,6,,,0,15,,627,6,,,0,55,,628,6,,,0,15,,629,6,,,0,15,,630,6,,,0,15,,631,6,,,0,55,,632,6,,,0,15,,633,6,,,0,15,,634,6,,,0,15,,635,6,,,0,55,,636,6,,,0,16,,637,6,,,0,15,,638,6,,,0,15,,639,6,,,0,55,,640,6,,,0,15,,641,6,,,0,15,,642,6,,,0,15,,643,6,,,0,55,,644,6,,,0,15,,645,6,,,0,15,,646,6,,,0,14,,647,6,,,0,55,,648,6,,,0,15,,649,6,,,0,15,,650,6,,,0,15,,651,6,,,0,70,,652,6,,,0,30,,653,6,,,0,70,,654,6,,,0,30,,655,6,,,0,70,,656,6,,,0,30,,657,6,,,0,70,,658,6,,,0,30,,659,6,,,0,70,,660,6,,,0,30,,661,6,,,0,70,,662,6,,,0
2901,'236.0.1',640,,2968,20,,,0,70,,2969,20,,,0,30,,2970,20,,,0,70,,2971,20,,,0,30,,2972,20,,,0,70,,2973,20,,,0,30,,2974,20,,,0,70,,2975,20,,,0,33,,2976,20,,,0,68,,2977,20,,,0,30,,2978,20,,,0,70,,2979,20,,,0,30,,2980,20,,,0,70,,2981,20,,,0,30,,2982,20,,,0,70,,2983,20,,,0,30,,2984,20,,,0,70,,2985,20,,,0,30,,2986,20,,,0,70,,2987,20,,,0,30,,2988,20,,,0,70,,2989,20,,,0,30,,2990,20,,,0,70,,2991,20,,,0,30,,2992,20,,,0,70,,2993,20,,,0,29,,2994,20,,,0,100,,2995,20,,,0,100,,2996,20,,,0,100,,2997,20,,,0,100,,2998,20,,,0,81,,2999,20,,,0
2901,'236.0.2',638,,3000,20,,,0,70,,3001,20,,,0,30,,3002,20,,,0,70,,3003,20,,,0,30,,3004,20,,,0,70,,3005,20,,,0,30,,3006,20,,,0,72,,3007,20,,,0,29,,3008,20,,,0,70,,3009,20,,,0,30,,3010,20,,,0,70,,3011,20,,,0,30,,3012,20,,,0,70,,3013,20,,,0,30,,3014,20,,,0,70,,3015,20,,,0,30,,3016,20,,,0,70,,3017,20,,,0,30,,3018,20,,,0,70,,3019,20,,,0,30,,3020,20,,,0,70,,3021,20,,,0,30,,3022,20,,,0,70,,3023,20,,,0,30,,3024,20,,,0,99,,3025,20,,,0,100,,3026,20,,,0,100,,3027,20,,,0,100,,3028,20,,,0,100,,3029,20,,,0,83,,3030,20,,,0
2901,'236.0.3',624,,3031,20,,,0,15,,3032,20,,,0,15,,3033,20,,,0,55,,3034,20,,,0,15,,3035,20,,,0,15,,3036,20,,,0,15,,3037,20,,,0,55,,3038,20,,,0,15,,3039,20,,,0,14,,3040,20,,,0,16,,3041,20,,,0,70,,3042,20,,,0,30,,3043,20,,,0,70,,3044,20,,,0,30,,3045,20,,,0,70,,3046,20,,,0,30,,3047,20,,,0,70,,3048,20,,,0,30,,3049,20,,,0,70,,3050,20,,,0,30,,3051,20,,,0,70,,3052,20,,,0,31,,3053,20,,,0,70,,3054,20,,,0,15,,3055,20,,,0,15,,3056,20,,,0,55,,3057,20,,,0,15,,3058,20,,,0,15,,3059,20,,,0,15,,3060,20,,,0,55,,3061,20,,,0,15,,3062,20,,,0,14,,3063,20,,,0,15,,3064,20,,,0,55,,3065,20,,,0,15,,3066,20,,,0,15,,3067,20,,,0,15,,3068,20,,,0,70,,3069,20,,,0,30,,3070,20,,,0,70,,3071,20,,,0,30,,3072,20,,,0,70,,3073,20,,,0,30,,3074,20,,,0,70,,3075,20,,,0,100,,3076,20,,,0,94,,3077,20,,,0
5001,'236.0.3',640,,3244,6,4,,0,15,,3245,6,4,,0,72,,3246,6,4,,0,30,,3247,6,4,,0,70,,3248,6,4,,0
8400,'236.0.1',632,,5114,5,,,0,100,,5115,5,,,0,100,,5116,5,,,0,100,,5117,5,,,0,100,,5118,5,,,0,95,,5119,5,,,0,100,,5120,5,,,0,100,,5121,5,,,0,100,,5122,5,,,0,100,,5123,5,,,0,100,,5124,5,,,0,100,,5125,5,,,0,100,,5126,5,,,0,105,,5127,5,,,0,100,,5128,5,,,0,100,,5129,5,,,0,100,,5130,5,,,0
8400,'236.0.2',637,,5131,5,,,0,100,,5132,5,,,0,100,,5133,5,,,0,100,,5134,5,,,0,100,,5135,5,,,0,95,,5136,5,,,0,100,,5137,5,,,0,100,,5138,5,,,0,100,,5139,5,,,0,100,,5140,5,,,0,105,,5141,5,,,0,100,,5142,5,,,0,100,,5143,5,,,0,100,,5144,5,,,0,100,,5145,5,,,0,100,,5146,5,,,0,100,,5147,5,,,0
8400,'236.0.3',542,,5178,5,,,0,70,,5148,5,,,0,30,,5149,5,,,0,70,,5150,5,,,0,30,,5151,5,,,0,70,,5152,5,,,0,30,,5153,5,,,0,100,,5154,5,,,0,100,,5155,5,,,0,100,,5156,5,,,0,100,,5157,5,,,0,100,,5158,5,,,0,101,,5159,5,,,0,70,,5160,5,,,0,15,,5161,5,,,0,15,,5162,5,,,0,15,,5163,5,,,0,55,,5164,5,,,0,15,,5165,5,,,0,15,,5166,5,,,0,15,,5167,5,,,0,55,,5168,5,,,0,15,,5169,5,,,0,14,,5170,5,,,0,15,,5179,5,,,0,55,,5171,5,,,0,100,,5172,5,,,0,100,,5173,5,,,0,100,,5174,5,,,0,100,,5175,5,,,0,103,,5176,5,,,0,103,,5177,5,,,0
9300,'236.0.3',1520,,6019,5,,,0,26,,6020,5,,,0,77,,6021,5,,,0,23,,6022,5,,,0,78,,6023,5,,,0,22,,6024,5,,,0,73,,6025,5,,,0
13601,'236.0.3',1518,,6095,10,,,0,30,,6096,10,,,0,71,,6097,10,,,0,15,,6098,10,,,0,15,,6099,10,,,0,69,,6100,10,,,0,29,,6101,10,,,0,70,,6102,10,,,0
13701,'236.0.3',1539,,6109,10,,,0,70,,6110,10,,,0,30,,6111,10,,,0,70,,6112,10,,,0,29,,6113,10,,,0,70,,6114,10,,,0
18200,'236.0.3',1502,,6179,8,,,0,15,,6180,8,,,0,15,,6181,8,,,0,15,,6182,8,,,0,55,,6183,8,,,0,15,,6184,8,,,0,15,,6185,8,,,0,15,,6186,8,,,0,55,,6187,8,,,0,15,,6188,8,,,0,14,,6189,8,,,0,15,,6190,8,,,0,55,,6192,8,,,0,14,,6191,8,,,0,16,,6193,8,,,0
18300,'236.0.3',1506,,6207,8,,,0,30,,6208,8,,,0,72,,6209,8,,,0,31,,6210,8,,,0,68,,6211,8,,,0,27,,6212,8,,,0,69,,6213,8,,,0
18500,'236.0.3',1514,,6220,8,,,0,15,,6221,8,,,0,15,,6222,8,,,0,57,,6223,8,,,0,15,,6224,8,,,0,16,,6225,8,,,0,15,,6226,8,,,0,55,,6227,8,,,0,11,,6228,8,,,0,13,,6231,8,,,0,15,,6229,8,,,0,15,,6232,8,,,0,55,,6230,8,,,0,15,,6233,8,,,0
18600,'236.0.3',1521,,6246,8,,,0,31,,6247,8,,,0,71,,6248,8,,,0,31,,6251,8,,,0,66,,6249,8,,,0,28,,6250,8,,,0
