2400,'236.0.1',609,,2343,18,,,0,30,,2344,18,,,0,70,,2345,18,,,0,30,,2346,18,,,0,70,,2347,18,,,0,30,,2348,18,,,0,70,,2349,18,,,0,30,,2350,18,,,0,71,,2351,18,,,0,30,,2352,18,,,0,70,,2353,18,,,0,30,,2354,18,,,0,70,,2355,18,,,0,30,,2356,18,,,0,70,,2357,18,,,0,30,,2358,18,,,0,70,,2359,18,,,0,30,,2360,18,,,0,70,,2361,18,,,0,30,,2362,18,,,0,70,,2363,18,,,0,30,,2364,18,,,0,70,,2365,18,,,0,30,,2366,18,,,0,70,,2367,18,,,0,29,,2368,18,,,0,70,,2369,18,,,0,30,,2370,18,,,0,70,,2371,18,,,0,30,,2372,18,,,0,70,,2373,18,,,0,30,,2374,18,,,0,70,,2375,18,,,0,30,,2376,18,,,0,70,,2377,18,,,0,30,,2378,18,,,0
2400,'236.0.2',609,,2379,18,,,0,30,,2380,18,,,0,70,,2381,18,,,0,30,,2382,18,,,0,70,,2383,18,,,0,30,,2384,18,,,0,70,,2385,18,,,0,31,,2386,18,,,0,70,,2387,18,,,0,30,,2388,18,,,0,70,,2389,18,,,0,30,,2390,18,,,0,70,,2391,18,,,0,30,,2392,18,,,0,70,,2393,18,,,0,30,,2394,18,,,0,70,,2395,18,,,0,30,,2396,18,,,0,70,,2397,18,,,0,30,,2398,18,,,0,70,,2399,18,,,0,30,,2400,18,,,0,70,,2401,18,,,0,30,,2402,18,,,0,70,,2403,18,,,0,29,,2404,18,,,0,70,,2405,18,,,0,30,,2406,18,,,0,70,,2407,18,,,0,30,,2408,18,,,0,70,,2409,18,,,0,30,,2410,18,,,0,70,,2411,18,,,0,30,,2412,18,,,0,70,,2413,18,,,0,30,,2414,18,,,0
2400,'236.0.3',611,,2415,18,,,0,30,,2416,18,,,0,66,,2417,18,,,0,29,,2418,18,,,0,70,,2419,18,,,0,34,,2420,18,,,0,70,,2421,18,,,0,30,,2422,18,,,0,70,,2423,18,,,0,30,,2424,18,,,0,70,,2425,18,,,0,30,,2426,18,,,0,70,,2427,18,,,0,30,,2428,18,,,0,70,,2429,18,,,0,30,,2430,18,,,0,70,,2431,18,,,0,30,,2432,18,,,0,70,,2433,18,,,0,30,,2434,18,,,0,70,,2435,18,,,0,30,,2436,18,,,0,70,,2437,18,,,0,30,,2438,18,,,0,70,,2439,18,,,0,30,,2440,18,,,0,69,,2441,18,,,0,30,,2442,18,,,0,70,,2443,18,,,0,30,,2444,18,,,0,70,,2445,18,,,0,30,,2446,18,,,0,70,,2447,18,,,0,30,,2448,18,,,0,70,,2449,18,,,0,30,,2450,18,,,0
12700,'236.0.3',623,,6052,12,,,0,18,,6053,12,,,0,59,,6054,12,,,0,8,,6055,12,,,0,8,,6056,12,,,0,17,,6057,12,,,0,13,,6058,12,,,0,55,,6059,12,,,0,5,,6060,12,,,0
1000901,'236.0.1',653,,6973,24,,,0,100,,6974,24,,,0,100,,6975,24,,,0,100,,6976,24,,,0,100,,6977,24,,,0,100,,6978,24,,,0,100,,6979,24,,,0,100,,6980,24,,,0,100,,6981,24,,,0,100,,6982,24,,,0,100,,6983,24,,,0,99,,6984,24,,,0,100,,6985,24,,,0,100,,6986,24,,,0,99,,6987,24,,,0,100,,6988,24,,,0,100,,6989,24,,,0,100,,6990,24,,,0
1000901,'236.0.2',652,,6991,24,,,0,98,,6992,24,,,0,102,,6993,24,,,0,100,,6994,24,,,0,100,,6995,24,,,0,100,,6996,24,,,0,100,,6997,24,,,0,100,,6998,24,,,0,100,,6999,24,,,0,100,,7000,24,,,0,100,,7001,24,,,0,100,,7002,24,,,0,100,,7003,24,,,0,100,,7004,24,,,0,98,,7005,24,,,0,100,,7006,24,,,0,100,,7007,24,,,0,100,,7008,24,,,0
1000901,'236.0.3',538,,7009,24,,,0,67,,7010,24,,,0,25,,7011,24,,,0,10,,7012,24,,,0,5,,7013,24,,,0,55,,7014,24,,,0,14,,7015,24,,,0,5,,7016,24,,,0,15,,7017,24,,,0,10,,7018,24,,,0,60,,7019,24,,,0,10,,7020,24,,,0,20,,7021,24,,,0,9,,7022,24,,,0,16,,7023,24,,,0,50,,7024,24,,,0,25,,7025,24,,,0,15,,7026,24,,,0,55,,7027,24,,,0,30,,7028,24,,,0,15,,7029,24,,,0,55,,7030,24,,,0,30,,7031,24,,,0,15,,7032,24,,,0,55,,7033,24,,,0,30,,7034,24,,,0,15,,7035,24,,,0,55,,7036,24,,,0,30,,7037,24,,,0,15,,7038,24,,,0,55,,7039,24,,,0,30,,7040,24,,,0,15,,7041,24,,,0,55,,7042,24,,,0,30,,7043,24,,,0,25,,7044,24,,,0,45,,7045,24,,,0,25,,7046,24,,,0,10,,7047,24,,,0,20,,7048,24,,,0,50,,7049,24,,,0,20,,7050,24,,,0,10,,7051,24,,,0,20,,7052,24,,,0,50,,7053,24,,,0,18,,7054,24,,,0,10,,7055,24,,,0,65,,7056,24,,,0,30,,7057,24,,,0,71,,7058,24,,,0,29,,7059,24,,,0,70,,7060,24,,,0,29,,7061,24,,,0,70,,7062,24,,,0,35,,7063,24,,,0,20,,7064,24,,,0,80,,7065,24,,,0,20,,7066,24,,,0,80,,7067,24,,,0,20,,7068,24,,,0
2000901,'236.0.1',623,,8002,40,0,13,0,100,,8003,40,0,13,0,99,,8004,40,0,13,0,101,,8005,40,0,13,0,100,,8006,40,0,13,0,100,,8007,40,0,13,0,100,,8008,40,0,13,0,100,,8009,40,0,13,0,100,,8010,40,0,13,0,100,,8011,40,0,13,0,100,,8012,40,0,13,0,100,,8013,40,0,13,0,99,,8014,40,0,13,0,100,,8015,40,0,13,0,99,,8016,40,0,13,0,100,,8017,40,0,13,0,100,,8018,40,0,13,0,100,,8019,40,0,13,0,100,,8020,40,0,13,0
2000901,'236.0.2',622,,8021,40,0,13,0,100,,8022,40,0,13,0,98,,8023,40,0,13,0,102,,8024,40,0,13,0,100,,8025,40,0,13,0,100,,8026,40,0,13,0,100,,8027,40,0,13,0,100,,8028,40,0,13,0,100,,8029,40,0,13,0,100,,8030,40,0,13,0,100,,8031,40,0,13,0,100,,8032,40,0,13,0,100,,8033,40,0,13,0,100,,8034,40,0,13,0,98,,8035,40,0,13,0,100,,8036,40,0,13,0,100,,8037,40,0,13,0,99,,8038,40,0,13,0,100,,8039,40,0,13,0
2000901,'236.0.3',550,,8040,40,0,13,0,70,,8041,40,0,13,0,30,,8042,40,0,13,0,74,,8043,40,0,13,0,30,,8044,40,0,13,0,70,,8045,40,0,13,0,26,,8046,40,0,13,0,69,,8047,40,0,13,0,100,,8048,40,0,13,0,100,,8049,40,0,13,0,100,,8050,40,0,13,0,100,,8051,40,0,13,0,100,,8052,40,0,13,0,100,,8053,40,0,13,0,30,,8054,40,0,13,0,70,,8055,40,0,13,0,30,,8056,40,0,13,0,70,,8057,40,0,13,0,30,,8058,40,0,13,0,69,,8059,40,0,13,0,29,,8060,40,0,13,0,70,,8061,40,0,13,0,30,,8062,40,0,13,0,70,,8063,40,0,13,0,30,,8064,40,0,13,0,70,,8065,40,0,13,0,23,,8066,40,0,13,0,70,,8067,40,0,13,0,100,,8068,40,0,13,0,100,,8069,40,0,13,0
