6100,'236.0.1',608,,4048,1,,,0,100,,4049,1,,,0,100,,4050,1,,,0,100,,4051,1,,,0,100,,4052,1,,,0,100,,4053,1,,,0,100,,4054,1,,,0,100,,4055,1,,,0,100,,4056,1,,,0,100,,4057,1,,,0,100,,4058,1,,,0,100,,4059,1,,,0,100,,4060,1,,,0,100,,4061,1,,,0,100,,4062,1,,,0,100,,4063,1,,,0,100,,4064,1,,,0,100,,4065,1,,,0
6100,'236.0.2',708,,4066,1,,,0,100,,4067,1,,,0,100,,4068,1,,,0,100,,4069,1,,,0,100,,4070,1,,,0,100,,4071,1,,,0,100,,4072,1,,,0,100,,4073,1,,,0,100,,4074,1,,,0,100,,4075,1,,,0,100,,4076,1,,,0,100,,4077,1,,,0,100,,4078,1,,,0,100,,4079,1,,,0,100,,4080,1,,,0,100,,4081,1,,,0
6100,'236.0.3',611,,4084,1,,,0,30,,4085,1,,,0,70,,4086,1,,,0,30,,4087,1,,,0,100,,4088,1,,,0,100,,4089,1,,,0,100,,4090,1,,,0,100,,4091,1,,,0,100,,4092,1,,,0,100,,4093,1,,,0,100,,4094,1,,,0,470,,4095,1,,,0,100,,4096,1,,,0,100,,4097,1,,,0,100,,4098,1,,,0
6101,'236.0.1',653,,4099,39,4,,0,100,,4100,39,4,,0,100,,4101,39,4,,0,103,,4102,39,4,,0,100,,4103,39,4,,0,102,,4104,39,4,,0,100,,4105,39,4,,0,100,,4106,39,4,,0,100,,4107,39,4,,0,100,,4108,39,4,,0,100,,4109,39,4,,0,100,,4110,39,4,,0,100,,4111,39,4,,0,96,,4112,39,4,,0,100,,4113,39,4,,0,98,,4114,39,4,,0,100,,4115,39,4,,0,100,,4116,39,4,,0
6101,'236.0.2',753,,4117,39,4,,0,100,,4118,39,4,,0,100,,4119,39,4,,0,100,,4120,39,4,,0,102,,4121,39,4,,0,100,,4122,39,4,,0,103,,4123,39,4,,0,100,,4124,39,4,,0,100,,4125,39,4,,0,100,,4126,39,4,,0,100,,4127,39,4,,0,96,,4128,39,4,,0,98,,4129,39,4,,0,100,,4130,39,4,,0,100,,4131,39,4,,0,100,,4132,39,4,,0
6101,'236.0.3',932,,4133,39,4,,0,98,,4134,39,4,,0,100,,4135,39,4,,0,101,,4136,39,4,,0,101,,4137,39,4,,0,100,,4138,39,4,,0,100,,4139,39,4,,0,102,,4140,39,4,,0,73,,4141,39,4,,0,35,,4142,39,4,,0,70,,4143,39,4,,0,25,,4144,39,4,,0,64,,4145,39,4,,0,58,,4146,39,4,,0,100,,4147,39,4,,0,98,,4148,39,4,,0,100,,4149,39,4,,0
6800,'236.0.1',550,,4651,1,,,0,100,,4652,1,,,0,100,,4653,1,,,0,100,,4654,1,,,0,100,,4655,1,,,0,100,,4656,1,,,0,100,,4657,1,,,0,100,,4658,1,,,0,100,,4659,1,,,0,100,,4660,1,,,0,100,,4661,1,,,0,100,,4662,1,,,0,100,,4663,1,,,0,100,,4664,1,,,0,100,,4665,1,,,0,100,,4666,1,,,0,100,,4667,1,,,0,100,,4668,1,,,0,100,,4669,1,,,0
6800,'236.0.2',650,,4670,1,,,0,100,,4671,1,,,0,100,,4672,1,,,0,100,,4673,1,,,0,100,,4674,1,,,0,100,,4675,1,,,0,100,,4676,1,,,0,100,,4677,1,,,0,100,,4678,1,,,0,100,,4679,1,,,0,100,,4680,1,,,0,100,,4681,1,,,0,100,,4682,1,,,0,100,,4683,1,,,0,100,,4684,1,,,0,100,,4685,1,,,0
6800,'236.0.3',555,,4687,1,,,0,70,,4688,1,,,0,30,,4689,1,,,0,70,,4690,1,,,0,30,,4703,1,,,0,156,,4691,1,,,0,100,,4692,1,,,0,100,,4693,1,,,0,100,,4694,1,,,0,100,,4695,1,,,0,100,,4696,1,,,0,100,,4697,1,,,0,429,,4698,1,,,0,100,,4699,1,,,0,100,,4700,1,,,0,100,,4701,1,,,0,100,,4702,1,,,0
6801,'236.0.1',633,,4704,31,4,,0,100,,4705,31,4,,0,100,,4706,31,4,,0,100,,4707,31,4,,0,102,,4708,31,4,,0,101,,4709,31,4,,0,100,,4710,31,4,,0,100,,4711,31,4,,0,100,,4712,31,4,,0,100,,4713,31,4,,0,100,,4714,31,4,,0,99,,4715,31,4,,0,100,,4716,31,4,,0,100,,4717,31,4,,0,99,,4718,31,4,,0,100,,4719,31,4,,0,100,,4720,31,4,,0,100,,4721,31,4,,0,100,,4722,31,4,,0
6801,'236.0.2',733,,4723,31,4,,0,100,,4724,31,4,,0,100,,4725,31,4,,0,100,,4726,31,4,,0,101,,4727,31,4,,0,101,,4728,31,4,,0,101,,4729,31,4,,0,100,,4730,31,4,,0,100,,4731,31,4,,0,100,,4732,31,4,,0,99,,4733,31,4,,0,100,,4734,31,4,,0,99,,4735,31,4,,0,99,,4736,31,4,,0,100,,4737,31,4,,0,100,,4738,31,4,,0
6801,'236.0.3',957,,4739,31,4,,0,100,,4740,31,4,,0,100,,4741,31,4,,0,101,,4742,31,4,,0,142,,4743,31,4,,0,100,,4744,31,4,,0,100,,4745,31,4,,0,41,,4746,31,4,,0,76,,4747,31,4,,0,31,,4748,31,4,,0,69,,4749,31,4,,0,23,,4750,31,4,,0,66,,4751,31,4,,0,119,,4752,31,4,,0,100,,4753,31,4,,0,100,,4754,31,4,,0,100,,4755,31,4,,0,100,,4756,31,4,,0
