801,'236.0.1',527,,1843,4,,,0,30,,1844,4,,,0,70,,1845,4,,,0,30,,1846,4,,,0,70,,1847,4,,,0,30,,1848,4,,,0,70,,1849,4,,,0,30,,1850,4,,,0,70,,1851,4,,,0,30,,1852,4,,,0,70,,1853,4,,,0,30,,1854,4,,,0,70,,1855,4,,,0,30,,1856,4,,,0,70,,1857,4,,,0,30,,1858,4,,,0,70,,1859,4,,,0,30,,1860,4,,,0,70,,1861,4,,,0,30,,1862,4,,,0,70,,1863,4,,,0,30,,1864,4,,,0,70,,1865,4,,,0,30,,1866,4,,,0,70,,1867,4,,,0,30,,1868,4,,,0,70,,1869,4,,,0,30,,1870,4,,,0,70,,1871,4,,,0,30,,1872,4,,,0,70,,1873,4,,,0,30,,1874,4,,,0,70,,1875,4,,,0,30,,1876,4,,,0,70,,1877,4,,,0,30,,1878,4,,,0,70,,1879,4,,,0,100,,1880,4,,,0
801,'236.0.2',532,,1881,4,,,0,70,,1882,4,,,0,30,,1883,4,,,0,70,,1884,4,,,0,30,,1885,4,,,0,70,,1886,4,,,0,30,,1887,4,,,0,70,,1888,4,,,0,30,,1889,4,,,0,70,,1890,4,,,0,30,,1891,4,,,0,70,,1892,4,,,0,30,,1893,4,,,0,70,,1894,4,,,0,30,,1895,4,,,0,70,,1896,4,,,0,30,,1897,4,,,0,70,,1898,4,,,0,30,,1899,4,,,0,70,,1900,4,,,0,30,,1901,4,,,0,70,,1902,4,,,0,30,,1903,4,,,0,70,,1904,4,,,0,30,,1905,4,,,0,70,,1906,4,,,0,30,,1907,4,,,0,70,,1908,4,,,0,30,,1909,4,,,0,70,,1910,4,,,0,30,,1911,4,,,0,70,,1912,4,,,0,30,,1913,4,,,0,70,,1914,4,,,0,100,,1915,4,,,0,100,,1916,4,,,0
801,'236.0.3',512,,1917,4,,,0,30,,1918,4,,,0,70,,1919,4,,,0,20,,1920,4,,,0,20,,1921,4,,,0,60,,1922,4,,,0,20,,1923,4,,,0,20,,1924,4,,,0,60,,1925,4,,,0,20,,1926,4,,,0,20,,1927,4,,,0,60,,1928,4,,,0,20,,1929,4,,,0,20,,1930,4,,,0,60,,1931,4,,,0,20,,1932,4,,,0,20,,1933,4,,,0,60,,1934,4,,,0,20,,1935,4,,,0,20,,1936,4,,,0,60,,1937,4,,,0,20,,1938,4,,,0,20,,1939,4,,,0,60,,1940,4,,,0,20,,1941,4,,,0,20,,1942,4,,,0,60,,1943,4,,,0,20,,1944,4,,,0,20,,1945,4,,,0,71,,1946,4,,,0,30,,1947,4,,,0,70,,1948,4,,,0,30,,1949,4,,,0,70,,1950,4,,,0,30,,1951,4,,,0,69,,1952,4,,,0,30,,1953,4,,,0,70,,1954,4,,,0,30,,1955,4,,,0,70,,1956,4,,,0,30,,1957,4,,,0,70,,1958,4,,,0,30,,1959,4,,,0,70,,1960,4,,,0,30,,1961,4,,,0,70,,1962,4,,,0,30,,1963,4,,,0,70,,1964,4,,,0
8201,'236.0.1',641,,4962,4,,,0,100,,4963,4,,,0,100,,4964,4,,,0,100,,4965,4,,,0,100,,4966,4,,,0,100,,4967,4,,,0,100,,4968,4,,,0,100,,4969,4,,,0,100,,4970,4,,,0,100,,4971,4,,,0,100,,4972,4,,,0,100,,4973,4,,,0,100,,4974,4,,,0,100,,4975,4,,,0,100,,4976,4,,,0,100,,4977,4,,,0,100,,4978,4,,,0
8201,'236.0.2',642,,4979,4,,,0,100,,4980,4,,,0,100,,4981,4,,,0,100,,4982,4,,,0,100,,4983,4,,,0,100,,4984,4,,,0,100,,4985,4,,,0,100,,4986,4,,,0,100,,4987,4,,,0,100,,4988,4,,,0,100,,4989,4,,,0,100,,4990,4,,,0,100,,4991,4,,,0,100,,4992,4,,,0,100,,4993,4,,,0,100,,4994,4,,,0
8201,'236.0.3',847,,4995,4,,,0,100,,4996,4,,,0,100,,4997,4,,,0,100,,4998,4,,,0,100,,4999,4,,,0,100,,5000,4,,,0,100,,5001,4,,,0,98,,5002,4,,,0,67,,5003,4,,,0,30,,5004,4,,,0,70,,5005,4,,,0,30,,5006,4,,,0,70,,5007,4,,,0,35,,5008,4,,,0,100,,5009,4,,,0,100,,5010,4,,,0,100,,5011,4,,,0,100,,5012,4,,,0
8401,'236.0.1',601,,5180,4,,,0,100,,5181,4,,,0,100,,5182,4,,,0,100,,5183,4,,,0,100,,5184,4,,,0,100,,5185,4,,,0,100,,5186,4,,,0,101,,5187,4,,,0,100,,5188,4,,,0,100,,5189,4,,,0,100,,5190,4,,,0,99,,5191,4,,,0,100,,5192,4,,,0,100,,5193,4,,,0,100,,5194,4,,,0,100,,5195,4,,,0,100,,5196,4,,,0
8401,'236.0.2',606,,5197,4,,,0,100,,5198,4,,,0,100,,5199,4,,,0,100,,5200,4,,,0,100,,5201,4,,,0,100,,5202,4,,,0,100,,5203,4,,,0,100,,5204,4,,,0,100,,5205,4,,,0,100,,5206,4,,,0,100,,5207,4,,,0,100,,5208,4,,,0,100,,5209,4,,,0,100,,5210,4,,,0,100,,5211,4,,,0,100,,5212,4,,,0,100,,5213,4,,,0
8401,'236.0.3',506,,5214,4,,,0,30,,5215,4,,,0,70,,5216,4,,,0,15,,5217,4,,,0,15,,5245,4,,,0,15,,5218,4,,,0,55,,5219,4,,,0,15,,5220,4,,,0,15,,5221,4,,,0,15,,5222,4,,,0,55,,5223,4,,,0,15,,5224,4,,,0,15,,5225,4,,,0,16,,5246,4,,,0,55,,5226,4,,,0,100,,5227,4,,,0,100,,5228,4,,,0,100,,5229,4,,,0,100,,5230,4,,,0,100,,5231,4,,,0,100,,5232,4,,,0,30,,5233,4,,,0,70,,5234,4,,,0,30,,5235,4,,,0,70,,5236,4,,,0,30,,5237,4,,,0,69,,5238,4,,,0,100,,5239,4,,,0,100,,5240,4,,,0,100,,5241,4,,,0,100,,5242,4,,,0,100,,5243,4,,,0,100,,5244,4,,,0
8500,'236.0.1',617,,5247,4,,,0,100,,5248,4,,,0,101,,5249,4,,,0,100,,5250,4,,,0,100,,5251,4,,,0,100,,5252,4,,,0,100,,5253,4,,,0,100,,5254,4,,,0,100,,5255,4,,,0,100,,5256,4,,,0,100,,5257,4,,,0,100,,5258,4,,,0,99,,5259,4,,,0,100,,5260,4,,,0,100,,5261,4,,,0,100,,5262,4,,,0,100,,5263,4,,,0
8500,'236.0.2',622,,5264,4,,,0,100,,5265,4,,,0,101,,5266,4,,,0,100,,5267,4,,,0,100,,5268,4,,,0,100,,5269,4,,,0,100,,5270,4,,,0,100,,5271,4,,,0,100,,5272,4,,,0,100,,5273,4,,,0,100,,5274,4,,,0,100,,5275,4,,,0,100,,5276,4,,,0,99,,5277,4,,,0,100,,5278,4,,,0,100,,5279,4,,,0
8500,'236.0.3',534,,5280,4,,,0,15,,5302,4,,,0,55,,5281,4,,,0,15,,5282,4,,,0,15,,5283,4,,,0,15,,5284,4,,,0,55,,5285,4,,,0,15,,5286,4,,,0,14,,5287,4,,,0,15,,5288,4,,,0,55,,5289,4,,,0,15,,5303,4,,,0,17,,5290,4,,,0,100,,5291,4,,,0,100,,5292,4,,,0,101,,5293,4,,,0,100,,5294,4,,,0,100,,5295,4,,,0,100,,5296,4,,,0,100,,5297,4,,,0,415,,5298,4,,,0,100,,5299,4,,,0,100,,5300,4,,,0,100,,5301,4,,,0
8600,'236.0.1',613,,5363,4,,,0,100,,5364,4,,,0,100,,5365,4,,,0,100,,5366,4,,,0,100,,5367,4,,,0,100,,5368,4,,,0,100,,5369,4,,,0,100,,5370,4,,,0,100,,5371,4,,,0,100,,5372,4,,,0,100,,5373,4,,,0,101,,5374,4,,,0,100,,5375,4,,,0,100,,5376,4,,,0,100,,5377,4,,,0,100,,5378,4,,,0,100,,5379,4,,,0
8600,'236.0.2',619,,5380,4,,,0,100,,5381,4,,,0,100,,5382,4,,,0,100,,5383,4,,,0,100,,5384,4,,,0,100,,5385,4,,,0,100,,5386,4,,,0,100,,5387,4,,,0,100,,5388,4,,,0,100,,5389,4,,,0,100,,5390,4,,,0,100,,5391,4,,,0,100,,5392,4,,,0,100,,5393,4,,,0,100,,5394,4,,,0,100,,5395,4,,,0
8600,'236.0.3',533,,5396,4,,,0,67,,5397,4,,,0,30,,5398,4,,,0,29,,5399,4,,,0,69,,5400,4,,,0,28,,5401,4,,,0,65,,5402,4,,,0,100,,5403,4,,,0,100,,5404,4,,,0,100,,5405,4,,,0,100,,5406,4,,,0,100,,5407,4,,,0,100,,5408,4,,,0,100,,5409,4,,,0,420,,5410,4,,,0,100,,5411,4,,,0,100,,5412,4,,,0,100,,5413,4,,,0
8701,'236.0.1',607,,5542,4,,,0,30,,5543,4,,,0,70,,5544,4,,,0,30,,5545,4,,,0,70,,5546,4,,,0,30,,5547,4,,,0,70,,5548,4,,,0,30,,5549,4,,,0,70,,5550,4,,,0,30,,5551,4,,,0,70,,5552,4,,,0,30,,5553,4,,,0,70,,5554,4,,,0,30,,5555,4,,,0,70,,5556,4,,,0,30,,5557,4,,,0,70,,5558,4,,,0,30,,5559,4,,,0,70,,5560,4,,,0,30,,5561,4,,,0,70,,5562,4,,,0,30,,5563,4,,,0,70,,5564,4,,,0,30,,5565,4,,,0,70,,5566,4,,,0,95,,5567,4,,,0,100,,5568,4,,,0,100,,5569,4,,,0,100,,5570,4,,,0,100,,5571,4,,,0
8701,'236.0.2',607,,5572,4,,,0,100,,5573,4,,,0,100,,5574,4,,,0,100,,5575,4,,,0,100,,5576,4,,,0,100,,5577,4,,,0,100,,5578,4,,,0,100,,5579,4,,,0,100,,5580,4,,,0,100,,5581,4,,,0,100,,5582,4,,,0,100,,5583,4,,,0,100,,5584,4,,,0,100,,5585,4,,,0,100,,5586,4,,,0,100,,5587,4,,,0,100,,5588,4,,,0,99,,5589,4,,,0
8701,'236.0.3',627,,5590,4,,,0,30,,5591,4,,,0,55,,5592,4,,,0,30,,5593,4,,,0,70,,5594,4,,,0,30,,5595,4,,,0,70,,5596,4,,,0,30,,5597,4,,,0,70,,5598,4,,,0,30,,5599,4,,,0,70,,5600,4,,,0,30,,5601,4,,,0,70,,5602,4,,,0,30,,5603,4,,,0,70,,5604,4,,,0,30,,5605,4,,,0,70,,5606,4,,,0,30,,5607,4,,,0,70,,5608,4,,,0,30,,5609,4,,,0,71,,5610,4,,,0,30,,5611,4,,,0,70,,5612,4,,,0,30,,5613,4,,,0,69,,5614,4,,,0,30,,5615,4,,,0,90,,5616,4,,,0,100,,5617,4,,,0,100,,5618,4,,,0,100,,5619,4,,,0,100,,5620,4,,,0
18201,'236.0.3',524,,6194,4,,,0,15,,6195,4,,,0,15,,6196,4,,,0,55,,6197,4,,,0,15,,6198,4,,,0,13,,6199,4,,,0,14,,6200,4,,,0,55,,6206,4,,,0,15,,6201,4,,,0,15,,6202,4,,,0,15,,6203,4,,,0,55,,6205,4,,,0,15,,6204,4,,,0
18500,'236.0.3',1548,,6220,14,,,0,55,,6221,14,,,0,15,,6222,14,,,0,20,,6223,14,,,0,15,,6224,14,,,0,60,,6225,14,,,0,15,,6226,14,,,0,15,,6227,14,,,0,8,,6228,14,,,0,8,,6231,14,,,0,55,,6229,14,,,0,15,,6232,14,,,0,15,,6230,14,,,0,15,,6233,14,,,0
18600,'236.0.3',1554,,6246,14,,,0,75,,6247,14,,,0,74,,6248,14,,,0,29,,6251,14,,,0,22,,6249,14,,,0,66,,6250,14,,,0
