200,'236.0.1',607,,497,3,,,0,100,,498,3,,,0,100,,499,3,,,0,15,,500,3,,,0,15,,501,3,,,0,15,,502,3,,,0,55,,503,3,,,0,15,,504,3,,,0,15,,505,3,,,0,15,,506,3,,,0,55,,507,3,,,0,15,,508,3,,,0,15,,509,3,,,0,15,,510,3,,,0,55,,511,3,,,0,15,,512,3,,,0,15,,513,3,,,0,15,,514,3,,,0,55,,515,3,,,0,15,,516,3,,,0,15,,517,3,,,0,15,,518,3,,,0,55,,519,3,,,0,15,,520,3,,,0,15,,521,3,,,0,15,,522,3,,,0,55,,523,3,,,0,15,,524,3,,,0,15,,525,3,,,0,15,,526,3,,,0,55,,527,3,,,0,15,,528,3,,,0,15,,529,3,,,0,15,,530,3,,,0,55,,531,3,,,0,15,,532,3,,,0,15,,533,3,,,0,15,,534,3,,,0,55,,535,3,,,0,15,,536,3,,,0,15,,537,3,,,0,15,,538,3,,,0,55,,539,3,,,0,15,,540,3,,,0,15,,541,3,,,0,15,,542,3,,,0,55,,543,3,,,0,15,,544,3,,,0,30,,545,3,,,0,70,,546,3,,,0,30,,547,3,,,0,70,,548,3,,,0,30,,549,3,,,0,70,,550,3,,,0,30,,551,3,,,0,70,,552,3,,,0,30,,553,3,,,0,70,,554,3,,,0
200,'236.0.2',557,,555,3,,,0,100,,556,3,,,0,100,,557,3,,,0,70,,558,3,,,0,20,,559,3,,,0,60,,560,3,,,0,20,,561,3,,,0,20,,562,3,,,0,60,,563,3,,,0,20,,564,3,,,0,20,,565,3,,,0,60,,566,3,,,0,20,,567,3,,,0,20,,568,3,,,0,60,,569,3,,,0,20,,570,3,,,0,20,,571,3,,,0,60,,572,3,,,0,20,,573,3,,,0,20,,574,3,,,0,60,,575,3,,,0,20,,576,3,,,0,20,,577,3,,,0,60,,578,3,,,0,20,,579,3,,,0,20,,580,3,,,0,60,,581,3,,,0,20,,582,3,,,0,20,,583,3,,,0,60,,584,3,,,0,20,,585,3,,,0,20,,586,3,,,0,60,,587,3,,,0,30,,588,3,,,0,70,,589,3,,,0,30,,590,3,,,0,70,,591,3,,,0,30,,592,3,,,0,70,,593,3,,,0,30,,594,3,,,0,70,,595,3,,,0,30,,596,3,,,0,70,,597,3,,,0,30,,598,3,,,0,70,,599,3,,,0
200,'236.0.3',537,,600,3,,,0,70,,601,3,,,0,30,,602,3,,,0,15,,603,3,,,0,55,,604,3,,,0,15,,605,3,,,0,15,,606,3,,,0,15,,607,3,,,0,55,,608,3,,,0,15,,609,3,,,0,15,,610,3,,,0,15,,611,3,,,0,55,,612,3,,,0,15,,613,3,,,0,15,,614,3,,,0,15,,615,3,,,0,55,,616,3,,,0,15,,617,3,,,0,15,,618,3,,,0,15,,619,3,,,0,55,,620,3,,,0,15,,621,3,,,0,15,,622,3,,,0,15,,623,3,,,0,55,,624,3,,,0,15,,625,3,,,0,15,,626,3,,,0,15,,627,3,,,0,55,,628,3,,,0,15,,629,3,,,0,15,,630,3,,,0,15,,631,3,,,0,55,,632,3,,,0,15,,633,3,,,0,15,,634,3,,,0,15,,635,3,,,0,55,,636,3,,,0,15,,637,3,,,0,15,,638,3,,,0,15,,639,3,,,0,55,,640,3,,,0,15,,641,3,,,0,15,,642,3,,,0,15,,643,3,,,0,55,,644,3,,,0,15,,645,3,,,0,15,,646,3,,,0,15,,647,3,,,0,55,,648,3,,,0,15,,649,3,,,0,15,,650,3,,,0,15,,651,3,,,0,70,,652,3,,,0,30,,653,3,,,0,70,,654,3,,,0,30,,655,3,,,0,70,,656,3,,,0,30,,657,3,,,0,70,,658,3,,,0,30,,659,3,,,0,70,,660,3,,,0,30,,661,3,,,0,70,,662,3,,,0
2901,'236.0.1',638,,2968,17,,,0,70,,2969,17,,,0,30,,2970,17,,,0,70,,2971,17,,,0,30,,2972,17,,,0,70,,2973,17,,,0,30,,2974,17,,,0,70,,2975,17,,,0,32,,2976,17,,,0,68,,2977,17,,,0,30,,2978,17,,,0,70,,2979,17,,,0,30,,2980,17,,,0,70,,2981,17,,,0,30,,2982,17,,,0,70,,2983,17,,,0,30,,2984,17,,,0,70,,2985,17,,,0,30,,2986,17,,,0,70,,2987,17,,,0,30,,2988,17,,,0,70,,2989,17,,,0,30,,2990,17,,,0,70,,2991,17,,,0,30,,2992,17,,,0,70,,2993,17,,,0,29,,2994,17,,,0,100,,2995,17,,,0,100,,2996,17,,,0,100,,2997,17,,,0,100,,2998,17,,,0,81,,2999,17,,,0
2901,'236.0.2',636,,3000,17,,,0,70,,3001,17,,,0,30,,3002,17,,,0,70,,3003,17,,,0,30,,3004,17,,,0,70,,3005,17,,,0,30,,3006,17,,,0,71,,3007,17,,,0,29,,3008,17,,,0,70,,3009,17,,,0,30,,3010,17,,,0,70,,3011,17,,,0,30,,3012,17,,,0,70,,3013,17,,,0,30,,3014,17,,,0,70,,3015,17,,,0,30,,3016,17,,,0,70,,3017,17,,,0,30,,3018,17,,,0,70,,3019,17,,,0,30,,3020,17,,,0,70,,3021,17,,,0,30,,3022,17,,,0,70,,3023,17,,,0,30,,3024,17,,,0,99,,3025,17,,,0,100,,3026,17,,,0,100,,3027,17,,,0,100,,3028,17,,,0,100,,3029,17,,,0,83,,3030,17,,,0
2901,'236.0.3',622,,3031,17,,,0,15,,3032,17,,,0,15,,3033,17,,,0,55,,3034,17,,,0,15,,3035,17,,,0,15,,3036,17,,,0,15,,3037,17,,,0,55,,3038,17,,,0,15,,3039,17,,,0,14,,3040,17,,,0,16,,3041,17,,,0,69,,3042,17,,,0,30,,3043,17,,,0,70,,3044,17,,,0,30,,3045,17,,,0,70,,3046,17,,,0,30,,3047,17,,,0,70,,3048,17,,,0,30,,3049,17,,,0,70,,3050,17,,,0,30,,3051,17,,,0,70,,3052,17,,,0,31,,3053,17,,,0,70,,3054,17,,,0,15,,3055,17,,,0,15,,3056,17,,,0,55,,3057,17,,,0,15,,3058,17,,,0,15,,3059,17,,,0,15,,3060,17,,,0,55,,3061,17,,,0,15,,3062,17,,,0,14,,3063,17,,,0,15,,3064,17,,,0,55,,3065,17,,,0,15,,3066,17,,,0,15,,3067,17,,,0,15,,3068,17,,,0,70,,3069,17,,,0,30,,3070,17,,,0,70,,3071,17,,,0,30,,3072,17,,,0,70,,3073,17,,,0,30,,3074,17,,,0,70,,3075,17,,,0,100,,3076,17,,,0,94,,3077,17,,,0
8400,'236.0.1',630,,5114,2,,,0,100,,5115,2,,,0,100,,5116,2,,,0,100,,5117,2,,,0,100,,5118,2,,,0,95,,5119,2,,,0,100,,5120,2,,,0,100,,5121,2,,,0,100,,5122,2,,,0,100,,5123,2,,,0,100,,5124,2,,,0,100,,5125,2,,,0,100,,5126,2,,,0,105,,5127,2,,,0,100,,5128,2,,,0,100,,5129,2,,,0,100,,5130,2,,,0
8400,'236.0.2',635,,5131,2,,,0,100,,5132,2,,,0,100,,5133,2,,,0,100,,5134,2,,,0,100,,5135,2,,,0,95,,5136,2,,,0,100,,5137,2,,,0,100,,5138,2,,,0,100,,5139,2,,,0,100,,5140,2,,,0,105,,5141,2,,,0,100,,5142,2,,,0,100,,5143,2,,,0,100,,5144,2,,,0,100,,5145,2,,,0,100,,5146,2,,,0,100,,5147,2,,,0
8400,'236.0.3',540,,5178,2,,,0,70,,5148,2,,,0,30,,5149,2,,,0,70,,5150,2,,,0,30,,5151,2,,,0,70,,5152,2,,,0,30,,5153,2,,,0,100,,5154,2,,,0,100,,5155,2,,,0,100,,5156,2,,,0,100,,5157,2,,,0,100,,5158,2,,,0,101,,5159,2,,,0,70,,5160,2,,,0,15,,5161,2,,,0,15,,5162,2,,,0,15,,5163,2,,,0,55,,5164,2,,,0,15,,5165,2,,,0,15,,5166,2,,,0,15,,5167,2,,,0,55,,5168,2,,,0,15,,5169,2,,,0,15,,5170,2,,,0,15,,5179,2,,,0,55,,5171,2,,,0,99,,5172,2,,,0,100,,5173,2,,,0,100,,5174,2,,,0,100,,5175,2,,,0,103,,5176,2,,,0,103,,5177,2,,,0
9300,'236.0.3',1518,,6019,2,,,0,26,,6020,2,,,0,76,,6021,2,,,0,23,,6022,2,,,0,79,,6023,2,,,0,22,,6024,2,,,0,73,,6025,2,,,0
