8201,'236.0.1',641,,4962,5,,,0,100,,4963,5,,,0,100,,4964,5,,,0,100,,4965,5,,,0,100,,4966,5,,,0,100,,4967,5,,,0,100,,4968,5,,,0,100,,4969,5,,,0,100,,4970,5,,,0,100,,4971,5,,,0,100,,4972,5,,,0,100,,4973,5,,,0,100,,4974,5,,,0,100,,4975,5,,,0,100,,4976,5,,,0,100,,4977,5,,,0,100,,4978,5,,,0
8201,'236.0.2',642,,4979,5,,,0,100,,4980,5,,,0,100,,4981,5,,,0,100,,4982,5,,,0,100,,4983,5,,,0,100,,4984,5,,,0,100,,4985,5,,,0,100,,4986,5,,,0,100,,4987,5,,,0,100,,4988,5,,,0,100,,4989,5,,,0,100,,4990,5,,,0,100,,4991,5,,,0,100,,4992,5,,,0,100,,4993,5,,,0,100,,4994,5,,,0
8201,'236.0.3',847,,4995,5,,,0,100,,4996,5,,,0,100,,4997,5,,,0,100,,4998,5,,,0,100,,4999,5,,,0,100,,5000,5,,,0,100,,5001,5,,,0,99,,5002,5,,,0,67,,5003,5,,,0,30,,5004,5,,,0,70,,5005,5,,,0,30,,5006,5,,,0,70,,5007,5,,,0,35,,5008,5,,,0,100,,5009,5,,,0,100,,5010,5,,,0,100,,5011,5,,,0,100,,5012,5,,,0
8401,'236.0.1',602,,5180,5,,,0,100,,5181,5,,,0,100,,5182,5,,,0,100,,5183,5,,,0,100,,5184,5,,,0,100,,5185,5,,,0,100,,5186,5,,,0,100,,5187,5,,,0,100,,5188,5,,,0,100,,5189,5,,,0,100,,5190,5,,,0,100,,5191,5,,,0,100,,5192,5,,,0,100,,5193,5,,,0,100,,5194,5,,,0,100,,5195,5,,,0,100,,5196,5,,,0
8401,'236.0.2',607,,5197,5,,,0,100,,5198,5,,,0,100,,5199,5,,,0,100,,5200,5,,,0,100,,5201,5,,,0,100,,5202,5,,,0,100,,5203,5,,,0,100,,5204,5,,,0,100,,5205,5,,,0,100,,5206,5,,,0,100,,5207,5,,,0,100,,5208,5,,,0,100,,5209,5,,,0,100,,5210,5,,,0,100,,5211,5,,,0,100,,5212,5,,,0,100,,5213,5,,,0
8401,'236.0.3',507,,5214,5,,,0,30,,5215,5,,,0,70,,5216,5,,,0,15,,5217,5,,,0,15,,5245,5,,,0,15,,5218,5,,,0,55,,5219,5,,,0,15,,5220,5,,,0,15,,5221,5,,,0,15,,5222,5,,,0,55,,5223,5,,,0,15,,5224,5,,,0,15,,5225,5,,,0,15,,5246,5,,,0,55,,5226,5,,,0,100,,5227,5,,,0,100,,5228,5,,,0,100,,5229,5,,,0,100,,5230,5,,,0,100,,5231,5,,,0,100,,5232,5,,,0,30,,5233,5,,,0,71,,5234,5,,,0,30,,5235,5,,,0,70,,5236,5,,,0,30,,5237,5,,,0,69,,5238,5,,,0,100,,5239,5,,,0,100,,5240,5,,,0,100,,5241,5,,,0,100,,5242,5,,,0,100,,5243,5,,,0,100,,5244,5,,,0
8500,'236.0.1',618,,5247,5,,,0,100,,5248,5,,,0,101,,5249,5,,,0,100,,5250,5,,,0,100,,5251,5,,,0,101,,5252,5,,,0,100,,5253,5,,,0,100,,5254,5,,,0,100,,5255,5,,,0,99,,5256,5,,,0,100,,5257,5,,,0,100,,5258,5,,,0,99,,5259,5,,,0,100,,5260,5,,,0,100,,5261,5,,,0,100,,5262,5,,,0,100,,5263,5,,,0
8500,'236.0.2',623,,5264,5,,,0,100,,5265,5,,,0,101,,5266,5,,,0,100,,5267,5,,,0,100,,5268,5,,,0,100,,5269,5,,,0,100,,5270,5,,,0,100,,5271,5,,,0,100,,5272,5,,,0,100,,5273,5,,,0,100,,5274,5,,,0,100,,5275,5,,,0,100,,5276,5,,,0,99,,5277,5,,,0,100,,5278,5,,,0,100,,5279,5,,,0
8500,'236.0.3',535,,5280,5,,,0,15,,5302,5,,,0,55,,5281,5,,,0,15,,5282,5,,,0,15,,5283,5,,,0,15,,5284,5,,,0,55,,5285,5,,,0,15,,5286,5,,,0,14,,5287,5,,,0,15,,5288,5,,,0,55,,5289,5,,,0,15,,5303,5,,,0,17,,5290,5,,,0,100,,5291,5,,,0,100,,5292,5,,,0,101,,5293,5,,,0,100,,5294,5,,,0,100,,5295,5,,,0,100,,5296,5,,,0,100,,5297,5,,,0,415,,5298,5,,,0,100,,5299,5,,,0,100,,5300,5,,,0,100,,5301,5,,,0
8600,'236.0.1',614,,5363,5,,,0,100,,5364,5,,,0,100,,5365,5,,,0,100,,5366,5,,,0,100,,5367,5,,,0,100,,5368,5,,,0,100,,5369,5,,,0,100,,5370,5,,,0,100,,5371,5,,,0,100,,5372,5,,,0,100,,5373,5,,,0,101,,5374,5,,,0,100,,5375,5,,,0,100,,5376,5,,,0,100,,5377,5,,,0,100,,5378,5,,,0,100,,5379,5,,,0
8600,'236.0.2',620,,5380,5,,,0,100,,5381,5,,,0,100,,5382,5,,,0,100,,5383,5,,,0,100,,5384,5,,,0,100,,5385,5,,,0,100,,5386,5,,,0,100,,5387,5,,,0,100,,5388,5,,,0,100,,5389,5,,,0,100,,5390,5,,,0,100,,5391,5,,,0,100,,5392,5,,,0,100,,5393,5,,,0,100,,5394,5,,,0,100,,5395,5,,,0
8600,'236.0.3',533,,5396,5,,,0,68,,5397,5,,,0,30,,5398,5,,,0,69,,5399,5,,,0,29,,5400,5,,,0,28,,5401,5,,,0,65,,5402,5,,,0,100,,5403,5,,,0,100,,5404,5,,,0,100,,5405,5,,,0,100,,5406,5,,,0,100,,5407,5,,,0,100,,5408,5,,,0,100,,5409,5,,,0,420,,5410,5,,,0,100,,5411,5,,,0,100,,5412,5,,,0,100,,5413,5,,,0
18201,'236.0.3',524,,6194,5,,,0,15,,6195,5,,,0,15,,6196,5,,,0,55,,6197,5,,,0,15,,6198,5,,,0,13,,6199,5,,,0,14,,6200,5,,,0,55,,6206,5,,,0,15,,6201,5,,,0,15,,6202,5,,,0,15,,6203,5,,,0,55,,6205,5,,,0,15,,6204,5,,,0
18500,'236.0.3',1549,,6220,15,,,0,55,,6221,15,,,0,15,,6222,15,,,0,20,,6223,15,,,0,15,,6224,15,,,0,60,,6225,15,,,0,15,,6226,15,,,0,15,,6227,15,,,0,8,,6228,15,,,0,48,,6231,15,,,0,15,,6229,15,,,0,15,,6232,15,,,0,15,,6230,15,,,0,55,,6233,15,,,0
18600,'236.0.3',1554,,6246,15,,,0,75,,6247,15,,,0,74,,6248,15,,,0,29,,6251,15,,,0,22,,6249,15,,,0,66,,6250,15,,,0
