200,'236.0.1',625,,13547,,,0,100,,13548,,,0,100,,13549,,,0,15,,13550,,,0,15,,13551,,,0,55,,13552,,,0,15,,13553,,,0,15,,13554,,,0,15,,13555,,,0,55,,13556,,,0,15,,13557,,,0,15,,13558,,,0,16,,13559,,,0,56,,13560,,,0,15,,13561,,,0,15,,13562,,,0,15,,13563,,,0,55,,13564,,,0,15,,13565,,,0,15,,13566,,,0,15,,13567,,,0,55,,13568,,,0,15,,13569,,,0,15,,13570,,,0,15,,13571,,,0,55,,13572,,,0,15,,13573,,,0,15,,13574,,,0,15,,13575,,,0,55,,13576,,,0,15,,13577,,,0,15,,13578,,,0,15,,13579,,,0,55,,13580,,,0,15,,13581,,,0,15,,13582,,,0,15,,13583,,,0,55,,13584,,,0,15,,13585,,,0,15,,13586,,,0,15,,13587,,,0,55,,13588,,,0,15,,13589,,,0,15,,13590,,,0,15,,13591,,,0,55,,13592,,,0,15,,13593,,,0,15,,13594,,,0,70,,13595,,,0,30,,13596,,,0,69,,13597,,,0,29,,13598,,,0,70,,13599,,,0,30,,13600,,,0,70,,13601,,,0,30,,13602,,,0,70,,13603,,,0,30,,13604,,,0
200,'236.0.2',613,,13605,,,0,100,,13606,,,0,100,,13607,,,0,30,,13608,,,0,60,,13609,,,0,20,,13610,,,0,20,,13611,,,0,60,,13612,,,0,20,,13613,,,0,20,,13614,,,0,63,,13615,,,0,20,,13616,,,0,20,,13617,,,0,60,,13618,,,0,20,,13619,,,0,20,,13620,,,0,60,,13621,,,0,20,,13622,,,0,20,,13623,,,0,60,,13624,,,0,20,,13625,,,0,20,,13626,,,0,60,,13627,,,0,20,,13628,,,0,20,,13629,,,0,60,,13630,,,0,20,,13631,,,0,20,,13632,,,0,60,,13633,,,0,20,,13634,,,0,20,,13635,,,0,60,,13636,,,0,20,,13637,,,0,26,,13638,,,0,70,,13639,,,0,30,,13640,,,0,70,,13641,,,0,30,,13642,,,0,70,,13643,,,0,30,,13644,,,0,70,,13645,,,0,30,,13646,,,0,70,,13647,,,0,30,,13648,,,0,70,,13649,,,0
200,'236.0.3',555,,13650,,,0,70,,13651,,,0,30,,13652,,,0,55,,13653,,,0,15,,13654,,,0,16,,13655,,,0,17,,13656,,,0,55,,13657,,,0,15,,13658,,,0,15,,13659,,,0,15,,13660,,,0,55,,13661,,,0,14,,13662,,,0,15,,13663,,,0,15,,13664,,,0,55,,13665,,,0,15,,13666,,,0,15,,13667,,,0,15,,13668,,,0,55,,13669,,,0,15,,13670,,,0,15,,13671,,,0,15,,13672,,,0,55,,13673,,,0,17,,13674,,,0,15,,13675,,,0,15,,13676,,,0,55,,13677,,,0,15,,13678,,,0,15,,13679,,,0,15,,13680,,,0,55,,13681,,,0,15,,13682,,,0,15,,13683,,,0,15,,13684,,,0,55,,13685,,,0,19,,13686,,,0,17,,13687,,,0,55,,13688,,,0,15,,13689,,,0,15,,13690,,,0,15,,13691,,,0,55,,13692,,,0,15,,13693,,,0,15,,13694,,,0,15,,13695,,,0,50,,13696,,,0,11,,13697,,,0,15,,13698,,,0,15,,13699,,,0,15,,13700,,,0,55,,13701,,,0,30,,13702,,,0,70,,13703,,,0,30,,13704,,,0,70,,13705,,,0,30,,13706,,,0,70,,13707,,,0,30,,13708,,,0,70,,13709,,,0,30,,13710,,,0,70,,13711,,,0,30,,13712,,,0
800,'236.0.1',559,,14768,,,0,70,,14769,,,0,30,,14770,,,0,70,,14771,,,0,30,,14772,,,0,63,,14773,,,0,22,,14774,,,0,70,,14775,,,0,30,,14776,,,0,70,,14777,,,0,30,,14778,,,0,69,,14779,,,0,30,,14780,,,0,70,,14781,,,0,30,,14782,,,0,70,,14783,,,0,30,,14784,,,0,70,,14785,,,0,32,,14786,,,0,70,,14787,,,0,30,,14788,,,0,70,,14789,,,0,30,,14790,,,0,70,,14791,,,0,30,,14792,,,0,70,,14793,,,0,30,,14794,,,0,70,,14795,,,0,30,,14796,,,0,70,,14797,,,0,30,,14798,,,0,70,,14799,,,0,30,,14800,,,0,70,,14801,,,0,27,,14802,,,0,69,,14803,,,0,30,,14804,,,0,100,,14805,,,0
800,'236.0.2',618,,14806,,,0,30,,14807,,,0,70,,14808,,,0,30,,14809,,,0,70,,14810,,,0,30,,14811,,,0,70,,14812,,,0,30,,14813,,,0,70,,14814,,,0,33,,14815,,,0,70,,14816,,,0,25,,14817,,,0,71,,14818,,,0,32,,14819,,,0,70,,14820,,,0,30,,14821,,,0,70,,14822,,,0,30,,14823,,,0,70,,14824,,,0,30,,14825,,,0,70,,14826,,,0,35,,14827,,,0,69,,14828,,,0,30,,14829,,,0,70,,14830,,,0,29,,14831,,,0,68,,14832,,,0,30,,14833,,,0,69,,14834,,,0,29,,14835,,,0,70,,14836,,,0,30,,14837,,,0,70,,14838,,,0,30,,14839,,,0,100,,14840,,,0,100,,14841,,,0
800,'236.0.3',549,,14844,,,0,70,,14845,,,0,30,,14846,,,0,75,,14847,,,0,32,,14848,,,0,71,,14849,,,0,30,,14850,,,0,70,,14851,,,0,30,,14852,,,0,60,,14853,,,0,20,,14854,,,0,20,,14855,,,0,60,,14856,,,0,20,,14857,,,0,20,,14858,,,0,60,,14859,,,0,20,,14860,,,0,20,,14861,,,0,60,,14862,,,0,20,,14863,,,0,20,,14864,,,0,60,,14865,,,0,20,,14866,,,0,20,,14867,,,0,67,,14868,,,0,24,,14869,,,0,60,,14870,,,0,20,,14871,,,0,20,,14872,,,0,60,,14873,,,0,20,,14874,,,0,20,,14875,,,0,60,,14876,,,0,26,,14877,,,0,10,,14892,,,0,10,,14878,,,0,70,,14879,,,0,30,,14880,,,0,70,,14881,,,0,30,,14882,,,0,68,,14883,,,0,29,,14884,,,0,70,,14885,,,0,30,,14886,,,0,70,,14887,,,0,30,,14888,,,0,70,,14889,,,0,30,,14890,,,0,70,,14891,,,0
2800,'236.0.1',712,,15737,,,0,30,,15738,,,0,70,,15739,,,0,30,,15740,,,0,70,,15741,,,0,30,,15742,,,0,70,,15743,,,0,31,,15744,,,0,70,,15745,,,0,30,,15746,,,0,70,,15747,,,0,30,,15748,,,0,70,,15749,,,0,30,,15750,,,0,70,,15751,,,0,30,,15752,,,0,70,,15753,,,0,30,,15754,,,0,70,,15755,,,0,30,,15756,,,0,70,,15757,,,0,30,,15758,,,0,70,,15759,,,0,29,,15760,,,0,70,,15761,,,0,30,,15762,,,0,70,,15763,,,0,30,,15764,,,0,70,,15765,,,0,30,,15766,,,0,70,,15767,,,0,30,,15768,,,0,70,,15769,,,0,30,,15770,,,0
2800,'236.0.2',731,,15771,,,0,100,,15772,,,0,100,,15773,,,0,100,,15774,,,0,100,,15775,,,0,100,,15776,,,0,100,,15777,,,0,100,,15778,,,0,100,,15779,,,0,100,,15780,,,0,100,,15781,,,0,100,,15782,,,0,100,,15783,,,0,100,,15784,,,0,100,,15785,,,0,100,,15786,,,0,100,,15787,,,0
2800,'236.0.3',624,,15788,,,0,30,,15789,,,0,70,,15790,,,0,30,,15791,,,0,70,,15792,,,0,30,,15793,,,0,70,,15794,,,0,30,,15795,,,0,70,,15796,,,0,30,,15797,,,0,68,,15798,,,0,30,,15799,,,0,70,,15800,,,0,30,,15801,,,0,70,,15802,,,0,30,,15803,,,0,70,,15804,,,0,30,,15805,,,0,72,,15806,,,0,30,,15807,,,0,70,,15808,,,0,30,,15809,,,0,70,,15810,,,0,33,,15811,,,0,67,,15812,,,0,30,,15813,,,0,70,,15814,,,0,30,,15815,,,0,70,,15816,,,0,100,,15817,,,0,100,,15818,,,0,100,,15819,,,0
9100,'236.0.1',715,,18960,,,0,100,,18961,,,0,100,,18962,,,0,100,,18963,,,0,100,,18964,,,0,100,,18965,,,0,100,,18966,,,0,100,,18967,,,0,100,,18968,,,0,100,,18969,,,0,100,,18970,,,0,100,,18971,,,0,100,,18972,,,0,100,,18973,,,0,100,,18974,,,0,100,,18975,,,0
9100,'236.0.2',744,,18976,,,0,100,,18977,,,0,100,,18978,,,0,100,,18979,,,0,100,,18980,,,0,100,,18981,,,0,100,,18982,,,0,100,,18983,,,0,100,,18984,,,0,100,,18985,,,0,100,,18986,,,0,100,,18987,,,0,100,,18988,,,0,100,,18989,,,0,100,,18990,,,0
9100,'236.0.3',625,,18991,,,0,24,,18992,,,0,66,,18993,,,0,36,,18994,,,0,69,,18995,,,0,31,,18996,,,0,100,,18997,,,0,103,,18998,,,0,100,,18999,,,0,99,,19000,,,0,100,,19001,,,0,100,,19002,,,0,70,,19003,,,0,30,,19004,,,0,70,,19005,,,0,30,,19006,,,0,70,,19007,,,0,31,,19008,,,0,70,,19009,,,0,99,,19010,,,0,100,,19011,,,0,100,,19012,,,0,100,,19013,,,0
