9001,'236.0.1',637,,5813,62,,,0,70,,5814,62,,,0,30,,5815,62,,,0,66,,5816,62,,,0,31,,5817,62,,,0,70,,5818,62,,,0,30,,5819,62,,,0,67,,5820,62,,,0,34,,5821,62,,,0,71,,5822,62,,,0,30,,5823,62,,,0,70,,5824,62,,,0,30,,5825,62,,,0,70,,5826,62,,,0,30,,5827,62,,,0,70,,5828,62,,,0,30,,5829,62,,,0,70,,5830,62,,,0,30,,5831,62,,,0,70,,5832,62,,,0,30,,5833,62,,,0,70,,5834,62,,,0,30,,5835,62,,,0,73,,5836,62,,,0,25,,5837,62,,,0,69,,5838,62,,,0,30,,5839,62,,,0,70,,5840,62,,,0,30,,5841,62,,,0,98,,5842,62,,,0,100,,5843,62,,,0,100,,5844,62,,,0,100,,5845,62,,,0
9001,'236.0.2',625,,5846,62,,,0,100,,5847,62,,,0,100,,5848,62,,,0,100,,5849,62,,,0,101,,5850,62,,,0,102,,5851,62,,,0,100,,5852,62,,,0,102,,5853,62,,,0,100,,5854,62,,,0,98,,5855,62,,,0,100,,5856,62,,,0,98,,5857,62,,,0,98,,5858,62,,,0,103,,5859,62,,,0,105,,5860,62,,,0,98,,5861,62,,,0,97,,5862,62,,,0,99,,5863,62,,,0
9001,'236.0.3',612,,5864,62,,,0,30,,5865,62,,,0,74,,5866,62,,,0,24,,5898,62,,,0,13,,5867,62,,,0,55,,5899,62,,,0,10,,5868,62,,,0,16,,5900,62,,,0,15,,5869,62,,,0,53,,5901,62,,,0,11,,5870,62,,,0,15,,5902,62,,,0,15,,5871,62,,,0,70,,5872,62,,,0,25,,5873,62,,,0,70,,5874,62,,,0,30,,5875,62,,,0,70,,5876,62,,,0,30,,5877,62,,,0,70,,5878,62,,,0,30,,5879,62,,,0,70,,5880,62,,,0,30,,5881,62,,,0,70,,5882,62,,,0,33,,5883,62,,,0,73,,5884,62,,,0,21,,5903,62,,,0,22,,5885,62,,,0,48,,5904,62,,,0,25,,5886,62,,,0,15,,5905,62,,,0,13,,5887,62,,,0,52,,5906,62,,,0,12,,5888,62,,,0,13,,5907,62,,,0,13,,5889,62,,,0,52,,5908,62,,,0,13,,5890,62,,,0,12,,5909,62,,,0,13,,5891,62,,,0,70,,5892,62,,,0,25,,5893,62,,,0,70,,5894,62,,,0,100,,5895,62,,,0,100,,5896,62,,,0,100,,5897,62,,,0
13501,'236.0.3',1519,,6080,5,,,0,30,,6081,5,,,0,70,,6082,5,,,0,30,,6083,5,,,0,70,,6084,5,,,0,31,,6085,5,,,0,70,,6086,5,,,0
13601,'236.0.3',1509,,6095,5,,,0,30,,6096,5,,,0,70,,6097,5,,,0,14,,6098,5,,,0,15,,6099,5,,,0,70,,6100,5,,,0,32,,6101,5,,,0,70,,6102,5,,,0
13701,'236.0.3',1529,,6109,5,,,0,30,,6110,5,,,0,70,,6111,5,,,0,30,,6112,5,,,0,70,,6113,5,,,0,71,,6114,5,,,0
13801,'236.0.3',1534,,6122,5,,,0,70,,6123,5,,,0,29,,6124,5,,,0,70,,6125,5,,,0,32,,6126,5,,,0,70,,6127,5,,,0,20,,6128,5,,,0
15800,'236.0.3',1543,,6129,5,,,0,71,,6130,5,,,0,30,,6131,5,,,0,70,,6132,5,,,0
15900,'236.0.3',1506,,6137,5,,,0,20,,6138,5,,,0,20,,6139,5,,,0,61,,6140,5,,,0,20,,6141,5,,,0,20,,6144,5,,,0,60,,6145,5,,,0,20,,6142,5,,,0,19,,6143,5,,,0
16101,'236.0.3',1510,,6166,5,,,0,30,,6161,5,,,0,71,,6162,5,,,0,30,,6163,5,,,0,70,,6164,5,,,0,29,,6165,5,,,0
16500,'236.0.3',1523,,6167,5,,,0,31,,6168,5,,,0,70,,6169,5,,,0,30,,6170,5,,,0,70,,6171,5,,,0,30,,6172,5,,,0
1016800,'236.0.3',1502,,7458,5,,,0,30,,7459,5,,,0,71,,7460,5,,,0,30,,7461,5,,,0,70,,7462,5,,,0,30,,7463,5,,,0,70,,7464,5,,,0
2016800,'236.0.3',1519,,8474,5,,,0,31,,8475,5,,,0,70,,8476,5,,,0,30,,8477,5,,,0,70,,8478,5,,,0,29,,8479,5,,,0
