801,'236.0.1',550,,1843,43,,,0,70,,1844,43,,,0,30,,1845,43,,,0,70,,1846,43,,,0,30,,1847,43,,,0,73,,1848,43,,,0,30,,1849,43,,,0,70,,1850,43,,,0,30,,1851,43,,,0,74,,1852,43,,,0,30,,1853,43,,,0,70,,1854,43,,,0,30,,1855,43,,,0,70,,1856,43,,,0,30,,1857,43,,,0,71,,1858,43,,,0,30,,1859,43,,,0,70,,1860,43,,,0,30,,1861,43,,,0,70,,1862,43,,,0,30,,1863,43,,,0,70,,1864,43,,,0,30,,1865,43,,,0,70,,1866,43,,,0,29,,1867,43,,,0,69,,1868,43,,,0,30,,1869,43,,,0,70,,1870,43,,,0,25,,1871,43,,,0,69,,1872,43,,,0,30,,1873,43,,,0,70,,1874,43,,,0,30,,1875,43,,,0,70,,1876,43,,,0,30,,1877,43,,,0,70,,1878,43,,,0,30,,1879,43,,,0,100,,1880,43,,,0
801,'236.0.2',555,,1881,43,,,0,70,,1882,43,,,0,30,,1883,43,,,0,70,,1884,43,,,0,30,,1885,43,,,0,70,,1886,43,,,0,30,,1887,43,,,0,74,,1888,43,,,0,30,,1889,43,,,0,70,,1890,43,,,0,30,,1891,43,,,0,70,,1892,43,,,0,30,,1893,43,,,0,70,,1894,43,,,0,30,,1895,43,,,0,70,,1896,43,,,0,30,,1897,43,,,0,70,,1898,43,,,0,30,,1899,43,,,0,70,,1900,43,,,0,30,,1901,43,,,0,70,,1902,43,,,0,30,,1903,43,,,0,70,,1904,43,,,0,30,,1905,43,,,0,68,,1906,43,,,0,30,,1907,43,,,0,70,,1908,43,,,0,30,,1909,43,,,0,70,,1910,43,,,0,30,,1911,43,,,0,68,,1912,43,,,0,30,,1913,43,,,0,70,,1914,43,,,0,100,,1915,43,,,0,100,,1916,43,,,0
801,'236.0.3',540,,1917,43,,,0,70,,1918,43,,,0,30,,1919,43,,,0,60,,1920,43,,,0,22,,1921,43,,,0,20,,1922,43,,,0,60,,1923,43,,,0,20,,1924,43,,,0,20,,1925,43,,,0,60,,1926,43,,,0,18,,1927,43,,,0,20,,1928,43,,,0,60,,1929,43,,,0,20,,1930,43,,,0,20,,1931,43,,,0,60,,1932,43,,,0,20,,1933,43,,,0,20,,1934,43,,,0,60,,1935,43,,,0,20,,1936,43,,,0,20,,1937,43,,,0,60,,1938,43,,,0,20,,1939,43,,,0,20,,1940,43,,,0,60,,1941,43,,,0,20,,1942,43,,,0,20,,1943,43,,,0,60,,1944,43,,,0,22,,1945,43,,,0,33,,1946,43,,,0,70,,1947,43,,,0,30,,1948,43,,,0,70,,1949,43,,,0,30,,1950,43,,,0,66,,1951,43,,,0,28,,1952,43,,,0,70,,1953,43,,,0,30,,1954,43,,,0,70,,1955,43,,,0,30,,1956,43,,,0,68,,1957,43,,,0,29,,1958,43,,,0,70,,1959,43,,,0,30,,1960,43,,,0,70,,1961,43,,,0,30,,1962,43,,,0,70,,1963,43,,,0,30,,1964,43,,,0
9001,'236.0.1',614,,5813,29,,,0,30,,5814,29,,,0,70,,5815,29,,,0,25,,5816,29,,,0,70,,5817,29,,,0,30,,5818,29,,,0,70,,5819,29,,,0,25,,5820,29,,,0,71,,5821,29,,,0,31,,5822,29,,,0,70,,5823,29,,,0,30,,5824,29,,,0,70,,5825,29,,,0,30,,5826,29,,,0,70,,5827,29,,,0,30,,5828,29,,,0,70,,5829,29,,,0,30,,5830,29,,,0,70,,5831,29,,,0,30,,5832,29,,,0,70,,5833,29,,,0,30,,5834,29,,,0,70,,5835,29,,,0,35,,5836,29,,,0,69,,5837,29,,,0,29,,5838,29,,,0,70,,5839,29,,,0,30,,5840,29,,,0,70,,5841,29,,,0,100,,5842,29,,,0,100,,5843,29,,,0,100,,5844,29,,,0,100,,5845,29,,,0
9001,'236.0.2',602,,5846,29,,,0,100,,5847,29,,,0,100,,5848,29,,,0,100,,5849,29,,,0,55,,5850,29,,,0,102,,5851,29,,,0,100,,5852,29,,,0,142,,5853,29,,,0,100,,5854,29,,,0,58,,5855,29,,,0,100,,5856,29,,,0,100,,5857,29,,,0,99,,5858,29,,,0,143,,5859,29,,,0,105,,5860,29,,,0,98,,5861,29,,,0,100,,5862,29,,,0,99,,5863,29,,,0
9001,'236.0.3',545,,5864,29,,,0,70,,5865,29,,,0,30,,5866,29,,,0,58,,5898,29,,,0,13,,5867,29,,,0,15,,5899,29,,,0,10,,5868,29,,,0,15,,5900,29,,,0,55,,5869,29,,,0,17,,5901,29,,,0,15,,5870,29,,,0,15,,5902,29,,,0,55,,5871,29,,,0,30,,5872,29,,,0,65,,5873,29,,,0,30,,5874,29,,,0,70,,5875,29,,,0,30,,5876,29,,,0,70,,5877,29,,,0,30,,5878,29,,,0,70,,5879,29,,,0,30,,5880,29,,,0,70,,5881,29,,,0,30,,5882,29,,,0,70,,5883,29,,,0,32,,5884,29,,,0,61,,5903,29,,,0,22,,5885,29,,,0,8,,5904,29,,,0,25,,5886,29,,,0,55,,5905,29,,,0,15,,5887,29,,,0,15,,5906,29,,,0,13,,5888,29,,,0,53,,5907,29,,,0,13,,5889,29,,,0,12,,5908,29,,,0,13,,5890,29,,,0,12,,5909,29,,,0,53,,5891,29,,,0,30,,5892,29,,,0,70,,5893,29,,,0,30,,5894,29,,,0,100,,5895,29,,,0,100,,5896,29,,,0,100,,5897,29,,,0
9101,'236.0.1',808,,5964,32,,,0,100,,5965,32,,,0,100,,5966,32,,,0,100,,5967,32,,,0,100,,5968,32,,,0,100,,5969,32,,,0,100,,5970,32,,,0,100,,5971,32,,,0,100,,5972,32,,,0,100,,5973,32,,,0,100,,5974,32,,,0,100,,5975,32,,,0,100,,5976,32,,,0,100,,5977,32,,,0,100,,5978,32,,,0,100,,5979,32,,,0
9101,'236.0.2',837,,5980,32,,,0,100,,5981,32,,,0,100,,5982,32,,,0,100,,5983,32,,,0,100,,5984,32,,,0,100,,5985,32,,,0,100,,5986,32,,,0,100,,5987,32,,,0,100,,5988,32,,,0,100,,5989,32,,,0,100,,5990,32,,,0,100,,5991,32,,,0,100,,5992,32,,,0,100,,5993,32,,,0,100,,5994,32,,,0
9101,'236.0.3',612,,5995,32,,,0,30,,5996,32,,,0,75,,5997,32,,,0,24,,5998,32,,,0,70,,5999,32,,,0,37,,6000,32,,,0,68,,6001,32,,,0,29,,6002,32,,,0,100,,6003,32,,,0,103,,6004,32,,,0,100,,6005,32,,,0,99,,6006,32,,,0,108,,6007,32,,,0,101,,6008,32,,,0,71,,6009,32,,,0,30,,6010,32,,,0,72,,6011,32,,,0,30,,6012,32,,,0,65,,6013,32,,,0,94,,6014,32,,,0,100,,6015,32,,,0,100,,6016,32,,,0,100,,6017,32,,,0,100,,6018,32,,,0
9301,'236.0.3',617,,6026,29,,,0,30,,6027,29,,,0,70,,6028,29,,,0,29,,6029,29,,,0,71,,6030,29,,,0,30,,6031,29,,,0
