200,'236.0.1',608,,497,5,,,0,100,,498,5,,,0,100,,499,5,,,0,15,,500,5,,,0,15,,501,5,,,0,15,,502,5,,,0,55,,503,5,,,0,15,,504,5,,,0,15,,505,5,,,0,15,,506,5,,,0,55,,507,5,,,0,15,,508,5,,,0,15,,509,5,,,0,15,,510,5,,,0,55,,511,5,,,0,15,,512,5,,,0,15,,513,5,,,0,15,,514,5,,,0,55,,515,5,,,0,15,,516,5,,,0,15,,517,5,,,0,15,,518,5,,,0,55,,519,5,,,0,15,,520,5,,,0,15,,521,5,,,0,15,,522,5,,,0,55,,523,5,,,0,15,,524,5,,,0,15,,525,5,,,0,15,,526,5,,,0,55,,527,5,,,0,15,,528,5,,,0,15,,529,5,,,0,15,,530,5,,,0,55,,531,5,,,0,15,,532,5,,,0,15,,533,5,,,0,15,,534,5,,,0,55,,535,5,,,0,15,,536,5,,,0,15,,537,5,,,0,15,,538,5,,,0,55,,539,5,,,0,15,,540,5,,,0,15,,541,5,,,0,15,,542,5,,,0,55,,543,5,,,0,15,,544,5,,,0,30,,545,5,,,0,70,,546,5,,,0,30,,547,5,,,0,70,,548,5,,,0,30,,549,5,,,0,70,,550,5,,,0,30,,551,5,,,0,70,,552,5,,,0,30,,553,5,,,0,70,,554,5,,,0
200,'236.0.2',557,,555,5,,,0,100,,556,5,,,0,100,,557,5,,,0,70,,558,5,,,0,20,,559,5,,,0,60,,560,5,,,0,20,,561,5,,,0,20,,562,5,,,0,60,,563,5,,,0,20,,564,5,,,0,20,,565,5,,,0,60,,566,5,,,0,20,,567,5,,,0,20,,568,5,,,0,60,,569,5,,,0,20,,570,5,,,0,20,,571,5,,,0,60,,572,5,,,0,20,,573,5,,,0,20,,574,5,,,0,60,,575,5,,,0,20,,576,5,,,0,20,,577,5,,,0,60,,578,5,,,0,20,,579,5,,,0,20,,580,5,,,0,60,,581,5,,,0,20,,582,5,,,0,20,,583,5,,,0,60,,584,5,,,0,20,,585,5,,,0,20,,586,5,,,0,60,,587,5,,,0,30,,588,5,,,0,70,,589,5,,,0,30,,590,5,,,0,70,,591,5,,,0,30,,592,5,,,0,70,,593,5,,,0,30,,594,5,,,0,70,,595,5,,,0,30,,596,5,,,0,70,,597,5,,,0,30,,598,5,,,0,70,,599,5,,,0
200,'236.0.3',538,,600,5,,,0,70,,601,5,,,0,30,,602,5,,,0,15,,603,5,,,0,55,,604,5,,,0,15,,605,5,,,0,15,,606,5,,,0,15,,607,5,,,0,55,,608,5,,,0,15,,609,5,,,0,15,,610,5,,,0,15,,611,5,,,0,55,,612,5,,,0,15,,613,5,,,0,15,,614,5,,,0,15,,615,5,,,0,55,,616,5,,,0,15,,617,5,,,0,15,,618,5,,,0,15,,619,5,,,0,55,,620,5,,,0,15,,621,5,,,0,15,,622,5,,,0,15,,623,5,,,0,55,,624,5,,,0,15,,625,5,,,0,15,,626,5,,,0,15,,627,5,,,0,55,,628,5,,,0,15,,629,5,,,0,15,,630,5,,,0,15,,631,5,,,0,55,,632,5,,,0,15,,633,5,,,0,15,,634,5,,,0,15,,635,5,,,0,55,,636,5,,,0,15,,637,5,,,0,15,,638,5,,,0,15,,639,5,,,0,55,,640,5,,,0,15,,641,5,,,0,15,,642,5,,,0,15,,643,5,,,0,55,,644,5,,,0,15,,645,5,,,0,15,,646,5,,,0,15,,647,5,,,0,55,,648,5,,,0,15,,649,5,,,0,15,,650,5,,,0,15,,651,5,,,0,70,,652,5,,,0,30,,653,5,,,0,70,,654,5,,,0,30,,655,5,,,0,70,,656,5,,,0,30,,657,5,,,0,70,,658,5,,,0,30,,659,5,,,0,70,,660,5,,,0,30,,661,5,,,0,70,,662,5,,,0
2901,'236.0.1',639,,2968,19,,,0,70,,2969,19,,,0,30,,2970,19,,,0,70,,2971,19,,,0,30,,2972,19,,,0,70,,2973,19,,,0,30,,2974,19,,,0,70,,2975,19,,,0,32,,2976,19,,,0,68,,2977,19,,,0,30,,2978,19,,,0,70,,2979,19,,,0,30,,2980,19,,,0,70,,2981,19,,,0,30,,2982,19,,,0,70,,2983,19,,,0,30,,2984,19,,,0,70,,2985,19,,,0,30,,2986,19,,,0,70,,2987,19,,,0,30,,2988,19,,,0,70,,2989,19,,,0,30,,2990,19,,,0,70,,2991,19,,,0,30,,2992,19,,,0,70,,2993,19,,,0,29,,2994,19,,,0,100,,2995,19,,,0,100,,2996,19,,,0,100,,2997,19,,,0,100,,2998,19,,,0,81,,2999,19,,,0
2901,'236.0.2',637,,3000,19,,,0,70,,3001,19,,,0,30,,3002,19,,,0,70,,3003,19,,,0,30,,3004,19,,,0,70,,3005,19,,,0,30,,3006,19,,,0,71,,3007,19,,,0,29,,3008,19,,,0,70,,3009,19,,,0,30,,3010,19,,,0,70,,3011,19,,,0,30,,3012,19,,,0,70,,3013,19,,,0,30,,3014,19,,,0,70,,3015,19,,,0,30,,3016,19,,,0,70,,3017,19,,,0,30,,3018,19,,,0,70,,3019,19,,,0,30,,3020,19,,,0,70,,3021,19,,,0,30,,3022,19,,,0,70,,3023,19,,,0,30,,3024,19,,,0,99,,3025,19,,,0,100,,3026,19,,,0,100,,3027,19,,,0,100,,3028,19,,,0,100,,3029,19,,,0,83,,3030,19,,,0
2901,'236.0.3',623,,3031,19,,,0,15,,3032,19,,,0,15,,3033,19,,,0,55,,3034,19,,,0,15,,3035,19,,,0,15,,3036,19,,,0,15,,3037,19,,,0,55,,3038,19,,,0,15,,3039,19,,,0,14,,3040,19,,,0,16,,3041,19,,,0,69,,3042,19,,,0,30,,3043,19,,,0,70,,3044,19,,,0,30,,3045,19,,,0,70,,3046,19,,,0,30,,3047,19,,,0,70,,3048,19,,,0,30,,3049,19,,,0,70,,3050,19,,,0,30,,3051,19,,,0,70,,3052,19,,,0,31,,3053,19,,,0,70,,3054,19,,,0,15,,3055,19,,,0,15,,3056,19,,,0,55,,3057,19,,,0,15,,3058,19,,,0,15,,3059,19,,,0,15,,3060,19,,,0,55,,3061,19,,,0,15,,3062,19,,,0,14,,3063,19,,,0,15,,3064,19,,,0,55,,3065,19,,,0,15,,3066,19,,,0,15,,3067,19,,,0,15,,3068,19,,,0,70,,3069,19,,,0,30,,3070,19,,,0,70,,3071,19,,,0,30,,3072,19,,,0,70,,3073,19,,,0,30,,3074,19,,,0,70,,3075,19,,,0,100,,3076,19,,,0,94,,3077,19,,,0
8400,'236.0.1',631,,5114,4,,,0,100,,5115,4,,,0,100,,5116,4,,,0,100,,5117,4,,,0,100,,5118,4,,,0,95,,5119,4,,,0,100,,5120,4,,,0,100,,5121,4,,,0,100,,5122,4,,,0,100,,5123,4,,,0,100,,5124,4,,,0,100,,5125,4,,,0,100,,5126,4,,,0,105,,5127,4,,,0,100,,5128,4,,,0,100,,5129,4,,,0,100,,5130,4,,,0
8400,'236.0.2',636,,5131,4,,,0,100,,5132,4,,,0,100,,5133,4,,,0,100,,5134,4,,,0,100,,5135,4,,,0,95,,5136,4,,,0,100,,5137,4,,,0,100,,5138,4,,,0,100,,5139,4,,,0,100,,5140,4,,,0,105,,5141,4,,,0,100,,5142,4,,,0,100,,5143,4,,,0,100,,5144,4,,,0,100,,5145,4,,,0,100,,5146,4,,,0,100,,5147,4,,,0
8400,'236.0.3',541,,5178,4,,,0,70,,5148,4,,,0,30,,5149,4,,,0,70,,5150,4,,,0,30,,5151,4,,,0,70,,5152,4,,,0,30,,5153,4,,,0,100,,5154,4,,,0,100,,5155,4,,,0,100,,5156,4,,,0,100,,5157,4,,,0,100,,5158,4,,,0,101,,5159,4,,,0,70,,5160,4,,,0,15,,5161,4,,,0,15,,5162,4,,,0,15,,5163,4,,,0,55,,5164,4,,,0,15,,5165,4,,,0,15,,5166,4,,,0,15,,5167,4,,,0,55,,5168,4,,,0,15,,5169,4,,,0,14,,5170,4,,,0,15,,5179,4,,,0,55,,5171,4,,,0,100,,5172,4,,,0,100,,5173,4,,,0,100,,5174,4,,,0,100,,5175,4,,,0,103,,5176,4,,,0,103,,5177,4,,,0
9300,'236.0.3',1519,,6019,4,,,0,26,,6020,4,,,0,76,,6021,4,,,0,23,,6022,4,,,0,79,,6023,4,,,0,22,,6024,4,,,0,73,,6025,4,,,0
