3900,'220.0.1',610,,4420,,,0,30,,4421,,,0,70,,4422,,,0,30,,4423,,,0,70,,4424,,,0,30,,4425,,,0,70,,4426,,,0,30,,4427,,,0,70,,4428,,,0,31,,4429,,,0,70,,4430,,,0,30,,4431,,,0,70,,4432,,,0,30,,4433,,,0,70,,4434,,,0,30,,4435,,,0,70,,4436,,,0,30,,4437,,,0,70,,4438,,,0,30,,4439,,,0,70,,4440,,,0,30,,4441,,,0,70,,4442,,,0,30,,4443,,,0,70,,4444,,,0,30,,4445,,,0,70,,4446,,,0,30,,4447,,,0,70,,4448,,,0,30,,4449,,,0,70,,4450,,,0,30,,4451,,,0,70,,4452,,,0,30,,4453,,,0,70,,4454,,,0
3900,'220.0.2',611,,4455,,,0,100,,4456,,,0,100,,4457,,,0,100,,4458,,,0,100,,4459,,,0,100,,4460,,,0,101,,4461,,,0,100,,4462,,,0,100,,4463,,,0,100,,4464,,,0,100,,4465,,,0,100,,4466,,,0,100,,4467,,,0,100,,4468,,,0,100,,4469,,,0,100,,4470,,,0
3900,'220.0.3',614,,4471,,,0,30,,4472,,,0,70,,4473,,,0,31,,4474,,,0,70,,4475,,,0,30,,4476,,,0,69,,4477,,,0,30,,4478,,,0,70,,4479,,,0,30,,4480,,,0,70,,4481,,,0,30,,4482,,,0,70,,4483,,,0,30,,4484,,,0,70,,4485,,,0,30,,4486,,,0,70,,4487,,,0,30,,4488,,,0,71,,4489,,,0,30,,4490,,,0,70,,4491,,,0,30,,4492,,,0,70,,4493,,,0,30,,4494,,,0,69,,4495,,,0,30,,4496,,,0,100,,4497,,,0,100,,4498,,,0,100,,4499,,,0,100,,4500,,,0
3900,'220.0.4',614,,4501,,,0,30,,4502,,,0,70,,4503,,,0,31,,4504,,,0,70,,4505,,,0,30,,4506,,,0,69,,4507,,,0,30,,4508,,,0,70,,4509,,,0,30,,4510,,,0,70,,4511,,,0,30,,4512,,,0,70,,4513,,,0,30,,4514,,,0,70,,4515,,,0,30,,4516,,,0,70,,4517,,,0,30,,4518,,,0,71,,4519,,,0,30,,4520,,,0,70,,4521,,,0,30,,4522,,,0,70,,4523,,,0,30,,4524,,,0,69,,4525,,,0,30,,4526,,,0,100,,4527,,,0,100,,4528,,,0,100,,4529,,,0,100,,4530,,,0,100,,4531,,,0,100,,4532,,,0,100,,4533,,,0
13601,'220.0.3',1558,,8833,,,0,69,,8834,,,0,75,,8835,,,0,15,,8836,,,0,14,,8837,,,0,22,,8838,,,0,66,,8839,,,0,30,,8840,,,0
13601,'220.0.4',1558,,8841,,,0,69,,8842,,,0,75,,8843,,,0,15,,8844,,,0,14,,8845,,,0,22,,8846,,,0,66,,8847,,,0,30,,8848,,,0
2003000,'220.0.1',609,,12203,,,0,30,,12204,,,0,70,,12205,,,0,30,,12206,,,0,70,,12207,,,0,30,,12208,,,0,70,,12209,,,0,30,,12210,,,0,70,,12211,,,0,30,,12212,,,0,70,,12213,,,0,30,,12214,,,0,70,,12215,,,0,30,,12216,,,0,70,,12217,,,0,30,,12218,,,0,70,,12219,,,0,30,,12220,,,0,70,,12221,,,0,30,,12222,,,0,70,,12223,,,0,30,,12224,,,0,70,,12225,,,0,30,,12226,,,0,70,,12227,,,0,30,,12228,,,0,70,,12229,,,0,30,,12230,,,0,70,,12231,,,0,30,,12232,,,0,70,,12233,,,0,30,,12234,,,0,70,,12235,,,0,30,,12236,,,0,70,,12237,,,0
2003000,'220.0.2',637,,12238,,,0,100,,12239,,,0,100,,12240,,,0,100,,12241,,,0,99,,12242,,,0,100,,12243,,,0,100,,12244,,,0,100,,12245,,,0,100,,12246,,,0,100,,12247,,,0,100,,12248,,,0,100,,12249,,,0,100,,12250,,,0,101,,12251,,,0,100,,12252,,,0,100,,12253,,,0,100,,12254,,,0,100,,12255,,,0
2003000,'220.0.3',549,,12256,,,0,70,,12257,,,0,30,,12258,,,0,71,,12259,,,0,30,,12260,,,0,70,,12261,,,0,30,,12262,,,0,70,,12263,,,0,30,,12264,,,0,70,,12265,,,0,30,,12266,,,0,70,,12267,,,0,30,,12268,,,0,70,,12269,,,0,30,,12270,,,0,70,,12271,,,0,30,,12272,,,0,70,,12273,,,0,30,,12274,,,0,70,,12275,,,0,30,,12276,,,0,70,,12277,,,0,30,,12278,,,0,70,,12279,,,0,30,,12280,,,0,70,,12281,,,0,30,,12282,,,0,70,,12283,,,0,29,,12284,,,0,70,,12285,,,0,30,,12286,,,0,70,,12287,,,0,30,,12288,,,0,70,,12289,,,0,30,,12290,,,0,70,,12291,,,0
2003000,'220.0.4',549,,12292,,,0,70,,12293,,,0,30,,12294,,,0,71,,12295,,,0,30,,12296,,,0,70,,12297,,,0,30,,12298,,,0,70,,12299,,,0,30,,12300,,,0,70,,12301,,,0,30,,12302,,,0,70,,12303,,,0,30,,12304,,,0,70,,12305,,,0,30,,12306,,,0,70,,12307,,,0,30,,12308,,,0,70,,12309,,,0,30,,12310,,,0,70,,12311,,,0,30,,12312,,,0,70,,12313,,,0,30,,12314,,,0,70,,12315,,,0,30,,12316,,,0,70,,12317,,,0,30,,12318,,,0,70,,12319,,,0,29,,12320,,,0,70,,12321,,,0,30,,12322,,,0,70,,12323,,,0,30,,12324,,,0,70,,12325,,,0,30,,12326,,,0,70,,12327,,,0,30,,12328,,,0,70,,12329,,,0,30,,12330,,,0,70,,12331,,,0
