5401,'236.0.1',638,,3472,17,,,0,100,,3473,17,,,0,100,,3474,17,,,0,100,,3475,17,,,0,104,,3476,17,,,0,100,,3477,17,,,0,100,,3478,17,,,0,100,,3479,17,,,0,100,,3480,17,,,0,99,,3481,17,,,0,100,,3482,17,,,0,100,,3483,17,,,0,98,,3484,17,,,0,100,,3485,17,,,0,100,,3486,17,,,0,100,,3487,17,,,0,100,,3488,17,,,0
5401,'236.0.2',838,,3489,17,,,0,100,,3490,17,,,0,104,,3491,17,,,0,100,,3492,17,,,0,99,,3493,17,,,0,100,,3494,17,,,0,100,,3495,17,,,0,100,,3496,17,,,0,100,,3497,17,,,0,100,,3498,17,,,0,97,,3499,17,,,0,100,,3500,17,,,0,100,,3501,17,,,0,100,,3502,17,,,0
5401,'236.0.3',641,,3503,17,,,0,72,,3504,17,,,0,27,,3505,17,,,0,70,,3506,17,,,0,30,,3507,17,,,0,70,,3508,17,,,0,35,,3509,17,,,0,100,,3510,17,,,0,100,,3511,17,,,0,104,,3512,17,,,0,100,,3513,17,,,0,101,,3514,17,,,0,100,,3515,17,,,0,70,,3516,17,,,0,35,,3517,17,,,0,68,,3518,17,,,0,30,,3519,17,,,0,64,,3520,17,,,0,30,,3521,17,,,0,70,,3522,17,,,0,30,,3523,17,,,0,70,,3524,17,,,0,30,,3525,17,,,0,100,,3526,17,,,0
6701,'236.0.1',745,,4595,26,,,0,100,,4596,26,,,0,102,,4597,26,,,0,100,,4598,26,,,0,100,,4599,26,,,0,100,,4600,26,,,0,100,,4601,26,,,0,100,,4602,26,,,0,100,,4603,26,,,0,100,,4604,26,,,0,100,,4605,26,,,0,98,,4606,26,,,0,100,,4607,26,,,0,100,,4608,26,,,0,100,,4609,26,,,0,100,,4610,26,,,0
6701,'236.0.2',744,,4611,26,,,0,100,,4612,26,,,0,100,,4613,26,,,0,103,,4614,26,,,0,100,,4615,26,,,0,100,,4616,26,,,0,100,,4617,26,,,0,100,,4618,26,,,0,100,,4619,26,,,0,100,,4620,26,,,0,98,,4621,26,,,0,100,,4622,26,,,0,100,,4623,26,,,0,100,,4624,26,,,0,98,,4625,26,,,0,100,,4626,26,,,0
6701,'236.0.3',630,,4627,26,,,0,70,,4628,26,,,0,30,,4629,26,,,0,70,,4630,26,,,0,30,,4631,26,,,0,70,,4632,26,,,0,102,,4633,26,,,0,100,,4634,26,,,0,100,,4635,26,,,0,100,,4636,26,,,0,100,,4637,26,,,0,102,,4638,26,,,0,30,,4639,26,,,0,70,,4640,26,,,0,30,,4641,26,,,0,70,,4642,26,,,0,30,,4643,26,,,0,70,,4644,26,,,0,27,,4645,26,,,0,70,,4646,26,,,0,30,,4647,26,,,0,98,,4648,26,,,0,100,,4649,26,,,0,100,,4650,26,,,0
7200,'236.0.1',614,,4757,15,,,0,30,,4758,15,,,0,70,,4759,15,,,0,30,,4760,15,,,0,70,,4761,15,,,0,30,,4762,15,,,0,70,,4763,15,,,0,30,,4764,15,,,0,70,,4765,15,,,0,31,,4766,15,,,0,70,,4767,15,,,0,30,,4768,15,,,0,70,,4769,15,,,0,30,,4770,15,,,0,70,,4771,15,,,0,30,,4772,15,,,0,70,,4773,15,,,0,30,,4774,15,,,0,70,,4775,15,,,0,30,,4776,15,,,0,70,,4777,15,,,0,30,,4778,15,,,0,70,,4779,15,,,0,29,,4780,15,,,0,70,,4781,15,,,0,100,,4782,15,,,0,100,,4783,15,,,0,100,,4784,15,,,0,100,,4785,15,,,0,100,,4786,15,,,0
7200,'236.0.2',714,,4787,15,,,0,100,,4788,15,,,0,100,,4789,15,,,0,100,,4790,15,,,0,101,,4791,15,,,0,100,,4792,15,,,0,100,,4793,15,,,0,100,,4794,15,,,0,100,,4795,15,,,0,100,,4796,15,,,0,100,,4797,15,,,0,100,,4798,15,,,0,99,,4799,15,,,0,100,,4800,15,,,0,100,,4801,15,,,0,100,,4802,15,,,0
7200,'236.0.3',614,,4803,15,,,0,30,,4804,15,,,0,70,,4805,15,,,0,30,,4806,15,,,0,70,,4807,15,,,0,30,,4808,15,,,0,70,,4809,15,,,0,30,,4810,15,,,0,70,,4811,15,,,0,30,,4812,15,,,0,70,,4813,15,,,0,30,,4814,15,,,0,70,,4815,15,,,0,30,,4816,15,,,0,70,,4817,15,,,0,30,,4818,15,,,0,70,,4819,15,,,0,30,,4820,15,,,0,70,,4821,15,,,0,30,,4822,15,,,0,70,,4823,15,,,0,30,,4824,15,,,0,70,,4825,15,,,0,30,,4826,15,,,0,69,,4827,15,,,0,30,,4828,15,,,0,70,,4829,15,,,0,100,,4830,15,,,0,100,,4831,15,,,0,100,,4832,15,,,0,100,,4833,15,,,0
3001001,'236.0.1',603,,8731,6,,,0,54,,8732,6,,,0,100,,8733,6,,,0,70,,8734,6,,,0,30,,8735,6,,,0,70,,8736,6,,,0,30,,8737,6,,,0,74,,8738,6,,,0,70,,8739,6,,,0,31,,8740,6,,,0,72,,8741,6,,,0,34,,8742,6,,,0,70,,8743,6,,,0,30,,8744,6,,,0,70,,8745,6,,,0,30,,8746,6,,,0,70,,8747,6,,,0,30,,8748,6,,,0,70,,8749,6,,,0,30,,8750,6,,,0,70,,8751,6,,,0,30,,8752,6,,,0,70,,8753,6,,,0,30,,8754,6,,,0,67,,8755,6,,,0,28,,8756,6,,,0,70,,8757,6,,,0,100,,8758,6,,,0,56,,8759,6,,,0,97,,8760,6,,,0,100,,8761,6,,,0,95,,8762,6,0,8 7,0
3001001,'236.0.2',603,,8763,6,,,0,50,,8764,6,,,0,100,,8765,6,,,0,70,,8766,6,,,0,30,,8767,6,,,0,70,,8768,6,,,0,30,,8769,6,,,0,72,,8770,6,,,0,34,,8771,6,,,0,70,,8772,6,,,0,30,,8773,6,,,0,70,,8774,6,,,0,71,,8775,6,,,0,30,,8776,6,,,0,70,,8777,6,,,0,30,,8778,6,,,0,73,,8779,6,,,0,30,,8780,6,,,0,70,,8781,6,,,0,30,,8782,6,,,0,70,,8783,6,,,0,30,,8784,6,,,0,70,,8785,6,,,0,30,,8786,6,,,0,69,,8787,6,,,0,100,,8788,6,,,0,54,,8789,6,,,0,100,,8790,6,,,0,100,,8791,6,,,0,95,,8792,6,0,8 7,0
3001001,'236.0.3',526,,8793,6,,,0,30,,8794,6,,,0,70,,8795,6,,,0,20,,8796,6,,,0,60,,8797,6,,,0,20,,8798,6,,,0,18,,8799,6,,,0,59,,8800,6,,,0,20,,8801,6,,,0,20,,8802,6,,,0,73,,8803,6,,,0,20,,8804,6,,,0,20,,8805,6,,,0,68,,8806,6,,,0,30,,8807,6,,,0,70,,8808,6,,,0,30,,8809,6,,,0,70,,8810,6,,,0,30,,8811,6,,,0,70,,8812,6,,,0,30,,8813,6,,,0,70,,8814,6,,,0,30,,8815,6,,,0,61,,8816,6,,,0,20,,8817,6,,,0,20,,8818,6,,,0,61,,8819,6,,,0,27,,8820,6,,,0,63,,8821,6,,,0,20,,8822,6,,,0,20,,8823,6,,,0,58,,8824,6,,,0,16,,8825,6,,,0,17,,8826,6,,,0,14,,8827,6,,,0,55,,8828,6,,,0,20,,8829,6,,,0,15,,8841,6,4,,0,64,,8830,6,,,0,30,,8831,6,,,0,70,,8832,6,,,0,30,,8833,6,,,0,70,,8834,6,,,0,27,,8835,6,,,0,27,,8836,6,,,0,70,,8837,6,0,8 7,0,25,,8838,6,0,8 7,0,70,,8839,6,0,8 7,0,30,,8840,6,0,8 7,0
