2900,'220.0.1',639,,4095,,,0,70,,4096,,,0,30,,4097,,,0,70,,4098,,,0,30,,4099,,,0,70,,4100,,,0,30,,4101,,,0,70,,4102,,,0,33,,4103,,,0,66,,4104,,,0,30,,4105,,,0,70,,4106,,,0,30,,4107,,,0,70,,4108,,,0,30,,4109,,,0,70,,4110,,,0,30,,4111,,,0,70,,4112,,,0,30,,4113,,,0,70,,4114,,,0,30,,4115,,,0,70,,4116,,,0,31,,4117,,,0,70,,4118,,,0,30,,4119,,,0,70,,4120,,,0,30,,4121,,,0,70,,4122,,,0,29,,4123,,,0,102,,4124,,,0,100,,4125,,,0,100,,4126,,,0,81,,4127,,,0
2900,'220.0.2',644,,4128,,,0,70,,4129,,,0,30,,4130,,,0,70,,4131,,,0,30,,4132,,,0,70,,4133,,,0,30,,4134,,,0,70,,4135,,,0,30,,4136,,,0,72,,4137,,,0,27,,4138,,,0,70,,4139,,,0,30,,4140,,,0,70,,4141,,,0,30,,4142,,,0,70,,4143,,,0,30,,4144,,,0,70,,4145,,,0,30,,4146,,,0,70,,4147,,,0,30,,4148,,,0,70,,4149,,,0,30,,4150,,,0,69,,4151,,,0,32,,4152,,,0,100,,4153,,,0,100,,4154,,,0,100,,4155,,,0,100,,4156,,,0,100,,4157,,,0,78,,4158,,,0
2900,'220.0.3',557,,4159,,,0,55,,4160,,,0,15,,4161,,,0,15,,4162,,,0,14,,4163,,,0,56,,4164,,,0,15,,4165,,,0,15,,4166,,,0,15,,4167,,,0,55,,4168,,,0,15,,4169,,,0,15,,4170,,,0,15,,4171,,,0,56,,4172,,,0,15,,4173,,,0,30,,4174,,,0,70,,4175,,,0,30,,4176,,,0,70,,4177,,,0,30,,4178,,,0,70,,4179,,,0,30,,4180,,,0,70,,4181,,,0,30,,4182,,,0,70,,4183,,,0,30,,4184,,,0,69,,4185,,,0,15,,4186,,,0,15,,4187,,,0,55,,4188,,,0,15,,4189,,,0,15,,4190,,,0,15,,4191,,,0,55,,4192,,,0,15,,4193,,,0,15,,4194,,,0,17,,4195,,,0,55,,4196,,,0,15,,4197,,,0,15,,4198,,,0,15,,4199,,,0,70,,4200,,,0,30,,4201,,,0,70,,4202,,,0,30,,4203,,,0,70,,4204,,,0,30,,4205,,,0,70,,4206,,,0,100,,4207,,,0,88,,4208,,,0
2900,'220.0.4',557,,4209,,,0,55,,4210,,,0,15,,4211,,,0,15,,4212,,,0,14,,4213,,,0,56,,4214,,,0,15,,4215,,,0,15,,4216,,,0,15,,4217,,,0,55,,4218,,,0,15,,4219,,,0,15,,4220,,,0,15,,4221,,,0,56,,4222,,,0,15,,4223,,,0,30,,4224,,,0,70,,4225,,,0,30,,4226,,,0,70,,4227,,,0,30,,4228,,,0,70,,4229,,,0,30,,4230,,,0,70,,4231,,,0,30,,4232,,,0,70,,4233,,,0,30,,4234,,,0,69,,4235,,,0,15,,4236,,,0,15,,4237,,,0,55,,4238,,,0,15,,4239,,,0,15,,4240,,,0,15,,4241,,,0,55,,4242,,,0,15,,4243,,,0,15,,4244,,,0,17,,4245,,,0,55,,4246,,,0,15,,4247,,,0,15,,4248,,,0,15,,4249,,,0,70,,4250,,,0,30,,4251,,,0,70,,4252,,,0,30,,4253,,,0,70,,4254,,,0,30,,4255,,,0,70,,4256,,,0,100,,4257,,,0,88,,4258,,,0,100,,4259,,,0,100,,4260,,,0
8401,'220.0.1',635,,7468,,,0,100,,7469,,,0,100,,7470,,,0,102,,7471,,,0,101,,7472,,,0,100,,7473,,,0,103,,7474,,,0,101,,7475,,,0,100,,7476,,,0,100,,7477,,,0,100,,7478,,,0,99,,7479,,,0,100,,7480,,,0,100,,7481,,,0,95,,7482,,,0,100,,7483,,,0,100,,7484,,,0
8401,'220.0.2',639,,7485,,,0,100,,7486,,,0,100,,7487,,,0,105,,7488,,,0,100,,7489,,,0,100,,7490,,,0,100,,7491,,,0,100,,7492,,,0,100,,7493,,,0,100,,7494,,,0,100,,7495,,,0,100,,7496,,,0,98,,7497,,,0,100,,7498,,,0,100,,7499,,,0,100,,7500,,,0,100,,7501,,,0
8401,'220.0.3',545,,7502,,,0,70,,7503,,,0,30,,7504,,,0,55,,7505,,,0,20,,7533,,,0,20,,7506,,,0,15,,7507,,,0,55,,7508,,,0,15,,7509,,,0,15,,7510,,,0,15,,7511,,,0,55,,7512,,,0,9,,7513,,,0,11,,7534,,,0,15,,7514,,,0,100,,7515,,,0,100,,7516,,,0,100,,7517,,,0,100,,7518,,,0,100,,7519,,,0,100,,7520,,,0,76,,7521,,,0,31,,7522,,,0,70,,7523,,,0,30,,7524,,,0,65,,7525,,,0,28,,7526,,,0,100,,7527,,,0,98,,7528,,,0,100,,7529,,,0,100,,7530,,,0,100,,7531,,,0,100,,7532,,,0
8401,'220.0.4',545,,7535,,,0,70,,7536,,,0,30,,7537,,,0,55,,7538,,,0,20,,7566,,,0,20,,7539,,,0,15,,7540,,,0,55,,7541,,,0,15,,7542,,,0,15,,7543,,,0,15,,7544,,,0,55,,7545,,,0,9,,7546,,,0,11,,7567,,,0,15,,7547,,,0,100,,7548,,,0,100,,7549,,,0,100,,7550,,,0,100,,7551,,,0,100,,7552,,,0,100,,7553,,,0,76,,7554,,,0,31,,7555,,,0,70,,7556,,,0,30,,7557,,,0,65,,7558,,,0,28,,7559,,,0,100,,7560,,,0,98,,7561,,,0,100,,7562,,,0,100,,7563,,,0,100,,7564,,,0,100,,7565,,,0,100,,7568,,,0,70,,7569,,,0
9301,'220.0.3',634,,8699,,,0,71,,8700,,,0,35,,8701,,,0,71,,8702,,,0,31,,8703,,,0,65,,8704,,,0
9301,'220.0.4',634,,8705,,,0,71,,8706,,,0,35,,8707,,,0,71,,8708,,,0,31,,8709,,,0,65,,8710,,,0
