8300,'220.0.1',629,,7226,4,,0,100,,7227,4,,0,100,,7228,4,,0,100,,7229,4,,0,100,,7230,4,,0,100,,7231,4,,0,100,,7232,4,,0,100,,7233,4,,0,100,,7234,4,,0,100,,7235,4,,0,100,,7236,4,,0,100,,7237,4,,0,100,,7238,4,,0,100,,7239,4,,0,100,,7240,4,,0,100,,7241,4,,0,100,,7242,4,,0
8300,'220.0.2',634,,7243,4,,0,100,,7244,4,,0,100,,7245,4,,0,100,,7246,4,,0,100,,7247,4,,0,100,,7248,4,,0,100,,7249,4,,0,100,,7250,4,,0,100,,7251,4,,0,100,,7252,4,,0,100,,7253,4,,0,100,,7254,4,,0,100,,7255,4,,0,100,,7256,4,,0,100,,7257,4,,0,100,,7258,4,,0
8300,'220.0.3',603,,7259,4,,0,30,,7260,4,,0,70,,7261,4,,0,30,,7262,4,,0,70,,7263,4,,0,30,,7264,4,,0,110,,7265,4,,0,100,,7266,4,,0,100,,7267,4,,0,100,,7268,4,,0,100,,7269,4,,0,100,,7270,4,,0,70,,7271,4,,0,445,,7272,4,,0,100,,7273,4,,0,100,,7274,4,,0,100,,7275,4,,0
8300,'220.0.4',603,,7276,4,,0,30,,7277,4,,0,70,,7278,4,,0,30,,7279,4,,0,70,,7280,4,,0,30,,7281,4,,0,110,,7282,4,,0,100,,7283,4,,0,100,,7284,4,,0,100,,7285,4,,0,100,,7286,4,,0,100,,7287,4,,0,70,,7288,4,,0,445,,7289,4,,0,100,,7290,4,,0,100,,7291,4,,0,100,,7292,4,,0,100,,7293,4,,0,100,,7294,4,,0,70,,7295,4,,0
8301,'220.0.1',631,,7296,,,0,100,,7297,,,0,100,,7298,,,0,100,,7299,,,0,100,,7300,,,0,100,,7301,,,0,100,,7302,,,0,100,,7303,,,0,100,,7304,,,0,100,,7305,,,0,100,,7306,,,0,100,,7307,,,0,100,,7308,,,0,100,,7309,,,0,100,,7310,,,0,100,,7311,,,0,100,,7312,,,0
8301,'220.0.2',636,,7313,,,0,100,,7314,,,0,100,,7315,,,0,100,,7316,,,0,100,,7317,,,0,100,,7318,,,0,100,,7319,,,0,100,,7320,,,0,100,,7321,,,0,100,,7322,,,0,100,,7323,,,0,100,,7324,,,0,100,,7325,,,0,100,,7326,,,0,100,,7327,,,0,100,,7328,,,0
8301,'220.0.3',945,,7329,,,0,100,,7330,,,0,100,,7331,,,0,100,,7332,,,0,100,,7333,,,0,100,,7334,,,0,70,,7335,,,0,41,,7336,,,0,71,,7337,,,0,77,,7338,,,0,32,,7339,,,0,64,,7346,,,0,23,,7340,,,0,29,,7341,,,0,148,,7342,,,0,100,,7343,,,0,100,,7344,,,0,100,,7345,,,0
8301,'220.0.4',945,,7347,,,0,100,,7348,,,0,100,,7349,,,0,100,,7350,,,0,100,,7351,,,0,100,,7352,,,0,70,,7353,,,0,41,,7354,,,0,71,,7355,,,0,77,,7356,,,0,32,,7357,,,0,64,,7364,,,0,23,,7358,,,0,29,,7359,,,0,148,,7360,,,0,100,,7361,,,0,100,,7362,,,0,100,,7363,,,0,100,,7365,,,0,100,,7366,,,0,30,,7367,,,0
18300,'220.0.3',1554,,9057,4,,0,71,,9058,4,,0,77,,9059,4,,0,32,,9060,4,,0,24,,9061,4,,0,63,,9062,4,,0,29,,9063,4,,0
18300,'220.0.4',1554,,9064,4,,0,71,,9065,4,,0,77,,9066,4,,0,32,,9067,4,,0,24,,9068,4,,0,63,,9069,4,,0,29,,9070,4,,0
18301,'220.0.3',605,,9071,,,0,30,,9072,,,0,70,,9073,,,0,30,,9074,,,0,70,,9075,,,0,30,,9076,,,0
18301,'220.0.4',605,,9077,,,0,30,,9078,,,0,70,,9079,,,0,30,,9080,,,0,70,,9081,,,0,30,,9082,,,0
