2401,'236.0.1',640,,2451,49,,,0,70,,2452,49,,,0,30,,2453,49,,,0,70,,2454,49,,,0,30,,2455,49,,,0,70,,2456,49,,,0,30,,2457,49,,,0,71,,2458,49,,,0,37,,2459,49,,,0,71,,2460,49,,,0,30,,2461,49,,,0,71,,2462,49,,,0,32,,2463,49,,,0,70,,2464,49,,,0,30,,2465,49,,,0,70,,2466,49,,,0,30,,2467,49,,,0,70,,2468,49,,,0,28,,2469,49,,,0,70,,2470,49,,,0,30,,2471,49,,,0,70,,2472,49,,,0,30,,2473,49,,,0,70,,2474,49,,,0,30,,2475,49,,,0,67,,2476,49,,,0,27,,2477,49,,,0,70,,2478,49,,,0,30,,2479,49,,,0,68,,2480,49,,,0,28,,2481,49,,,0,70,,2482,49,,,0,30,,2483,49,,,0,70,,2484,49,,,0,30,,2485,49,,,0,70,,2486,49,,,0
2401,'236.0.2',638,,2487,49,,,0,70,,2488,49,,,0,30,,2489,49,,,0,70,,2490,49,,,0,30,,2491,49,,,0,70,,2492,49,,,0,30,,2493,49,,,0,72,,2494,49,,,0,36,,2495,49,,,0,70,,2496,49,,,0,30,,2497,49,,,0,70,,2498,49,,,0,30,,2499,49,,,0,70,,2500,49,,,0,31,,2501,49,,,0,70,,2502,49,,,0,30,,2503,49,,,0,70,,2504,49,,,0,30,,2505,49,,,0,70,,2506,49,,,0,30,,2507,49,,,0,70,,2508,49,,,0,30,,2509,49,,,0,70,,2510,49,,,0,30,,2511,49,,,0,68,,2512,49,,,0,28,,2513,49,,,0,69,,2514,49,,,0,28,,2515,49,,,0,70,,2516,49,,,0,30,,2517,49,,,0,70,,2518,49,,,0,30,,2519,49,,,0,70,,2520,49,,,0,30,,2521,49,,,0,70,,2522,49,,,0
2401,'236.0.3',717,,2523,49,,,0,30,,2524,49,,,0,74,,2525,49,,,0,31,,2526,49,,,0,70,,2527,49,,,0,30,,2528,49,,,0,65,,2529,49,,,0,30,,2530,49,,,0,70,,2531,49,,,0,31,,2532,49,,,0,71,,2533,49,,,0,30,,2534,49,,,0,70,,2535,49,,,0,30,,2536,49,,,0,70,,2537,49,,,0,33,,2538,49,,,0,71,,2539,49,,,0,79,,2540,49,,,0,30,,2541,49,,,0,70,,2542,49,,,0,29,,2543,49,,,0,22,,2544,49,,,0,68,,2545,49,,,0,30,,2546,49,,,0,66,,2547,49,,,0,28,,2548,49,,,0,66,,2549,49,,,0,30,,2550,49,,,0,70,,2551,49,,,0,30,,2552,49,,,0,70,,2553,49,,,0,30,,2554,49,,,0,70,,2555,49,,,0,30,,2556,49,,,0,70,,2557,49,,,0,30,,2558,49,,,0
12701,'236.0.3',1611,,6061,19,,,0,17,,6062,19,,,0,16,,6063,19,,,0,81,,6064,19,,,0,15,,6065,19,,,0,14,,6066,19,,,0,55,,6067,19,,,0
12701,'236.1141.3',1654,,6068,19,,,0,57,,6069,19,,,0
12701,'236.1143.3',1654,,6070,19,,,0,57,,6071,19,,,0
1000900,'236.0.1',712,,6883,34,,,0,100,,6884,34,,,0,100,,6885,34,,,0,101,,6886,34,,,0,100,,6887,34,,,0,96,,6888,34,,,0,103,,6889,34,,,0,100,,6890,34,,,0,100,,6891,34,,,0,100,,6892,34,,,0,100,,6893,34,,,0,100,,6894,34,,,0,100,,6895,34,,,0,100,,6896,34,,,0,100,,6897,34,,,0,100,,6898,34,,,0,100,,6899,34,,,0,100,,6900,34,,,0
1000900,'236.0.2',710,,6901,34,,,0,96,,6902,34,,,0,100,,6903,34,,,0,100,,6904,34,,,0,108,,6905,34,,,0,100,,6906,34,,,0,100,,6907,34,,,0,100,,6908,34,,,0,100,,6909,34,,,0,100,,6910,34,,,0,100,,6911,34,,,0,100,,6912,34,,,0,100,,6913,34,,,0,100,,6914,34,,,0,97,,6915,34,,,0,100,,6916,34,,,0,100,,6917,34,,,0,100,,6918,34,,,0
1000900,'236.0.3',626,,6919,34,,,0,30,,6920,34,,,0,70,,6921,34,,,0,32,,6922,34,,,0,72,,6923,34,,,0,29,,6924,34,,,0,52,,6925,34,,,0,15,,6926,34,,,0,30,,6927,34,,,0,55,,6928,34,,,0,15,,6929,34,,,0,30,,6930,34,,,0,58,,6931,34,,,0,13,,6932,34,,,0,27,,6933,34,,,0,55,,6934,34,,,0,15,,6935,34,,,0,30,,6936,34,,,0,55,,6937,34,,,0,15,,6938,34,,,0,30,,6939,34,,,0,55,,6940,34,,,0,15,,6941,34,,,0,30,,6942,34,,,0,69,,6943,34,,,0,25,,6944,34,,,0,9,,6945,34,,,0,59,,6946,34,,,0,10,,6947,34,,,0,20,,6948,34,,,0,10,,6949,34,,,0,60,,6950,34,,,0,10,,6951,34,,,0,10,,6952,34,,,0,17,,6953,34,,,0,5,,6954,34,,,0,46,,6955,34,,,0,16,,6956,34,,,0,10,,6957,34,,,0,20,,6958,34,,,0,50,,6959,34,,,0,30,,6960,34,,,0,70,,6961,34,,,0,30,,6962,34,,,0,70,,6963,34,,,0,27,,6964,34,,,0,27,,6965,34,,,0,55,,6966,34,,,0,15,,6967,34,,,0,35,,6968,34,,,0,60,,6969,34,,,0,40,,6970,34,,,0,60,,6971,34,,,0,40,,6972,34,,,0
2000900,'236.0.1',642,,7933,34,,,0,100,,7934,34,,,0,100,,7935,34,,,0,101,,7936,34,,,0,100,,7937,34,,,0,100,,7938,34,,,0,99,,7939,34,,,0,100,,7940,34,,,0,100,,7941,34,,,0,100,,7942,34,,,0,100,,7943,34,,,0,100,,7944,34,,,0,100,,7945,34,,,0,100,,7946,34,,,0,100,,7947,34,,,0,100,,7948,34,,,0,100,,7949,34,,,0,100,,7950,34,,,0,100,,7951,34,,,0
2000900,'236.0.2',641,,7952,34,,,0,97,,7953,34,,,0,98,,7954,34,,,0,100,,7955,34,,,0,108,,7956,34,,,0,100,,7957,34,,,0,100,,7958,34,,,0,100,,7959,34,,,0,100,,7960,34,,,0,100,,7961,34,,,0,100,,7962,34,,,0,100,,7963,34,,,0,100,,7964,34,,,0,100,,7965,34,,,0,97,,7966,34,,,0,100,,7967,34,,,0,100,,7968,34,,,0,100,,7969,34,,,0,100,,7970,34,,,0
2000900,'236.0.3',541,,7971,16,,,0,70,,7972,16,,,0,30,,7973,34,,,0,70,,7974,34,,,0,30,,7975,34,,,0,70,,7976,34,,,0,30,,7977,34,,,0,100,,7978,34,,,0,100,,7979,34,,,0,99,,7980,34,,,0,96,,7981,34,,,0,100,,7982,34,,,0,100,,7983,34,,,0,68,,7984,34,,,0,33,,7985,34,,,0,69,,7986,34,,,0,30,,7987,34,,,0,70,,7988,34,,,0,36,,7989,34,,,0,67,,7990,34,,,0,30,,7991,34,,,0,70,,7992,34,,,0,30,,7993,34,,,0,70,,7994,34,,,0,30,,7995,34,,,0,68,,7996,34,,,0,27,,7997,34,,,0,100,,7998,34,,,0,100,,7999,34,,,0,100,,8000,34,,,0,100,,8001,34,,,0
