5400,'236.0.1',615,,3417,23,,,0,100,,3418,23,,,0,100,,3419,23,,,0,100,,3420,23,,,0,103,,3421,23,,,0,100,,3422,23,,,0,100,,3423,23,,,0,100,,3424,23,,,0,100,,3425,23,,,0,100,,3426,23,,,0,100,,3427,23,,,0,100,,3428,23,,,0,98,,3429,23,,,0,100,,3430,23,,,0,100,,3431,23,,,0,100,,3432,23,,,0,100,,3433,23,,,0
5400,'236.0.2',815,,3434,23,,,0,100,,3435,23,,,0,103,,3436,23,,,0,100,,3437,23,,,0,100,,3438,23,,,0,100,,3439,23,,,0,100,,3440,23,,,0,100,,3441,23,,,0,100,,3442,23,,,0,100,,3443,23,,,0,97,,3444,23,,,0,100,,3445,23,,,0,100,,3446,23,,,0,100,,3447,23,,,0
5400,'236.0.3',617,,3448,23,,,0,28,,3449,23,,,0,70,,3450,23,,,0,30,,3451,23,,,0,70,,3452,23,,,0,31,,3453,23,,,0,75,,3454,23,,,0,100,,3455,23,,,0,100,,3456,23,,,0,103,,3457,23,,,0,100,,3458,23,,,0,100,,3459,23,,,0,100,,3460,23,,,0,30,,3461,23,,,0,70,,3462,23,,,0,29,,3463,23,,,0,70,,3464,23,,,0,27,,3465,23,,,0,71,,3466,23,,,0,30,,3467,23,,,0,70,,3468,23,,,0,30,,3469,23,,,0,70,,3470,23,,,0,100,,3471,23,,,0
6700,'236.0.1',802,,4539,9,,,0,100,,4540,9,,,0,104,,4541,9,,,0,101,,4542,9,,,0,100,,4543,9,,,0,100,,4544,9,,,0,100,,4545,9,,,0,100,,4546,9,,,0,100,,4547,9,,,0,100,,4548,9,,,0,100,,4549,9,,,0,96,,4550,9,,,0,99,,4551,9,,,0,100,,4552,9,,,0,100,,4553,9,,,0,100,,4554,9,,,0
6700,'236.0.2',800,,4555,9,,,0,100,,4556,9,,,0,100,,4557,9,,,0,106,,4558,9,,,0,100,,4559,9,,,0,100,,4560,9,,,0,100,,4561,9,,,0,100,,4562,9,,,0,100,,4563,9,,,0,100,,4564,9,,,0,97,,4565,9,,,0,100,,4566,9,,,0,100,,4567,9,,,0,100,,4568,9,,,0,97,,4569,9,,,0,100,,4570,9,,,0
6700,'236.0.3',613,,4571,9,,,0,30,,4572,9,,,0,70,,4573,9,,,0,30,,4574,9,,,0,70,,4575,9,,,0,30,,4576,9,,,0,70,,4577,9,,,0,100,,4578,9,,,0,98,,4579,9,,,0,100,,4580,9,,,0,100,,4581,9,,,0,100,,4582,9,,,0,99,,4583,9,,,0,30,,4584,9,,,0,70,,4585,9,,,0,30,,4586,9,,,0,70,,4587,9,,,0,31,,4588,9,,,0,73,,4589,9,,,0,30,,4590,9,,,0,100,,4591,9,,,0,100,,4592,9,,,0,100,,4593,9,,,0,100,,4594,9,,,0
7201,'236.0.1',650,,4834,19,,,0,77,,4835,39,,,0,30,,4836,39,,,0,70,,4837,39,,,0,30,,4838,39,,,0,70,,4839,39,,,0,30,,4840,39,,,0,77,,4841,39,,,0,70,,4842,39,,,0,30,,4843,39,,,0,76,,4844,39,,,0,30,,4845,39,,,0,70,,4846,39,,,0,30,,4847,39,,,0,70,,4848,39,,,0,30,,4849,39,,,0,70,,4850,39,,,0,30,,4851,39,,,0,70,,4852,39,,,0,30,,4853,39,,,0,70,,4854,39,,,0,30,,4855,39,,,0,70,,4856,39,,,0,25,,4857,39,,,0,65,,4858,39,,,0,30,,4859,39,,,0,100,,4860,39,,,0,100,,4861,39,,,0,100,,4862,39,,,0,100,,4863,39,,,0,100,,4864,39,,,0
7201,'236.0.2',726,,4865,19,,,0,100,,4866,39,,,0,100,,4867,39,,,0,100,,4868,39,,,0,105,,4869,39,,,0,106,,4870,39,,,0,100,,4871,39,,,0,100,,4872,39,,,0,100,,4873,39,,,0,100,,4874,39,,,0,100,,4875,39,,,0,95,,4876,39,,,0,100,,4877,39,,,0,92,,4878,39,,,0,100,,4879,39,,,0,100,,4880,39,,,0,100,,4881,39,,,0
7201,'236.0.3',702,,4882,39,,,0,30,,4883,39,,,0,70,,4884,39,,,0,33,,4885,39,,,0,72,,4886,39,,,0,32,,4887,39,,,0,70,,4888,39,,,0,28,,4889,39,,,0,70,,4890,39,,,0,30,,4891,39,,,0,70,,4892,39,,,0,30,,4893,39,,,0,70,,4894,39,,,0,30,,4895,39,,,0,70,,4896,39,,,0,30,,4897,39,,,0,74,,4898,39,,,0,30,,4899,39,,,0,71,,4900,39,,,0,31,,4901,39,,,0,70,,4902,39,,,0,30,,4903,39,,,0,70,,4904,39,,,0,28,,4905,39,,,0,64,,4906,39,,,0,24,,4907,39,,,0,100,,4908,39,,,0,100,,4909,39,,,0,100,,4910,39,,,0,100,,4911,39,,,0
3001000,'236.0.1',550,,8620,4,0,5,0,89,,8621,43,0,14,0,100,,8622,43,0,14,0,70,,8623,43,0,14,0,30,,8624,43,0,14,0,70,,8625,43,0,14,0,31,,8626,43,0,14,0,73,,8627,43,0,14,0,30,,8628,43,0,14,0,70,,8629,43,0,14,0,31,,8630,43,0,14,0,73,,8631,43,0,14,0,30,,8632,43,0,14,0,70,,8633,43,0,14,0,30,,8634,43,0,14,0,70,,8635,43,0,14,0,30,,8636,43,0,14,0,70,,8637,43,0,14,0,30,,8638,43,0,14,0,70,,8639,43,0,14,0,30,,8640,43,0,14,0,70,,8641,43,0,14,0,30,,8642,43,0,14,0,70,,8643,43,0,14,0,29,,8644,43,0,14,0,68,,8645,43,0,14,0,30,,8646,43,0,14,0,100,,8647,43,0,14,0,99,,8648,43,0,14,0,96,,8649,43,0,14,0,100,,8650,43,0,14,0,100,,8651,43,0,14,0
3001000,'236.0.2',551,,8652,4,0,5,0,85,,8653,43,0,14,0,100,,8654,43,0,14,0,70,,8655,43,0,14,0,30,,8656,43,0,14,0,70,,8657,43,0,14,0,30,,8658,43,0,14,0,71,,8659,43,0,14,0,34,,8660,43,0,14,0,70,,8661,43,0,14,0,30,,8662,43,0,14,0,70,,8663,43,0,14,0,30,,8664,43,0,14,0,70,,8665,43,0,14,0,30,,8666,43,0,14,0,70,,8667,43,0,14,0,33,,8668,43,0,14,0,70,,8669,43,0,14,0,30,,8670,43,0,14,0,70,,8671,43,0,14,0,30,,8672,43,0,14,0,70,,8673,43,0,14,0,30,,8674,43,0,14,0,70,,8675,43,0,14,0,30,,8676,43,0,14,0,100,,8677,43,0,14,0,95,,8678,43,0,14,0,100,,8679,43,0,14,0,100,,8680,43,0,14,0,100,,8681,43,0,14,0
3001000,'236.0.3',514,,8682,4,0,5,0,30,,8683,4,0,5,0,70,,8684,4,0,5,0,15,,8685,43,0,14,0,19,,8686,43,0,14,0,60,,8687,43,0,14,0,19,,8688,43,0,14,0,18,,8689,43,0,14,0,57,,8690,43,0,14,0,20,,8691,43,0,14,0,33,,8692,43,0,14,0,60,,8693,43,0,14,0,20,,8694,43,0,14,0,68,,8695,43,0,14,0,30,,8696,43,0,14,0,70,,8697,43,0,14,0,30,,8698,43,0,14,0,70,,8699,43,0,14,0,30,,8700,43,0,14,0,70,,8701,43,0,14,0,30,,8702,43,0,14,0,70,,8703,43,0,14,0,30,,8704,43,0,14,0,20,,8705,43,0,14,0,60,,8706,43,0,14,0,20,,8707,43,0,14,0,21,,8708,43,0,14,0,67,,8709,43,0,14,0,23,,8710,43,0,14,0,60,,8711,43,0,14,0,20,,8712,43,0,14,0,18,,8713,43,0,14,0,59,,8714,43,0,14,0,18,,8715,43,0,14,0,13,,8716,43,0,14,0,16,,8717,43,0,14,0,60,,8718,43,0,14,0,20,,8719,43,0,14,0,19,,8720,43,0,14,0,70,,8721,43,0,14,0,30,,8722,43,0,14,0,70,,8723,43,0,14,0,30,,8724,43,0,14,0,68,,8725,43,0,14,0,27,,8726,43,0,14,0,70,,8727,43,0,14,0,30,,8728,43,0,14,0,70,,8729,43,0,14,0,30,,8730,43,0,14,0
