801,'236.0.1',549,,1843,39,,,0,70,,1844,39,,,0,30,,1845,39,,,0,70,,1846,39,,,0,30,,1847,39,,,0,72,,1848,39,,,0,30,,1849,39,,,0,70,,1850,39,,,0,30,,1851,39,,,0,73,,1852,39,,,0,30,,1853,39,,,0,70,,1854,39,,,0,30,,1855,39,,,0,70,,1856,39,,,0,31,,1857,39,,,0,71,,1858,39,,,0,30,,1859,39,,,0,70,,1860,39,,,0,30,,1861,39,,,0,70,,1862,39,,,0,30,,1863,39,,,0,70,,1864,39,,,0,30,,1865,39,,,0,70,,1866,39,,,0,28,,1867,39,,,0,69,,1868,39,,,0,30,,1869,39,,,0,70,,1870,39,,,0,27,,1871,39,,,0,69,,1872,39,,,0,30,,1873,39,,,0,70,,1874,39,,,0,30,,1875,39,,,0,70,,1876,39,,,0,30,,1877,39,,,0,70,,1878,39,,,0,30,,1879,39,,,0,100,,1880,39,,,0
801,'236.0.2',553,,1881,39,,,0,70,,1882,39,,,0,30,,1883,39,,,0,70,,1884,39,,,0,30,,1885,39,,,0,70,,1886,39,,,0,30,,1887,39,,,0,74,,1888,39,,,0,30,,1889,39,,,0,70,,1890,39,,,0,30,,1891,39,,,0,70,,1892,39,,,0,30,,1893,39,,,0,70,,1894,39,,,0,30,,1895,39,,,0,70,,1896,39,,,0,30,,1897,39,,,0,70,,1898,39,,,0,30,,1899,39,,,0,70,,1900,39,,,0,30,,1901,39,,,0,70,,1902,39,,,0,30,,1903,39,,,0,70,,1904,39,,,0,30,,1905,39,,,0,68,,1906,39,,,0,30,,1907,39,,,0,70,,1908,39,,,0,30,,1909,39,,,0,70,,1910,39,,,0,30,,1911,39,,,0,68,,1912,39,,,0,30,,1913,39,,,0,70,,1914,39,,,0,100,,1915,39,,,0,100,,1916,39,,,0
801,'236.0.3',538,,1917,39,,,0,70,,1918,39,,,0,30,,1919,39,,,0,20,,1920,39,,,0,62,,1921,39,,,0,20,,1922,39,,,0,60,,1923,39,,,0,20,,1924,39,,,0,20,,1925,39,,,0,60,,1926,39,,,0,18,,1927,39,,,0,20,,1928,39,,,0,20,,1929,39,,,0,60,,1930,39,,,0,20,,1931,39,,,0,20,,1932,39,,,0,60,,1933,39,,,0,20,,1934,39,,,0,20,,1935,39,,,0,60,,1936,39,,,0,20,,1937,39,,,0,20,,1938,39,,,0,60,,1939,39,,,0,20,,1940,39,,,0,20,,1941,39,,,0,60,,1942,39,,,0,20,,1943,39,,,0,20,,1944,39,,,0,62,,1945,39,,,0,33,,1946,39,,,0,70,,1947,39,,,0,30,,1948,39,,,0,70,,1949,39,,,0,30,,1950,39,,,0,66,,1951,39,,,0,28,,1952,39,,,0,70,,1953,39,,,0,30,,1954,39,,,0,70,,1955,39,,,0,30,,1956,39,,,0,68,,1957,39,,,0,29,,1958,39,,,0,70,,1959,39,,,0,30,,1960,39,,,0,70,,1961,39,,,0,30,,1962,39,,,0,70,,1963,39,,,0,30,,1964,39,,,0
9001,'236.0.1',612,,5813,25,,,0,30,,5814,25,,,0,70,,5815,25,,,0,25,,5816,25,,,0,70,,5817,25,,,0,30,,5818,25,,,0,70,,5819,25,,,0,25,,5820,25,,,0,71,,5821,25,,,0,31,,5822,25,,,0,70,,5823,25,,,0,30,,5824,25,,,0,70,,5825,25,,,0,30,,5826,25,,,0,70,,5827,25,,,0,30,,5828,25,,,0,70,,5829,25,,,0,30,,5830,25,,,0,70,,5831,25,,,0,30,,5832,25,,,0,70,,5833,25,,,0,30,,5834,25,,,0,70,,5835,25,,,0,35,,5836,25,,,0,69,,5837,25,,,0,29,,5838,25,,,0,70,,5839,25,,,0,30,,5840,25,,,0,70,,5841,25,,,0,100,,5842,25,,,0,100,,5843,25,,,0,100,,5844,25,,,0,100,,5845,25,,,0
9001,'236.0.2',600,,5846,25,,,0,100,,5847,25,,,0,100,,5848,25,,,0,100,,5849,25,,,0,55,,5850,25,,,0,102,,5851,25,,,0,100,,5852,25,,,0,102,,5853,25,,,0,100,,5854,25,,,0,98,,5855,25,,,0,100,,5856,25,,,0,100,,5857,25,,,0,99,,5858,25,,,0,103,,5859,25,,,0,145,,5860,25,,,0,98,,5861,25,,,0,100,,5862,25,,,0,99,,5863,25,,,0
9001,'236.0.3',542,,5864,25,,,0,70,,5865,25,,,0,30,,5866,25,,,0,17,,5898,25,,,0,53,,5867,25,,,0,15,,5899,25,,,0,10,,5868,25,,,0,15,,5900,25,,,0,55,,5869,25,,,0,17,,5901,25,,,0,16,,5870,25,,,0,15,,5902,25,,,0,55,,5871,25,,,0,30,,5872,25,,,0,65,,5873,25,,,0,30,,5874,25,,,0,70,,5875,25,,,0,30,,5876,25,,,0,70,,5877,25,,,0,30,,5878,25,,,0,70,,5879,25,,,0,30,,5880,25,,,0,70,,5881,25,,,0,30,,5882,25,,,0,70,,5883,25,,,0,32,,5884,25,,,0,21,,5903,25,,,0,62,,5885,25,,,0,8,,5904,25,,,0,25,,5886,25,,,0,55,,5905,25,,,0,15,,5887,25,,,0,15,,5906,25,,,0,14,,5888,25,,,0,53,,5907,25,,,0,13,,5889,25,,,0,12,,5908,25,,,0,13,,5890,25,,,0,12,,5909,25,,,0,53,,5891,25,,,0,30,,5892,25,,,0,70,,5893,25,,,0,30,,5894,25,,,0,100,,5895,25,,,0,100,,5896,25,,,0,100,,5897,25,,,0
9101,'236.0.1',806,,5964,28,,,0,100,,5965,28,,,0,100,,5966,28,,,0,100,,5967,28,,,0,100,,5968,28,,,0,100,,5969,28,,,0,100,,5970,28,,,0,100,,5971,28,,,0,100,,5972,28,,,0,100,,5973,28,,,0,100,,5974,28,,,0,100,,5975,28,,,0,100,,5976,28,,,0,100,,5977,28,,,0,100,,5978,28,,,0,100,,5979,28,,,0
9101,'236.0.2',835,,5980,28,,,0,100,,5981,28,,,0,100,,5982,28,,,0,100,,5983,28,,,0,100,,5984,28,,,0,100,,5985,28,,,0,100,,5986,28,,,0,100,,5987,28,,,0,100,,5988,28,,,0,100,,5989,28,,,0,100,,5990,28,,,0,100,,5991,28,,,0,100,,5992,28,,,0,100,,5993,28,,,0,100,,5994,28,,,0
9101,'236.0.3',610,,5995,28,,,0,30,,5996,28,,,0,74,,5997,28,,,0,24,,5998,28,,,0,70,,5999,28,,,0,37,,6000,28,,,0,69,,6001,28,,,0,29,,6002,28,,,0,100,,6003,28,,,0,103,,6004,28,,,0,100,,6005,28,,,0,99,,6006,28,,,0,107,,6007,28,,,0,101,,6008,28,,,0,71,,6009,28,,,0,30,,6010,28,,,0,73,,6011,28,,,0,30,,6012,28,,,0,65,,6013,28,,,0,94,,6014,28,,,0,100,,6015,28,,,0,100,,6016,28,,,0,100,,6017,28,,,0,100,,6018,28,,,0
9301,'236.0.3',615,,6026,25,,,0,30,,6027,25,,,0,69,,6028,25,,,0,30,,6029,25,,,0,71,,6030,25,,,0,30,,6031,25,,,0
