2900,'236.0.1',641,,2854,28,,,0,70,,2855,28,,,0,30,,2856,28,,,0,70,,2857,28,,,0,30,,2858,28,,,0,70,,2859,28,,,0,30,,2860,28,,,0,70,,2861,28,,,0,34,,2862,28,,,0,66,,2863,28,,,0,30,,2864,28,,,0,70,,2865,28,,,0,30,,2866,28,,,0,70,,2867,28,,,0,30,,2868,28,,,0,70,,2869,28,,,0,30,,2870,28,,,0,70,,2871,28,,,0,30,,2872,28,,,0,70,,2873,28,,,0,29,,2874,28,,,0,70,,2875,28,,,0,31,,2876,28,,,0,70,,2877,28,,,0,30,,2878,28,,,0,70,,2879,28,,,0,30,,2880,28,,,0,70,,2881,28,,,0,28,,2882,28,,,0,102,,2883,28,,,0,100,,2884,28,,,0,100,,2885,28,,,0,81,,2886,28,,,0
2900,'236.0.2',646,,2887,28,,,0,70,,2888,28,,,0,30,,2889,28,,,0,70,,2890,28,,,0,30,,2891,28,,,0,70,,2892,28,,,0,30,,2893,28,,,0,70,,2894,28,,,0,30,,2895,28,,,0,73,,2896,28,,,0,27,,2897,28,,,0,70,,2898,28,,,0,30,,2899,28,,,0,70,,2900,28,,,0,30,,2901,28,,,0,70,,2902,28,,,0,30,,2903,28,,,0,70,,2904,28,,,0,30,,2905,28,,,0,70,,2906,28,,,0,30,,2907,28,,,0,70,,2908,28,,,0,30,,2909,28,,,0,68,,2910,28,,,0,32,,2911,28,,,0,100,,2912,28,,,0,100,,2913,28,,,0,100,,2914,28,,,0,100,,2915,28,,,0,100,,2916,28,,,0,78,,2917,28,,,0
2900,'236.0.3',600,,2918,28,,,0,15,,2919,28,,,0,15,,2920,28,,,0,14,,2921,28,,,0,15,,2922,28,,,0,55,,2923,28,,,0,15,,2924,28,,,0,15,,2925,28,,,0,15,,2926,28,,,0,55,,2927,28,,,0,15,,2928,28,,,0,15,,2929,28,,,0,56,,2930,28,,,0,16,,2931,28,,,0,15,,2932,28,,,0,70,,2933,28,,,0,30,,2934,28,,,0,70,,2935,28,,,0,30,,2936,28,,,0,70,,2937,28,,,0,30,,2938,28,,,0,70,,2939,28,,,0,30,,2940,28,,,0,70,,2941,28,,,0,30,,2942,28,,,0,69,,2943,28,,,0,30,,2944,28,,,0,15,,2945,28,,,0,55,,2946,28,,,0,15,,2947,28,,,0,15,,2948,28,,,0,15,,2949,28,,,0,55,,2950,28,,,0,15,,2951,28,,,0,15,,2952,28,,,0,15,,2953,28,,,0,56,,2954,28,,,0,15,,2955,28,,,0,15,,2956,28,,,0,15,,2957,28,,,0,55,,2958,28,,,0,30,,2959,28,,,0,70,,2960,28,,,0,30,,2961,28,,,0,70,,2962,28,,,0,30,,2963,28,,,0,70,,2964,28,,,0,30,,2965,28,,,0,100,,2966,28,,,0,88,,2967,28,,,0
8401,'236.0.1',637,,5180,34,,,0,100,,5181,34,,,0,100,,5182,34,,,0,101,,5183,34,,,0,101,,5184,34,,,0,100,,5185,34,,,0,103,,5186,34,,,0,101,,5187,34,,,0,100,,5188,34,,,0,100,,5189,34,,,0,100,,5190,34,,,0,99,,5191,34,,,0,100,,5192,34,,,0,100,,5193,34,,,0,96,,5194,34,,,0,100,,5195,34,,,0,100,,5196,34,,,0
8401,'236.0.2',641,,5197,34,,,0,100,,5198,34,,,0,100,,5199,34,,,0,104,,5200,34,,,0,100,,5201,34,,,0,100,,5202,34,,,0,100,,5203,34,,,0,100,,5204,34,,,0,100,,5205,34,,,0,100,,5206,34,,,0,100,,5207,34,,,0,100,,5208,34,,,0,98,,5209,34,,,0,100,,5210,34,,,0,100,,5211,34,,,0,100,,5212,34,,,0,100,,5213,34,,,0
8401,'236.0.3',546,,5214,34,,,0,70,,5215,34,,,0,30,,5216,34,,,0,55,,5217,34,,,0,21,,5245,34,,,0,20,,5218,34,,,0,15,,5219,34,,,0,55,,5220,34,,,0,15,,5221,34,,,0,15,,5222,34,,,0,15,,5223,34,,,0,55,,5224,34,,,0,8,,5225,34,,,0,11,,5246,34,,,0,15,,5226,34,,,0,100,,5227,34,,,0,100,,5228,34,,,0,100,,5229,34,,,0,100,,5230,34,,,0,100,,5231,34,,,0,100,,5232,34,,,0,77,,5233,34,,,0,31,,5234,34,,,0,70,,5235,34,,,0,30,,5236,34,,,0,64,,5237,34,,,0,28,,5238,34,,,0,100,,5239,34,,,0,98,,5240,34,,,0,100,,5241,34,,,0,100,,5242,34,,,0,100,,5243,34,,,0,100,,5244,34,,,0
9301,'236.0.3',637,,6026,50,,,0,71,,6027,50,,,0,36,,6028,50,,,0,71,,6029,50,,,0,30,,6030,50,,,0,65,,6031,50,,,0
13600,'236.0.3',641,,6087,33,,,0,69,,6088,33,,,0,15,,6089,33,,,0,15,,6090,33,,,0,15,,6091,33,,,0,56,,6092,33,,,0,9,,6093,33,,,0,20,,6094,33,,,0
13700,'236.0.3',646,,6107,27,,,0,69,,6103,27,,,0,20,,6108,27,,,0,9,,6104,27,,,0,70,,6105,27,,,0,30,,6106,27,,,0
18201,'236.0.3',609,,6194,49,,,0,15,,6195,49,,,0,15,,6196,49,,,0,16,,6197,49,,,0,59,,6198,49,,,0,15,,6199,49,,,0,15,,6200,49,,,0,12,,6206,49,,,0,55,,6201,49,,,0,15,,6202,49,,,0,15,,6203,49,,,0,15,,6205,49,,,0,55,,6204,49,,,0
18301,'236.0.3',642,,6214,24,,,0,72,,6215,24,,,0,32,,6216,24,,,0,70,,6217,24,,,0,30,,6218,24,,,0,70,,6219,24,,,0
18501,'236.0.3',620,,6234,29,,,0,17,,6244,29,,,0,14,,6235,29,,,0,56,,6236,29,,,0,15,,6237,29,,,0,16,,6243,29,,,0,17,,6238,29,,,0,54,,6239,29,,,0,15,,6240,29,,,0,15,,6241,29,,,0,15,,6242,29,,,0,55,,6245,29,,,0
18601,'236.0.3',627,,6252,28,,,0,32,,6253,28,,,0,70,,6254,28,,,0,73,,6255,28,,,0,29,,6256,28,,,0,70,,6257,28,,,0
