8201,'220.0.1',644,,7154,,,0,100,,7155,,,0,100,,7156,,,0,100,,7157,,,0,100,,7158,,,0,100,,7159,,,0,100,,7160,,,0,100,,7161,,,0,100,,7162,,,0,100,,7163,,,0,100,,7164,,,0,100,,7165,,,0,100,,7166,,,0,100,,7167,,,0,100,,7168,,,0,100,,7169,,,0,100,,7170,,,0
8201,'220.0.2',645,,7171,,,0,100,,7172,,,0,100,,7173,,,0,100,,7174,,,0,100,,7175,,,0,100,,7176,,,0,100,,7177,,,0,100,,7178,,,0,100,,7179,,,0,100,,7180,,,0,100,,7181,,,0,100,,7182,,,0,100,,7183,,,0,100,,7184,,,0,100,,7185,,,0,100,,7186,,,0
8201,'220.0.3',850,,7187,,,0,100,,7188,,,0,100,,7189,,,0,100,,7190,,,0,100,,7191,,,0,100,,7192,,,0,100,,7193,,,0,99,,7194,,,0,67,,7195,,,0,30,,7196,,,0,70,,7197,,,0,30,,7198,,,0,69,,7199,,,0,35,,7200,,,0,100,,7201,,,0,100,,7202,,,0,100,,7203,,,0,100,,7204,,,0
8201,'220.0.4',850,,7205,,,0,100,,7206,,,0,100,,7207,,,0,100,,7208,,,0,100,,7209,,,0,100,,7210,,,0,100,,7211,,,0,99,,7212,,,0,67,,7213,,,0,30,,7214,,,0,70,,7215,,,0,30,,7216,,,0,69,,7217,,,0,35,,7218,,,0,100,,7219,,,0,100,,7220,,,0,100,,7221,,,0,100,,7222,,,0,100,,7223,,,0,100,,7224,,,0,70,,7225,,,0
8600,'220.0.1',616,,7742,,,0,100,,7743,,,0,100,,7744,,,0,100,,7745,,,0,100,,7746,,,0,100,,7747,,,0,100,,7748,,,0,100,,7749,,,0,100,,7750,,,0,100,,7751,,,0,100,,7752,,,0,101,,7753,,,0,100,,7754,,,0,100,,7755,,,0,100,,7756,,,0,100,,7757,,,0,100,,7758,,,0
8600,'220.0.2',622,,7759,,,0,100,,7760,,,0,100,,7761,,,0,100,,7762,,,0,100,,7763,,,0,100,,7764,,,0,100,,7765,,,0,100,,7766,,,0,100,,7767,,,0,100,,7768,,,0,100,,7769,,,0,100,,7770,,,0,100,,7771,,,0,100,,7772,,,0,100,,7773,,,0,100,,7774,,,0
8600,'220.0.3',535,,7775,,,0,68,,7776,,,0,30,,7777,,,0,69,,7778,,,0,29,,7779,,,0,28,,7780,,,0,65,,7781,,,0,100,,7782,,,0,100,,7783,,,0,100,,7784,,,0,100,,7785,,,0,100,,7786,,,0,100,,7787,,,0,101,,7788,,,0,419,,7789,,,0,100,,7790,,,0,100,,7791,,,0,100,,7792,,,0
8600,'220.0.4',535,,7793,,,0,68,,7794,,,0,30,,7795,,,0,69,,7796,,,0,29,,7797,,,0,28,,7798,,,0,65,,7799,,,0,100,,7800,,,0,100,,7801,,,0,100,,7802,,,0,100,,7803,,,0,100,,7804,,,0,100,,7805,,,0,101,,7806,,,0,419,,7807,,,0,100,,7808,,,0,100,,7809,,,0,100,,7810,,,0,100,,7811,,,0,100,,7812,,,0,70,,7813,,,0
18201,'220.0.3',526,,9031,,,0,15,,9032,,,0,15,,9033,,,0,55,,9034,,,0,15,,9035,,,0,13,,9036,,,0,15,,9037,,,0,55,,9043,,,0,15,,9038,,,0,15,,9039,,,0,15,,9040,,,0,55,,9042,,,0,15,,9041,,,0
18201,'220.0.4',526,,9044,,,0,15,,9045,,,0,15,,9046,,,0,55,,9047,,,0,15,,9048,,,0,13,,9049,,,0,15,,9050,,,0,55,,9056,,,0,15,,9051,,,0,15,,9052,,,0,15,,9053,,,0,55,,9055,,,0,15,,9054,,,0
18600,'220.0.3',1557,,9135,,,0,75,,9136,,,0,74,,9137,,,0,29,,9140,,,0,22,,9138,,,0,66,,9139,,,0
18600,'220.0.4',1557,,9141,,,0,75,,9142,,,0,74,,9143,,,0,29,,9146,,,0,22,,9144,,,0,66,,9145,,,0
