9000,'220.0.1',639,,8237,,,0,65,,8238,,,0,30,,8239,,,0,70,,8240,,,0,30,,8241,,,0,25,,8242,,,0,70,,8243,,,0,30,,8244,,,0,67,,8245,,,0,33,,8246,,,0,70,,8247,,,0,30,,8248,,,0,70,,8249,,,0,27,,8250,,,0,72,,8251,,,0,30,,8252,,,0,70,,8253,,,0,30,,8254,,,0,70,,8255,,,0,30,,8256,,,0,70,,8257,,,0,73,,8258,,,0,30,,8259,,,0,70,,8260,,,0,30,,8261,,,0,70,,8262,,,0,30,,8263,,,0,70,,8264,,,0,29,,8265,,,0,104,,8266,,,0,100,,8267,,,0,100,,8268,,,0,100,,8269,,,0
9000,'220.0.2',629,,8270,,,0,100,,8271,,,0,100,,8272,,,0,95,,8273,,,0,97,,8274,,,0,102,,8275,,,0,102,,8276,,,0,100,,8277,,,0,98,,8278,,,0,100,,8279,,,0,100,,8280,,,0,100,,8281,,,0,103,,8282,,,0,103,,8283,,,0,101,,8284,,,0,100,,8285,,,0,100,,8286,,,0,100,,8287,,,0
9000,'220.0.3',629,,8321,,,0,15,,8320,,,0,15,,8288,,,0,55,,8322,,,0,15,,8289,,,0,15,,8323,,,0,15,,8290,,,0,55,,8324,,,0,20,,8291,,,0,70,,8292,,,0,25,,8293,,,0,71,,8294,,,0,29,,8295,,,0,30,,8296,,,0,70,,8297,,,0,28,,8298,,,0,71,,8299,,,0,30,,8300,,,0,70,,8301,,,0,30,,8302,,,0,70,,8303,,,0,79,,8304,,,0,17,,8325,,,0,15,,8305,,,0,15,,8326,,,0,55,,8306,,,0,15,,8327,,,0,15,,8307,,,0,15,,8328,,,0,55,,8332,,,0,15,,8329,,,0,15,,8308,,,0,13,,8330,,,0,52,,8309,,,0,10,,8331,,,0,12,,8310,,,0,75,,8311,,,0,30,,8312,,,0,70,,8313,,,0,30,,8314,,,0,70,,8315,,,0,100,,8316,,,0,55,,8317,,,0,100,,8318,,,0,100,,8319,,,0
9000,'220.0.4',629,,8366,,,0,15,,8365,,,0,15,,8333,,,0,55,,8367,,,0,15,,8334,,,0,15,,8368,,,0,15,,8335,,,0,55,,8369,,,0,20,,8336,,,0,70,,8337,,,0,25,,8338,,,0,71,,8339,,,0,29,,8340,,,0,30,,8341,,,0,70,,8342,,,0,28,,8343,,,0,71,,8344,,,0,30,,8345,,,0,70,,8346,,,0,30,,8347,,,0,70,,8348,,,0,79,,8349,,,0,17,,8370,,,0,15,,8350,,,0,15,,8371,,,0,55,,8351,,,0,15,,8372,,,0,15,,8352,,,0,15,,8373,,,0,55,,8377,,,0,15,,8374,,,0,15,,8353,,,0,13,,8375,,,0,52,,8354,,,0,10,,8376,,,0,12,,8355,,,0,75,,8356,,,0,30,,8357,,,0,70,,8358,,,0,30,,8359,,,0,70,,8360,,,0,100,,8361,,,0,55,,8362,,,0,100,,8363,,,0,100,,8364,,,0,100,,8378,,,0
9101,'220.0.1',801,,8604,,,0,100,,8605,,,0,100,,8606,,,0,100,,8607,,,0,100,,8608,,,0,100,,8609,,,0,100,,8610,,,0,100,,8611,,,0,100,,8612,,,0,100,,8613,,,0,100,,8614,,,0,100,,8615,,,0,100,,8616,,,0,100,,8617,,,0,100,,8618,,,0,100,,8619,,,0
9101,'220.0.2',830,,8620,,,0,100,,8621,,,0,100,,8622,,,0,100,,8623,,,0,100,,8624,,,0,100,,8625,,,0,100,,8626,,,0,100,,8627,,,0,100,,8628,,,0,100,,8629,,,0,100,,8630,,,0,100,,8631,,,0,100,,8632,,,0,100,,8633,,,0,100,,8634,,,0
9101,'220.0.3',605,,8635,,,0,30,,8636,,,0,74,,8637,,,0,24,,8638,,,0,70,,8639,,,0,37,,8640,,,0,69,,8641,,,0,29,,8642,,,0,100,,8643,,,0,103,,8644,,,0,100,,8645,,,0,99,,8646,,,0,106,,8647,,,0,101,,8648,,,0,71,,8649,,,0,30,,8650,,,0,73,,8651,,,0,30,,8652,,,0,66,,8653,,,0,94,,8654,,,0,100,,8655,,,0,100,,8656,,,0,100,,8657,,,0,100,,8658,,,0
9101,'220.0.4',605,,8659,,,0,30,,8660,,,0,74,,8661,,,0,24,,8662,,,0,70,,8663,,,0,37,,8664,,,0,69,,8665,,,0,29,,8666,,,0,100,,8667,,,0,103,,8668,,,0,100,,8669,,,0,99,,8670,,,0,106,,8671,,,0,101,,8672,,,0,71,,8673,,,0,30,,8674,,,0,73,,8675,,,0,30,,8676,,,0,66,,8677,,,0,94,,8678,,,0,100,,8679,,,0,100,,8680,,,0,100,,8681,,,0,100,,8682,,,0,100,,8683,,,0,100,,8684,,,0
19200,'220.0.3',1549,,9159,,,0,70,,9160,,,0,30,,9161,,,0,70,,9162,,,0,30,,9163,,,0,70,,9164,,,0
19200,'220.0.4',1549,,9165,,,0,70,,9166,,,0,30,,9167,,,0,70,,9168,,,0,30,,9169,,,0,70,,9170,,,0
