12701,'220.0.3',1602,,8768,,,0,16,,8769,,,0,16,,8770,,,0,82,,8771,,,0,15,,8772,,,0,15,,8773,,,0,55,,8774,,,0
12701,'220.0.4',1602,,8775,,,0,16,,8776,,,0,16,,8777,,,0,10,,8778,,,0,58,,8783,,,0,14,,8779,,,0,15,,8780,,,0,15,,8781,,,0,55,,8782,,,0
12701,'220.1141.3',1644,,8784,,,0,58,,8785,,,0
12701,'220.1143.3',1644,,8786,,,0,58,,8787,,,0
1000900,'220.0.1',708,,10141,,,0,100,,10142,,,0,100,,10143,,,0,100,,10144,,,0,100,,10145,,,0,96,,10146,,,0,102,,10147,,,0,100,,10148,,,0,100,,10149,,,0,100,,10150,,,0,100,,10151,,,0,100,,10152,,,0,100,,10153,,,0,101,,10154,,,0,100,,10155,,,0,100,,10156,,,0,100,,10157,,,0,100,,10158,,,0
1000900,'220.0.2',707,,10159,,,0,96,,10160,,,0,100,,10161,,,0,100,,10162,,,0,106,,10163,,,0,100,,10164,,,0,100,,10165,,,0,100,,10166,,,0,100,,10167,,,0,100,,10168,,,0,100,,10169,,,0,100,,10170,,,0,100,,10171,,,0,100,,10172,,,0,98,,10173,,,0,100,,10174,,,0,100,,10175,,,0,100,,10176,,,0
1000900,'220.0.3',622,,10177,,,0,30,,10178,,,0,70,,10179,,,0,31,,10180,,,0,72,,10181,,,0,29,,10182,,,0,52,,10183,,,0,15,,10184,,,0,30,,10185,,,0,55,,10186,,,0,15,,10187,,,0,30,,10188,,,0,58,,10189,,,0,13,,10190,,,0,27,,10191,,,0,55,,10192,,,0,15,,10193,,,0,30,,10194,,,0,55,,10195,,,0,15,,10196,,,0,30,,10197,,,0,55,,10198,,,0,15,,10199,,,0,30,,10200,,,0,67,,10201,,,0,25,,10202,,,0,9,,10203,,,0,59,,10204,,,0,10,,10205,,,0,20,,10206,,,0,10,,10207,,,0,60,,10208,,,0,10,,10209,,,0,10,,10210,,,0,19,,10211,,,0,5,,10212,,,0,6,,10213,,,0,56,,10214,,,0,10,,10215,,,0,20,,10216,,,0,10,,10217,,,0,70,,10218,,,0,30,,10219,,,0,70,,10220,,,0,30,,10221,,,0,68,,10222,,,0,27,,10223,,,0,55,,10224,,,0,15,,10225,,,0,35,,10226,,,0,60,,10227,,,0,40,,10228,,,0,60,,10229,,,0,40,,10230,,,0
1000900,'220.0.4',622,,10231,,,0,30,,10232,,,0,70,,10233,,,0,31,,10234,,,0,72,,10235,,,0,29,,10236,,,0,52,,10237,,,0,15,,10238,,,0,30,,10239,,,0,55,,10240,,,0,15,,10241,,,0,30,,10242,,,0,58,,10243,,,0,13,,10244,,,0,27,,10245,,,0,55,,10246,,,0,15,,10247,,,0,30,,10248,,,0,55,,10249,,,0,15,,10250,,,0,30,,10251,,,0,55,,10252,,,0,15,,10253,,,0,30,,10254,,,0,67,,10255,,,0,25,,10256,,,0,9,,10257,,,0,59,,10258,,,0,10,,10259,,,0,20,,10260,,,0,10,,10261,,,0,60,,10262,,,0,10,,10263,,,0,10,,10264,,,0,19,,10265,,,0,5,,10266,,,0,6,,10267,,,0,56,,10268,,,0,10,,10269,,,0,20,,10270,,,0,10,,10271,,,0,70,,10272,,,0,30,,10273,,,0,70,,10274,,,0,30,,10275,,,0,68,,10276,,,0,27,,10277,,,0,55,,10278,,,0,15,,10279,,,0,35,,10280,,,0,60,,10281,,,0,40,,10282,,,0,60,,10283,,,0,40,,10284,,,0,70,,10285,,,0,30,,10286,,,0
2000900,'220.0.1',638,,11725,,,0,100,,11726,,,0,100,,11727,,,0,100,,11728,,,0,100,,11729,,,0,100,,11730,,,0,98,,11731,,,0,100,,11732,,,0,100,,11733,,,0,100,,11734,,,0,100,,11735,,,0,100,,11736,,,0,100,,11737,,,0,101,,11738,,,0,100,,11739,,,0,100,,11740,,,0,100,,11741,,,0,100,,11742,,,0,100,,11743,,,0
2000900,'220.0.2',638,,11744,,,0,97,,11745,,,0,98,,11746,,,0,100,,11747,,,0,106,,11748,,,0,100,,11749,,,0,100,,11750,,,0,100,,11751,,,0,100,,11752,,,0,100,,11753,,,0,100,,11754,,,0,100,,11755,,,0,100,,11756,,,0,100,,11757,,,0,98,,11758,,,0,100,,11759,,,0,100,,11760,,,0,100,,11761,,,0,100,,11762,,,0
2000900,'220.0.3',536,,11763,,,0,70,,11764,,,0,31,,11765,,,0,70,,11766,,,0,30,,11767,,,0,69,,11768,,,0,30,,11769,,,0,100,,11770,,,0,100,,11771,,,0,99,,11772,,,0,96,,11773,,,0,100,,11774,,,0,100,,11775,,,0,28,,11776,,,0,71,,11777,,,0,29,,11778,,,0,70,,11779,,,0,30,,11780,,,0,78,,11781,,,0,67,,11782,,,0,30,,11783,,,0,70,,11784,,,0,30,,11785,,,0,70,,11786,,,0,30,,11787,,,0,69,,11788,,,0,27,,11789,,,0,100,,11790,,,0,100,,11791,,,0,100,,11792,,,0,100,,11793,,,0
2000900,'220.0.4',536,,11794,,,0,70,,11795,,,0,31,,11796,,,0,70,,11797,,,0,30,,11798,,,0,69,,11799,,,0,30,,11800,,,0,100,,11801,,,0,100,,11802,,,0,99,,11803,,,0,96,,11804,,,0,100,,11805,,,0,100,,11806,,,0,28,,11807,,,0,71,,11808,,,0,29,,11809,,,0,70,,11810,,,0,30,,11811,,,0,78,,11812,,,0,67,,11813,,,0,30,,11814,,,0,70,,11815,,,0,30,,11816,,,0,70,,11817,,,0,30,,11818,,,0,69,,11819,,,0,27,,11820,,,0,100,,11821,,,0,100,,11822,,,0,100,,11823,,,0,100,,11824,,,0
