13500,'220.0.3',647,,8788,,,0,70,,8789,,,0,28,,8790,,,0,55,,8791,,,0,15,,8792,,,0,15,,8793,,,0
13500,'220.0.4',647,,8794,,,0,70,,8795,,,0,13,,8796,,,0,15,,8797,,,0,55,,8798,,,0,15,,8799,,,0,15,,8800,,,0
13500,'220.1141.3',730,,8801,,,0
13500,'220.1143.3',730,,8802,,,0
13600,'220.0.3',638,,8817,,,0,68,,8818,,,0,15,,8819,,,0,14,,8820,,,0,15,,8821,,,0,56,,8822,,,0,9,,8823,,,0,19,,8824,,,0
13600,'220.0.4',638,,8825,,,0,68,,8826,,,0,15,,8827,,,0,14,,8828,,,0,15,,8829,,,0,56,,8830,,,0,9,,8831,,,0,19,,8832,,,0
13700,'220.0.3',643,,8853,,,0,69,,8849,,,0,18,,8854,,,0,10,,8850,,,0,70,,8851,,,0,30,,8852,,,0
13700,'220.0.4',643,,8859,,,0,69,,8855,,,0,18,,8860,,,0,10,,8856,,,0,70,,8857,,,0,30,,8858,,,0
13800,'220.0.3',628,,8873,,,0,29,,8874,,,0,54,,8875,,,0,14,,8876,,,0,30,,8877,,,0,45,,8878,,,0,24,,8879,,,0
13800,'220.0.4',628,,8880,,,0,29,,8881,,,0,54,,8882,,,0,14,,8883,,,0,30,,8884,,,0,45,,8885,,,0,24,,8886,,,0
19201,'220.0.3',638,,9176,,,0,70,,9171,,,0,30,,9172,,,0,70,,9173,,,0,30,,9174,,,0,70,,9175,,,0
19201,'220.0.4',638,,9182,,,0,70,,9177,,,0,30,,9178,,,0,70,,9179,,,0,30,,9180,,,0,70,,9181,,,0
19400,'220.0.3',707,,9183,,,0,30,,9184,,,0,69,,9185,,,0,29,,9186,,,0
19400,'220.0.4',707,,9187,,,0,30,,9188,,,0,69,,9189,,,0,29,,9190,,,0
19601,'220.0.3',710,,9207,,,0,29,,9208,,,0,65,,9209,,,0,34,,9210,,,0
19601,'220.0.4',710,,9211,,,0,29,,9212,,,0,65,,9213,,,0,34,,9214,,,0
