2400,'236.0.1',618,,2343,34,,,0,30,,2344,34,,,0,70,,2345,34,,,0,30,,2346,34,,,0,70,,2347,34,,,0,30,,2348,34,,,0,70,,2349,34,,,0,31,,2350,34,,,0,71,,2351,34,,,0,30,,2352,34,,,0,70,,2353,34,,,0,31,,2354,34,,,0,70,,2355,34,,,0,30,,2356,34,,,0,70,,2357,34,,,0,30,,2358,34,,,0,70,,2359,34,,,0,29,,2360,34,,,0,70,,2361,34,,,0,30,,2362,34,,,0,70,,2363,34,,,0,30,,2364,34,,,0,70,,2365,34,,,0,30,,2366,34,,,0,70,,2367,34,,,0,28,,2368,34,,,0,70,,2369,34,,,0,30,,2370,34,,,0,70,,2371,34,,,0,30,,2372,34,,,0,70,,2373,34,,,0,30,,2374,34,,,0,70,,2375,34,,,0,30,,2376,34,,,0,70,,2377,34,,,0,30,,2378,34,,,0
2400,'236.0.2',617,,2379,34,,,0,30,,2380,34,,,0,70,,2381,34,,,0,30,,2382,34,,,0,70,,2383,34,,,0,30,,2384,34,,,0,70,,2385,34,,,0,32,,2386,34,,,0,70,,2387,34,,,0,30,,2388,34,,,0,70,,2389,34,,,0,30,,2390,34,,,0,70,,2391,34,,,0,30,,2392,34,,,0,70,,2393,34,,,0,30,,2394,34,,,0,70,,2395,34,,,0,30,,2396,34,,,0,70,,2397,34,,,0,30,,2398,34,,,0,70,,2399,34,,,0,30,,2400,34,,,0,70,,2401,34,,,0,30,,2402,34,,,0,70,,2403,34,,,0,29,,2404,34,,,0,70,,2405,34,,,0,30,,2406,34,,,0,70,,2407,34,,,0,30,,2408,34,,,0,70,,2409,34,,,0,30,,2410,34,,,0,70,,2411,34,,,0,30,,2412,34,,,0,70,,2413,34,,,0,30,,2414,34,,,0
2400,'236.0.3',620,,2415,34,,,0,30,,2416,34,,,0,69,,2417,34,,,0,30,,2418,34,,,0,70,,2419,34,,,0,33,,2420,34,,,0,67,,2421,34,,,0,30,,2422,34,,,0,70,,2423,34,,,0,30,,2424,34,,,0,70,,2425,34,,,0,30,,2426,34,,,0,70,,2427,34,,,0,30,,2428,34,,,0,70,,2429,34,,,0,30,,2430,34,,,0,70,,2431,34,,,0,30,,2432,34,,,0,70,,2433,34,,,0,30,,2434,34,,,0,70,,2435,34,,,0,30,,2436,34,,,0,70,,2437,34,,,0,30,,2438,34,,,0,70,,2439,34,,,0,30,,2440,34,,,0,68,,2441,34,,,0,30,,2442,34,,,0,70,,2443,34,,,0,30,,2444,34,,,0,70,,2445,34,,,0,30,,2446,34,,,0,70,,2447,34,,,0,30,,2448,34,,,0,70,,2449,34,,,0,30,,2450,34,,,0
12700,'236.0.3',629,,6052,20,,,0,18,,6053,20,,,0,59,,6054,20,,,0,8,,6055,20,,,0,9,,6056,20,,,0,17,,6057,20,,,0,14,,6058,20,,,0,55,,6059,20,,,0,5,,6060,20,,,0
1000901,'236.0.1',657,,6973,29,,,0,100,,6974,29,,,0,101,,6975,29,,,0,100,,6976,29,,,0,100,,6977,29,,,0,100,,6978,29,,,0,100,,6979,29,,,0,100,,6980,29,,,0,100,,6981,29,,,0,100,,6982,29,,,0,100,,6983,29,,,0,97,,6984,29,,,0,100,,6985,29,,,0,100,,6986,29,,,0,99,,6987,29,,,0,100,,6988,29,,,0,100,,6989,29,,,0,100,,6990,29,,,0
1000901,'236.0.2',655,,6991,29,,,0,98,,6992,29,,,0,102,,6993,29,,,0,100,,6994,29,,,0,100,,6995,29,,,0,100,,6996,29,,,0,100,,6997,29,,,0,100,,6998,29,,,0,100,,6999,29,,,0,100,,7000,29,,,0,100,,7001,29,,,0,100,,7002,29,,,0,100,,7003,29,,,0,100,,7004,29,,,0,98,,7005,29,,,0,100,,7006,29,,,0,100,,7007,29,,,0,100,,7008,29,,,0
1000901,'236.0.3',541,,7009,29,,,0,67,,7010,29,,,0,25,,7011,29,,,0,10,,7012,29,,,0,5,,7013,29,,,0,55,,7014,29,,,0,19,,7015,29,,,0,5,,7016,29,,,0,15,,7017,29,,,0,10,,7018,29,,,0,60,,7019,29,,,0,10,,7020,29,,,0,20,,7021,29,,,0,9,,7022,29,,,0,52,,7023,29,,,0,10,,7024,29,,,0,25,,7025,29,,,0,15,,7026,29,,,0,55,,7027,29,,,0,30,,7028,29,,,0,15,,7029,29,,,0,55,,7030,29,,,0,30,,7031,29,,,0,15,,7032,29,,,0,55,,7033,29,,,0,30,,7034,29,,,0,15,,7035,29,,,0,55,,7036,29,,,0,30,,7037,29,,,0,15,,7038,29,,,0,55,,7039,29,,,0,30,,7040,29,,,0,15,,7041,29,,,0,55,,7042,29,,,0,29,,7043,29,,,0,65,,7044,29,,,0,5,,7045,29,,,0,25,,7046,29,,,0,10,,7047,29,,,0,60,,7048,29,,,0,10,,7049,29,,,0,20,,7050,29,,,0,10,,7051,29,,,0,60,,7052,29,,,0,10,,7053,29,,,0,18,,7054,29,,,0,10,,7055,29,,,0,65,,7056,29,,,0,30,,7057,29,,,0,71,,7058,29,,,0,29,,7059,29,,,0,70,,7060,29,,,0,29,,7061,29,,,0,70,,7062,29,,,0,35,,7063,29,,,0,20,,7064,29,,,0,80,,7065,29,,,0,20,,7066,29,,,0,80,,7067,29,,,0,20,,7068,29,,,0
2000901,'236.0.1',627,,8002,45,0,13,0,100,,8003,45,0,13,0,99,,8004,45,0,13,0,102,,8005,45,0,13,0,100,,8006,45,0,13,0,100,,8007,45,0,13,0,100,,8008,45,0,13,0,100,,8009,45,0,13,0,100,,8010,45,0,13,0,100,,8011,45,0,13,0,100,,8012,45,0,13,0,100,,8013,45,0,13,0,98,,8014,45,0,13,0,100,,8015,45,0,13,0,98,,8016,45,0,13,0,100,,8017,45,0,13,0,100,,8018,45,0,13,0,100,,8019,45,0,13,0,100,,8020,45,0,13,0
2000901,'236.0.2',625,,8021,45,0,13,0,100,,8022,45,0,13,0,98,,8023,45,0,13,0,103,,8024,45,0,13,0,100,,8025,45,0,13,0,100,,8026,45,0,13,0,100,,8027,45,0,13,0,100,,8028,45,0,13,0,100,,8029,45,0,13,0,100,,8030,45,0,13,0,100,,8031,45,0,13,0,100,,8032,45,0,13,0,100,,8033,45,0,13,0,100,,8034,45,0,13,0,97,,8035,45,0,13,0,100,,8036,45,0,13,0,100,,8037,45,0,13,0,99,,8038,45,0,13,0,100,,8039,45,0,13,0
2000901,'236.0.3',554,,8040,45,0,13,0,70,,8041,45,0,13,0,30,,8042,45,0,13,0,78,,8043,45,0,13,0,70,,8044,45,0,13,0,30,,8045,45,0,13,0,22,,8046,45,0,13,0,69,,8047,45,0,13,0,100,,8048,45,0,13,0,100,,8049,45,0,13,0,100,,8050,45,0,13,0,100,,8051,45,0,13,0,100,,8052,45,0,13,0,100,,8053,45,0,13,0,30,,8054,45,0,13,0,70,,8055,45,0,13,0,30,,8056,45,0,13,0,70,,8057,45,0,13,0,30,,8058,45,0,13,0,68,,8059,45,0,13,0,29,,8060,45,0,13,0,70,,8061,45,0,13,0,30,,8062,45,0,13,0,70,,8063,45,0,13,0,30,,8064,45,0,13,0,70,,8065,45,0,13,0,23,,8066,45,0,13,0,70,,8067,45,0,13,0,100,,8068,45,0,13,0,100,,8069,45,0,13,0
