9000,'236.0.1',610,,5717,8,,,0,25,,5718,8,,,0,70,,5719,8,,,0,30,,5720,8,,,0,70,,5721,8,,,0,25,,5722,8,,,0,70,,5723,8,,,0,30,,5724,8,,,0,25,,5725,8,,,0,71,,5726,8,,,0,30,,5727,8,,,0,70,,5728,8,,,0,30,,5729,8,,,0,67,,5730,8,,,0,30,,5731,8,,,0,70,,5732,8,,,0,30,,5733,8,,,0,70,,5734,8,,,0,30,,5735,8,,,0,70,,5736,8,,,0,30,,5737,8,,,0,73,,5738,8,,,0,30,,5739,8,,,0,70,,5740,8,,,0,30,,5741,8,,,0,70,,5742,8,,,0,30,,5743,8,,,0,70,,5744,8,,,0,30,,5745,8,,,0,145,,5746,8,,,0,100,,5747,8,,,0,100,,5748,8,,,0,100,,5749,8,,,0
9000,'236.0.2',559,,5750,8,,,0,100,,5751,8,,,0,100,,5752,8,,,0,95,,5753,8,,,0,97,,5754,8,,,0,99,,5755,8,,,0,101,,5756,8,,,0,100,,5757,8,,,0,98,,5758,8,,,0,100,,5759,8,,,0,100,,5760,8,,,0,100,,5761,8,,,0,103,,5762,8,,,0,105,,5763,8,,,0,102,,5764,8,,,0,100,,5765,8,,,0,100,,5766,8,,,0,100,,5767,8,,,0
9000,'236.0.3',554,,5801,8,,,0,55,,5800,8,,,0,15,,5768,8,,,0,15,,5802,8,,,0,15,,5769,8,,,0,55,,5803,8,,,0,15,,5770,8,,,0,15,,5804,8,,,0,20,,5771,8,,,0,70,,5772,8,,,0,25,,5773,8,,,0,71,,5774,8,,,0,29,,5775,8,,,0,70,,5776,8,,,0,30,,5777,8,,,0,67,,5778,8,,,0,31,,5779,8,,,0,70,,5780,8,,,0,30,,5781,8,,,0,70,,5782,8,,,0,30,,5783,8,,,0,70,,5784,8,,,0,16,,5805,8,,,0,15,,5785,8,,,0,55,,5806,8,,,0,15,,5786,8,,,0,15,,5807,8,,,0,15,,5787,8,,,0,55,,5808,8,,,0,15,,5812,8,,,0,15,,5809,8,,,0,15,,5788,8,,,0,55,,5810,8,,,0,15,,5789,8,,,0,15,,5811,8,,,0,13,,5790,8,,,0,75,,5791,8,,,0,30,,5792,8,,,0,70,,5793,8,,,0,30,,5794,8,,,0,70,,5795,8,,,0,100,,5796,8,,,0,99,,5797,8,,,0,100,,5798,8,,,0,100,,5799,8,,,0
13500,'236.0.3',705,,6072,34,,,0,30,,6073,34,,,0,70,,6074,34,,,0,15,,6075,34,,,0,16,,6076,34,,,0,15,,6077,34,,,0
13500,'236.1141.3',750,,6078,34,,,0
13500,'236.1143.3',750,,6079,34,,,0
13600,'236.0.3',652,,6087,38,,,0,72,,6088,38,,,0,16,,6089,38,,,0,15,,6090,38,,,0,55,,6091,38,,,0,16,,6092,38,,,0,11,,6093,38,,,0,21,,6094,38,,,0
13700,'236.0.3',659,,6107,32,,,0,70,,6103,32,,,0,21,,6108,32,,,0,50,,6104,32,,,0,30,,6105,32,,,0,70,,6106,32,,,0
13800,'236.0.3',642,,6115,41,,,0,72,,6116,41,,,0,15,,6117,41,,,0,16,,6118,41,,,0,70,,6119,41,,,0,5,,6120,41,,,0,28,,6121,41,,,0
15801,'236.0.3',742,,6133,32,,,0,72,,6136,32,,,0,29,,6134,32,,,0,69,,6135,32,,,0
15901,'236.0.3',628,,6146,32,,,0,25,,6154,32,,,0,55,,6147,32,,,0,24,,6148,32,,,0,23,,6149,32,,,0,62,,6150,32,,,0,20,,6151,32,,,0,21,,6152,32,,,0,57,,6153,32,,,0
16100,'236.0.3',632,,6155,45,,,0,70,,6156,45,,,0,35,,6157,45,,,0,73,,6158,45,,,0,31,,6159,45,,,0,69,,6160,45,,,0
16501,'236.0.3',649,,6173,34,,,0,71,,6174,34,,,0,36,,6175,34,,,0,74,,6176,34,,,0,70,,6177,34,,,0,30,,6178,34,,,0
1016801,'236.0.3',654,,7465,35,,,0,72,,7466,35,,,0,76,,7467,35,,,0,31,,7468,35,,,0,69,,7469,35,,,0,26,,7470,35,,,0
2016801,'236.0.3',641,,8480,40,,,0,70,,8481,40,,,0,36,,8482,40,,,0,74,,8483,40,,,0,30,,8484,40,,,0,70,,8485,40,,,0
