800,'236.0.1',606,,1718,37,,,0,30,,1719,37,,,0,70,,1720,37,,,0,30,,1721,37,,,0,71,,1722,37,,,0,23,,1723,37,,,0,22,,1724,37,,,0,70,,1725,37,,,0,30,,1726,37,,,0,70,,1727,37,,,0,31,,1728,37,,,0,69,,1729,37,,,0,30,,1730,37,,,0,70,,1731,37,,,0,30,,1732,37,,,0,70,,1733,37,,,0,30,,1734,37,,,0,70,,1735,37,,,0,32,,1736,37,,,0,70,,1737,37,,,0,30,,1738,37,,,0,70,,1739,37,,,0,30,,1740,37,,,0,70,,1741,37,,,0,30,,1742,37,,,0,70,,1743,37,,,0,30,,1744,37,,,0,70,,1745,37,,,0,30,,1746,37,,,0,70,,1747,37,,,0,30,,1748,37,,,0,70,,1749,37,,,0,30,,1750,37,,,0,70,,1751,37,,,0,25,,1752,37,,,0,69,,1753,37,,,0,30,,1754,37,,,0,100,,1755,37,,,0
800,'236.0.2',625,,1756,37,,,0,30,,1757,37,,,0,70,,1758,37,,,0,30,,1759,37,,,0,70,,1760,37,,,0,30,,1761,37,,,0,70,,1762,37,,,0,30,,1763,37,,,0,70,,1764,37,,,0,34,,1765,37,,,0,70,,1766,37,,,0,25,,1767,37,,,0,71,,1768,37,,,0,32,,1769,37,,,0,70,,1770,37,,,0,30,,1771,37,,,0,70,,1772,37,,,0,30,,1773,37,,,0,70,,1774,37,,,0,30,,1775,37,,,0,70,,1776,37,,,0,75,,1777,37,,,0,29,,1778,37,,,0,70,,1779,37,,,0,30,,1780,37,,,0,69,,1781,37,,,0,28,,1782,37,,,0,30,,1783,37,,,0,67,,1784,37,,,0,29,,1785,37,,,0,70,,1786,37,,,0,30,,1787,37,,,0,70,,1788,37,,,0,30,,1789,37,,,0,100,,1790,37,,,0,100,,1791,37,,,0
800,'236.0.3',555,,1794,37,,,0,70,,1795,37,,,0,30,,1796,37,,,0,77,,1797,37,,,0,72,,1798,37,,,0,31,,1799,37,,,0,70,,1800,37,,,0,30,,1801,37,,,0,70,,1802,37,,,0,20,,1803,37,,,0,20,,1804,37,,,0,60,,1805,37,,,0,20,,1806,37,,,0,20,,1807,37,,,0,60,,1808,37,,,0,20,,1809,37,,,0,20,,1810,37,,,0,60,,1811,37,,,0,20,,1812,37,,,0,20,,1813,37,,,0,60,,1814,37,,,0,20,,1815,37,,,0,20,,1816,37,,,0,61,,1817,37,,,0,29,,1818,37,,,0,24,,1819,37,,,0,60,,1820,37,,,0,20,,1821,37,,,0,20,,1822,37,,,0,60,,1823,37,,,0,20,,1824,37,,,0,20,,1825,37,,,0,57,,1826,37,,,0,26,,1827,37,,,0,10,,1842,37,,,0,50,,1828,37,,,0,30,,1829,37,,,0,70,,1830,37,,,0,30,,1831,37,,,0,70,,1832,37,,,0,28,,1833,37,,,0,29,,1834,37,,,0,70,,1835,37,,,0,30,,1836,37,,,0,70,,1837,37,,,0,30,,1838,37,,,0,70,,1839,37,,,0,30,,1840,37,,,0,70,,1841,37,,,0
9000,'236.0.1',630,,5717,32,,,0,25,,5718,32,,,0,70,,5719,32,,,0,30,,5720,32,,,0,70,,5721,32,,,0,25,,5722,32,,,0,70,,5723,32,,,0,30,,5724,32,,,0,66,,5725,32,,,0,33,,5726,32,,,0,70,,5727,32,,,0,30,,5728,32,,,0,70,,5729,32,,,0,27,,5730,32,,,0,70,,5731,32,,,0,30,,5732,32,,,0,70,,5733,32,,,0,30,,5734,32,,,0,70,,5735,32,,,0,30,,5736,32,,,0,70,,5737,32,,,0,33,,5738,32,,,0,70,,5739,32,,,0,30,,5740,32,,,0,70,,5741,32,,,0,30,,5742,32,,,0,70,,5743,32,,,0,30,,5744,32,,,0,70,,5745,32,,,0,104,,5746,32,,,0,100,,5747,32,,,0,100,,5748,32,,,0,100,,5749,32,,,0
9000,'236.0.2',619,,5750,32,,,0,100,,5751,32,,,0,100,,5752,32,,,0,95,,5753,32,,,0,97,,5754,32,,,0,100,,5755,32,,,0,102,,5756,32,,,0,100,,5757,32,,,0,98,,5758,32,,,0,100,,5759,32,,,0,100,,5760,32,,,0,100,,5761,32,,,0,103,,5762,32,,,0,104,,5763,32,,,0,101,,5764,32,,,0,100,,5765,32,,,0,100,,5766,32,,,0,100,,5767,32,,,0
9000,'236.0.3',616,,5801,32,,,0,15,,5800,32,,,0,15,,5768,32,,,0,55,,5802,32,,,0,15,,5769,32,,,0,15,,5803,32,,,0,15,,5770,32,,,0,55,,5804,32,,,0,20,,5771,32,,,0,30,,5772,32,,,0,65,,5773,32,,,0,31,,5774,32,,,0,69,,5775,32,,,0,30,,5776,32,,,0,70,,5777,32,,,0,28,,5778,32,,,0,71,,5779,32,,,0,30,,5780,32,,,0,70,,5781,32,,,0,30,,5782,32,,,0,70,,5783,32,,,0,35,,5784,32,,,0,57,,5805,32,,,0,15,,5785,32,,,0,15,,5806,32,,,0,15,,5786,32,,,0,55,,5807,32,,,0,15,,5787,32,,,0,15,,5808,32,,,0,15,,5812,32,,,0,55,,5809,32,,,0,15,,5788,32,,,0,15,,5810,32,,,0,14,,5789,32,,,0,50,,5811,32,,,0,12,,5790,32,,,0,35,,5791,32,,,0,70,,5792,32,,,0,30,,5793,32,,,0,70,,5794,32,,,0,30,,5795,32,,,0,100,,5796,32,,,0,97,,5797,32,,,0,100,,5798,32,,,0,100,,5799,32,,,0
9100,'236.0.1',723,,5910,15,,,0,100,,5911,15,,,0,100,,5912,15,,,0,100,,5913,15,,,0,100,,5914,15,,,0,100,,5915,15,,,0,100,,5916,15,,,0,100,,5917,15,,,0,100,,5918,15,,,0,100,,5919,15,,,0,100,,5920,15,,,0,100,,5921,15,,,0,100,,5922,15,,,0,100,,5923,15,,,0,100,,5924,15,,,0,100,,5925,15,,,0
9100,'236.0.2',752,,5926,15,,,0,100,,5927,15,,,0,100,,5928,15,,,0,100,,5929,15,,,0,100,,5930,15,,,0,100,,5931,15,,,0,100,,5932,15,,,0,100,,5933,15,,,0,100,,5934,15,,,0,100,,5935,15,,,0,100,,5936,15,,,0,100,,5937,15,,,0,100,,5938,15,,,0,100,,5939,15,,,0,100,,5940,15,,,0
9100,'236.0.3',632,,5941,15,,,0,24,,5942,15,,,0,68,,5943,15,,,0,76,,5944,15,,,0,29,,5945,15,,,0,71,,5946,15,,,0,100,,5947,15,,,0,103,,5948,15,,,0,100,,5949,15,,,0,99,,5950,15,,,0,100,,5951,15,,,0,101,,5952,15,,,0,30,,5953,15,,,0,70,,5954,15,,,0,30,,5955,15,,,0,70,,5956,15,,,0,30,,5957,15,,,0,71,,5958,15,,,0,30,,5959,15,,,0,97,,5960,15,,,0,100,,5961,15,,,0,100,,5962,15,,,0,100,,5963,15,,,0
9300,'236.0.3',1540,,6019,23,,,0,66,,6020,23,,,0,42,,6021,23,,,0,62,,6022,23,,,0,35,,6023,23,,,0,60,,6024,23,,,0,30,,6025,23,,,0
