12300,'236.0.3',637,,6032,34,,,0,70,,6034,34,,,0,109,,6035,34,,,0,29,,6036,34,,,0,66,,6033,34,,,0
12300,'236.1141.3',743,,6037,34,,,0
12300,'236.1143.3',743,,6038,34,,,0
12700,'236.0.3',640,,6052,24,,,0,18,,6053,24,,,0,60,,6054,24,,,0,11,,6055,24,,,0,9,,6056,24,,,0,20,,6057,24,,,0,55,,6058,24,,,0,15,,6059,24,,,0,5,,6060,24,,,0
18200,'236.0.3',1448,,6179,1,,,0,55,,6180,1,,,0,15,,6181,1,,,0,15,,6182,1,,,0,13,,6183,1,,,0,55,,6184,1,,,0,14,,6185,1,,,0,15,,6186,1,,,0,15,,6187,1,,,0,59,,6188,1,,,0,15,,6189,1,,,0,16,,6190,1,,,0,15,,6192,1,,,0,54,,6191,1,,,0,16,,6193,1,,,0
18300,'236.0.3',1452,,6207,1,,,0,70,,6208,1,,,0,30,,6209,1,,,0,70,,6210,1,,,0,30,,6211,1,,,0,70,,6212,1,,,0,30,,6213,1,,,0
18500,'236.0.3',1500,,6220,1,,,0,15,,6221,1,,,0,15,,6222,1,,,0,15,,6223,1,,,0,55,,6224,1,,,0,15,,6225,1,,,0,15,,6226,1,,,0,15,,6227,1,,,0,55,,6228,1,,,0,15,,6231,1,,,0,15,,6229,1,,,0,15,,6232,1,,,0,55,,6230,1,,,0,15,,6233,1,,,0
18600,'236.0.3',1507,,6246,1,,,0,30,,6247,1,,,0,70,,6248,1,,,0,30,,6251,1,,,0,70,,6249,1,,,0,30,,6250,1,,,0
19200,'236.0.3',1510,,6258,1,,,0,30,,6259,1,,,0,70,,6260,1,,,0,30,,6261,1,,,0,70,,6262,1,,,0,30,,6263,1,,,0
19401,'236.0.3',1530,,6274,1,,,0,70,,6275,1,,,0,30,,6276,1,,,0,70,,6277,1,,,0
19600,'236.0.3',1534,,6278,1,,,0,70,,6279,1,,,0,30,,6280,1,,,0,71,,6281,1,,,0
1000901,'236.0.1',713,,6973,49,,,0,100,,6974,49,,,0,102,,6975,49,,,0,100,,6976,49,,,0,100,,6977,49,,,0,100,,6978,49,,,0,100,,6979,49,,,0,100,,6980,49,,,0,100,,6981,49,,,0,100,,6982,49,,,0,100,,6983,49,,,0,97,,6984,49,,,0,100,,6985,49,,,0,100,,6986,49,,,0,97,,6987,49,,,0,100,,6988,49,,,0,100,,6989,49,,,0,100,,6990,49,,,0
1000901,'236.0.2',708,,6991,49,,,0,98,,6992,49,,,0,104,,6993,49,,,0,100,,6994,49,,,0,102,,6995,49,,,0,100,,6996,49,,,0,100,,6997,49,,,0,100,,6998,49,,,0,100,,6999,49,,,0,100,,7000,49,,,0,100,,7001,49,,,0,100,,7002,49,,,0,100,,7003,49,,,0,98,,7004,49,,,0,96,,7005,49,,,0,100,,7006,49,,,0,100,,7007,49,,,0,99,,7008,49,,,0
1000901,'236.0.3',557,,7009,49,,,0,67,,7010,49,,,0,25,,7011,49,,,0,10,,7012,49,,,0,45,,7013,49,,,0,17,,7014,49,,,0,23,,7015,49,,,0,5,,7016,49,,,0,55,,7017,49,,,0,10,,7018,49,,,0,20,,7019,49,,,0,10,,7020,49,,,0,60,,7021,49,,,0,9,,7022,49,,,0,8,,7023,49,,,0,10,,7024,49,,,0,25,,7025,49,,,0,55,,7026,49,,,0,15,,7027,49,,,0,30,,7028,49,,,0,55,,7029,49,,,0,15,,7030,49,,,0,30,,7031,49,,,0,55,,7032,49,,,0,15,,7033,49,,,0,30,,7034,49,,,0,55,,7035,49,,,0,15,,7036,49,,,0,30,,7037,49,,,0,55,,7038,49,,,0,15,,7039,49,,,0,30,,7040,49,,,0,55,,7041,49,,,0,15,,7042,49,,,0,29,,7043,49,,,0,65,,7044,49,,,0,5,,7045,49,,,0,25,,7046,49,,,0,50,,7047,49,,,0,20,,7048,49,,,0,10,,7049,49,,,0,20,,7050,49,,,0,50,,7051,49,,,0,20,,7052,49,,,0,9,,7053,49,,,0,17,,7054,49,,,0,10,,7055,49,,,0,65,,7056,49,,,0,30,,7057,49,,,0,71,,7058,49,,,0,29,,7059,49,,,0,69,,7060,49,,,0,25,,7061,49,,,0,70,,7062,49,,,0,35,,7063,49,,,0,60,,7064,49,,,0,40,,7065,49,,,0,60,,7066,49,,,0,40,,7067,49,,,0,60,,7068,49,,,0
2000901,'236.0.1',643,,8002,65,0,13,0,100,,8003,65,0,13,0,99,,8004,65,0,13,0,103,,8005,65,0,13,0,100,,8006,65,0,13,0,100,,8007,65,0,13,0,100,,8008,65,0,13,0,100,,8009,65,0,13,0,100,,8010,65,0,13,0,100,,8011,65,0,13,0,100,,8012,65,0,13,0,100,,8013,65,0,13,0,97,,8014,65,0,13,0,100,,8015,65,0,13,0,97,,8016,65,0,13,0,100,,8017,65,0,13,0,100,,8018,65,0,13,0,100,,8019,65,0,13,0,100,,8020,65,0,13,0
2000901,'236.0.2',638,,8021,65,0,13,0,100,,8022,65,0,13,0,98,,8023,65,0,13,0,104,,8024,65,0,13,0,100,,8025,65,0,13,0,102,,8026,65,0,13,0,100,,8027,65,0,13,0,100,,8028,65,0,13,0,100,,8029,65,0,13,0,100,,8030,65,0,13,0,100,,8031,65,0,13,0,100,,8032,65,0,13,0,100,,8033,65,0,13,0,100,,8034,65,0,13,0,94,,8035,65,0,13,0,100,,8036,65,0,13,0,100,,8037,65,0,13,0,98,,8038,65,0,13,0,100,,8039,65,0,13,0
2000901,'236.0.3',609,,8040,65,0,13,0,30,,8041,65,0,13,0,70,,8042,65,0,13,0,45,,8043,65,0,13,0,70,,8044,65,0,13,0,30,,8045,65,0,13,0,58,,8046,65,0,13,0,29,,8047,65,0,13,0,100,,8048,65,0,13,0,100,,8049,65,0,13,0,100,,8050,65,0,13,0,100,,8051,65,0,13,0,100,,8052,65,0,13,0,99,,8053,65,0,13,0,70,,8054,65,0,13,0,30,,8055,65,0,13,0,70,,8056,65,0,13,0,30,,8057,65,0,13,0,70,,8058,65,0,13,0,27,,8059,65,0,13,0,69,,8060,65,0,13,0,30,,8061,65,0,13,0,70,,8062,65,0,13,0,30,,8063,65,0,13,0,70,,8064,65,0,13,0,27,,8065,65,0,13,0,22,,8066,65,0,13,0,70,,8067,65,0,13,0,100,,8068,65,0,13,0,100,,8069,65,0,13,0
