5800,'236.0.1',620,,3832,2,,,0,100,,3833,2,,,0,100,,3834,2,,,0,100,,3835,2,,,0,100,,3836,2,,,0,100,,3837,2,,,0,100,,3838,2,,,0,100,,3839,2,,,0,100,,3840,2,,,0,100,,3841,2,,,0,100,,3842,2,,,0,100,,3843,2,,,0,100,,3844,2,,,0,100,,3845,2,,,0,100,,3846,2,,,0,100,,3847,2,,,0,100,,3848,2,,,0
5800,'236.0.2',720,,3849,2,,,0,100,,3850,2,,,0,100,,3851,2,,,0,100,,3852,2,,,0,100,,3853,2,,,0,100,,3854,2,,,0,100,,3855,2,,,0,100,,3856,2,,,0,100,,3857,2,,,0,100,,3858,2,,,0,100,,3859,2,,,0,100,,3860,2,,,0,100,,3861,2,,,0,100,,3862,2,,,0,100,,3863,2,,,0,100,,3864,2,,,0
5800,'236.0.3',608,,3865,2,,,0,30,,3866,2,,,0,70,,3867,2,,,0,30,,3868,2,,,0,70,,3869,2,,,0,117,,3870,2,,,0,100,,3871,2,,,0,100,,3872,2,,,0,100,,3873,2,,,0,100,,3874,2,,,0,101,,3875,2,,,0,100,,3876,2,,,0,30,,3877,2,,,0,270,,3878,2,,,0,99,,3879,2,,,0,100,,3880,2,,,0,100,,3881,2,,,0,100,,3882,2,,,0,100,,3883,2,,,0
6300,'236.0.1',757,,4262,2,,,0,100,,4263,2,,,0,100,,4264,2,,,0,100,,4265,2,,,0,100,,4266,2,,,0,100,,4267,2,,,0,100,,4268,2,,,0,100,,4269,2,,,0,100,,4270,2,,,0,100,,4271,2,,,0,100,,4272,2,,,0,100,,4273,2,,,0,97,,4274,2,,,0,100,,4275,2,,,0,100,,4276,2,,,0,100,,4277,2,,,0
6300,'236.0.2',726,,4278,2,,,0,100,,4279,2,,,0,100,,4280,2,,,0,100,,4281,2,,,0,100,,4282,2,,,0,100,,4283,2,,,0,100,,4284,2,,,0,100,,4285,2,,,0,98,,4286,2,,,0,100,,4287,2,,,0,100,,4288,2,,,0,100,,4289,2,,,0,100,,4290,2,,,0,100,,4291,2,,,0,100,,4292,2,,,0
6300,'236.0.3',648,,4293,2,,,0,70,,4294,2,,,0,30,,4295,2,,,0,70,,4296,2,,,0,30,,4297,2,,,0,70,,4298,2,,,0,30,,4299,2,,,0,56,,4300,2,,,0,100,,4301,2,,,0,100,,4302,2,,,0,100,,4303,2,,,0,100,,4304,2,,,0,100,,4305,2,,,0,115,,4306,2,,,0,30,,4307,2,,,0,68,,4308,2,,,0,30,,4309,2,,,0,70,,4310,2,,,0,30,,4311,2,,,0,70,,4312,2,,,0,100,,4313,2,,,0,100,,4314,2,,,0,100,,4315,2,,,0
6701,'236.0.1',738,,4595,16,,,0,100,,4596,16,,,0,101,,4597,16,,,0,100,,4598,16,,,0,100,,4599,16,,,0,100,,4600,16,,,0,100,,4601,16,,,0,100,,4602,16,,,0,100,,4603,16,,,0,100,,4604,16,,,0,100,,4605,16,,,0,99,,4606,16,,,0,100,,4607,16,,,0,100,,4608,16,,,0,100,,4609,16,,,0,100,,4610,16,,,0
6701,'236.0.2',738,,4611,16,,,0,100,,4612,16,,,0,100,,4613,16,,,0,101,,4614,16,,,0,100,,4615,16,,,0,100,,4616,16,,,0,100,,4617,16,,,0,100,,4618,16,,,0,100,,4619,16,,,0,100,,4620,16,,,0,99,,4621,16,,,0,100,,4622,16,,,0,100,,4623,16,,,0,100,,4624,16,,,0,99,,4625,16,,,0,100,,4626,16,,,0
6701,'236.0.3',623,,4627,16,,,0,30,,4628,16,,,0,70,,4629,16,,,0,30,,4630,16,,,0,70,,4631,16,,,0,30,,4632,16,,,0,101,,4633,16,,,0,100,,4634,16,,,0,100,,4635,16,,,0,100,,4636,16,,,0,100,,4637,16,,,0,102,,4638,16,,,0,70,,4639,16,,,0,30,,4640,16,,,0,70,,4641,16,,,0,30,,4642,16,,,0,70,,4643,16,,,0,30,,4644,16,,,0,67,,4645,16,,,0,30,,4646,16,,,0,70,,4647,16,,,0,99,,4648,16,,,0,100,,4649,16,,,0,100,,4650,16,,,0
15800,'236.0.3',1614,,6129,14,,,0,32,,6130,14,,,0,72,,6131,14,,,0,27,,6132,14,,,0
