801,'236.0.1',554,,1843,49,,,0,70,,1844,49,,,0,30,,1845,49,,,0,70,,1846,49,,,0,30,,1847,49,,,0,73,,1848,49,,,0,30,,1849,49,,,0,70,,1850,49,,,0,30,,1851,49,,,0,74,,1852,49,,,0,70,,1853,49,,,0,30,,1854,49,,,0,70,,1855,49,,,0,30,,1856,49,,,0,71,,1857,49,,,0,31,,1858,49,,,0,70,,1859,49,,,0,30,,1860,49,,,0,70,,1861,49,,,0,30,,1862,49,,,0,70,,1863,49,,,0,30,,1864,49,,,0,70,,1865,49,,,0,30,,1866,49,,,0,68,,1867,49,,,0,29,,1868,49,,,0,70,,1869,49,,,0,30,,1870,49,,,0,25,,1871,49,,,0,69,,1872,49,,,0,30,,1873,49,,,0,70,,1874,49,,,0,30,,1875,49,,,0,70,,1876,49,,,0,30,,1877,49,,,0,70,,1878,49,,,0,30,,1879,49,,,0,100,,1880,49,,,0
801,'236.0.2',558,,1881,49,,,0,70,,1882,49,,,0,30,,1883,49,,,0,70,,1884,49,,,0,30,,1885,49,,,0,70,,1886,49,,,0,30,,1887,49,,,0,75,,1888,49,,,0,70,,1889,49,,,0,30,,1890,49,,,0,70,,1891,49,,,0,30,,1892,49,,,0,70,,1893,49,,,0,30,,1894,49,,,0,70,,1895,49,,,0,30,,1896,49,,,0,70,,1897,49,,,0,30,,1898,49,,,0,70,,1899,49,,,0,30,,1900,49,,,0,70,,1901,49,,,0,30,,1902,49,,,0,70,,1903,49,,,0,30,,1904,49,,,0,70,,1905,49,,,0,28,,1906,49,,,0,70,,1907,49,,,0,30,,1908,49,,,0,70,,1909,49,,,0,30,,1910,49,,,0,70,,1911,49,,,0,27,,1912,49,,,0,30,,1913,49,,,0,70,,1914,49,,,0,100,,1915,49,,,0,100,,1916,49,,,0
801,'236.0.3',544,,1917,49,,,0,70,,1918,49,,,0,30,,1919,49,,,0,60,,1920,49,,,0,23,,1921,49,,,0,20,,1922,49,,,0,60,,1923,49,,,0,20,,1924,49,,,0,20,,1925,49,,,0,60,,1926,49,,,0,17,,1927,49,,,0,20,,1928,49,,,0,60,,1929,49,,,0,20,,1930,49,,,0,20,,1931,49,,,0,60,,1932,49,,,0,20,,1933,49,,,0,20,,1934,49,,,0,60,,1935,49,,,0,20,,1936,49,,,0,20,,1937,49,,,0,60,,1938,49,,,0,20,,1939,49,,,0,20,,1940,49,,,0,60,,1941,49,,,0,20,,1942,49,,,0,20,,1943,49,,,0,60,,1944,49,,,0,23,,1945,49,,,0,73,,1946,49,,,0,30,,1947,49,,,0,70,,1948,49,,,0,30,,1949,49,,,0,70,,1950,49,,,0,25,,1951,49,,,0,28,,1952,49,,,0,70,,1953,49,,,0,30,,1954,49,,,0,70,,1955,49,,,0,30,,1956,49,,,0,67,,1957,49,,,0,29,,1958,49,,,0,70,,1959,49,,,0,30,,1960,49,,,0,70,,1961,49,,,0,30,,1962,49,,,0,70,,1963,49,,,0,30,,1964,49,,,0
3900,'236.0.1',616,,3078,25,,,0,30,,3079,25,,,0,70,,3080,25,,,0,30,,3081,25,,,0,70,,3082,25,,,0,30,,3083,25,,,0,70,,3084,25,,,0,30,,3085,25,,,0,70,,3086,25,,,0,31,,3087,25,,,0,70,,3088,25,,,0,30,,3089,25,,,0,70,,3090,25,,,0,30,,3091,25,,,0,70,,3092,25,,,0,30,,3093,25,,,0,70,,3094,25,,,0,30,,3095,25,,,0,70,,3096,25,,,0,30,,3097,25,,,0,70,,3098,25,,,0,30,,3099,25,,,0,70,,3100,25,,,0,30,,3101,25,,,0,70,,3102,25,,,0,30,,3103,25,,,0,70,,3104,25,,,0,30,,3105,25,,,0,70,,3106,25,,,0,30,,3107,25,,,0,70,,3108,25,,,0,30,,3109,25,,,0,70,,3110,25,,,0,30,,3111,25,,,0,70,,3112,25,,,0
3900,'236.0.2',617,,3113,25,,,0,100,,3114,25,,,0,100,,3115,25,,,0,100,,3116,25,,,0,100,,3117,25,,,0,100,,3118,25,,,0,101,,3119,25,,,0,100,,3120,25,,,0,100,,3121,25,,,0,100,,3122,25,,,0,100,,3123,25,,,0,100,,3124,25,,,0,100,,3125,25,,,0,100,,3126,25,,,0,100,,3127,25,,,0,100,,3128,25,,,0
3900,'236.0.3',620,,3129,25,,,0,30,,3130,25,,,0,71,,3131,25,,,0,31,,3132,25,,,0,70,,3133,25,,,0,30,,3134,25,,,0,68,,3135,25,,,0,30,,3136,25,,,0,70,,3137,25,,,0,30,,3138,25,,,0,70,,3139,25,,,0,30,,3140,25,,,0,70,,3141,25,,,0,30,,3142,25,,,0,70,,3143,25,,,0,30,,3144,25,,,0,70,,3145,25,,,0,30,,3146,25,,,0,72,,3147,25,,,0,30,,3148,25,,,0,70,,3149,25,,,0,30,,3150,25,,,0,70,,3151,25,,,0,30,,3152,25,,,0,68,,3153,25,,,0,30,,3154,25,,,0,100,,3155,25,,,0,100,,3156,25,,,0,100,,3157,25,,,0,100,,3158,25,,,0
9001,'236.0.1',618,,5813,35,,,0,30,,5814,35,,,0,70,,5815,35,,,0,25,,5816,35,,,0,70,,5817,35,,,0,30,,5818,35,,,0,70,,5819,35,,,0,25,,5820,35,,,0,71,,5821,35,,,0,31,,5822,35,,,0,70,,5823,35,,,0,30,,5824,35,,,0,70,,5825,35,,,0,30,,5826,35,,,0,70,,5827,35,,,0,30,,5828,35,,,0,70,,5829,35,,,0,30,,5830,35,,,0,70,,5831,35,,,0,30,,5832,35,,,0,70,,5833,35,,,0,30,,5834,35,,,0,70,,5835,35,,,0,35,,5836,35,,,0,68,,5837,35,,,0,29,,5838,35,,,0,70,,5839,35,,,0,30,,5840,35,,,0,70,,5841,35,,,0,100,,5842,35,,,0,100,,5843,35,,,0,100,,5844,35,,,0,100,,5845,35,,,0
9001,'236.0.2',605,,5846,35,,,0,100,,5847,35,,,0,100,,5848,35,,,0,100,,5849,35,,,0,96,,5850,35,,,0,102,,5851,35,,,0,100,,5852,35,,,0,102,,5853,35,,,0,100,,5854,35,,,0,98,,5855,35,,,0,100,,5856,35,,,0,100,,5857,35,,,0,98,,5858,35,,,0,103,,5859,35,,,0,105,,5860,35,,,0,98,,5861,35,,,0,100,,5862,35,,,0,99,,5863,35,,,0
9001,'236.0.3',550,,5864,35,,,0,70,,5865,35,,,0,30,,5866,35,,,0,61,,5898,35,,,0,13,,5867,35,,,0,15,,5899,35,,,0,10,,5868,35,,,0,55,,5900,35,,,0,15,,5869,35,,,0,17,,5901,35,,,0,11,,5870,35,,,0,55,,5902,35,,,0,15,,5871,35,,,0,30,,5872,35,,,0,65,,5873,35,,,0,30,,5874,35,,,0,70,,5875,35,,,0,30,,5876,35,,,0,70,,5877,35,,,0,30,,5878,35,,,0,70,,5879,35,,,0,30,,5880,35,,,0,70,,5881,35,,,0,30,,5882,35,,,0,70,,5883,35,,,0,33,,5884,35,,,0,61,,5903,35,,,0,22,,5885,35,,,0,8,,5904,35,,,0,65,,5886,35,,,0,15,,5905,35,,,0,15,,5887,35,,,0,15,,5906,35,,,0,12,,5888,35,,,0,53,,5907,35,,,0,13,,5889,35,,,0,12,,5908,35,,,0,13,,5890,35,,,0,52,,5909,35,,,0,13,,5891,35,,,0,30,,5892,35,,,0,69,,5893,35,,,0,30,,5894,35,,,0,100,,5895,35,,,0,100,,5896,35,,,0,100,,5897,35,,,0
9101,'236.0.1',812,,5964,38,,,0,100,,5965,38,,,0,100,,5966,38,,,0,100,,5967,38,,,0,100,,5968,38,,,0,100,,5969,38,,,0,100,,5970,38,,,0,100,,5971,38,,,0,100,,5972,38,,,0,100,,5973,38,,,0,100,,5974,38,,,0,100,,5975,38,,,0,100,,5976,38,,,0,100,,5977,38,,,0,100,,5978,38,,,0,100,,5979,38,,,0
9101,'236.0.2',841,,5980,38,,,0,100,,5981,38,,,0,100,,5982,38,,,0,100,,5983,38,,,0,100,,5984,38,,,0,100,,5985,38,,,0,100,,5986,38,,,0,100,,5987,38,,,0,100,,5988,38,,,0,100,,5989,38,,,0,100,,5990,38,,,0,100,,5991,38,,,0,100,,5992,38,,,0,100,,5993,38,,,0,100,,5994,38,,,0
9101,'236.0.3',615,,5995,38,,,0,30,,5996,38,,,0,77,,5997,38,,,0,24,,5998,38,,,0,70,,5999,38,,,0,37,,6000,38,,,0,67,,6001,38,,,0,29,,6002,38,,,0,100,,6003,38,,,0,103,,6004,38,,,0,100,,6005,38,,,0,99,,6006,38,,,0,108,,6007,38,,,0,141,,6008,38,,,0,31,,6009,38,,,0,70,,6010,38,,,0,32,,6011,38,,,0,70,,6012,38,,,0,24,,6013,38,,,0,94,,6014,38,,,0,100,,6015,38,,,0,100,,6016,38,,,0,100,,6017,38,,,0,100,,6018,38,,,0
9301,'236.0.3',621,,6026,35,,,0,30,,6027,35,,,0,70,,6028,35,,,0,30,,6029,35,,,0,71,,6030,35,,,0,30,,6031,35,,,0
13501,'236.0.3',1607,,6080,42,4,,0,33,,6081,42,4,,0,70,,6082,42,4,,0,29,,6083,42,4,,0,65,,6084,42,4,,0,26,,6085,42,4,,0,26,,6086,42,4,,0
