5400,'236.0.1',615,,3417,22,,,0,100,,3418,22,,,0,100,,3419,22,,,0,100,,3420,22,,,0,102,,3421,22,,,0,100,,3422,22,,,0,100,,3423,22,,,0,100,,3424,22,,,0,100,,3425,22,,,0,100,,3426,22,,,0,100,,3427,22,,,0,100,,3428,22,,,0,98,,3429,22,,,0,100,,3430,22,,,0,100,,3431,22,,,0,100,,3432,22,,,0,100,,3433,22,,,0
5400,'236.0.2',815,,3434,22,,,0,100,,3435,22,,,0,102,,3436,22,,,0,100,,3437,22,,,0,100,,3438,22,,,0,100,,3439,22,,,0,100,,3440,22,,,0,100,,3441,22,,,0,100,,3442,22,,,0,100,,3443,22,,,0,98,,3444,22,,,0,100,,3445,22,,,0,100,,3446,22,,,0,100,,3447,22,,,0
5400,'236.0.3',616,,3448,22,,,0,28,,3449,22,,,0,70,,3450,22,,,0,30,,3451,22,,,0,70,,3452,22,,,0,31,,3453,22,,,0,75,,3454,22,,,0,100,,3455,22,,,0,100,,3456,22,,,0,103,,3457,22,,,0,100,,3458,22,,,0,100,,3459,22,,,0,100,,3460,22,,,0,30,,3461,22,,,0,70,,3462,22,,,0,29,,3463,22,,,0,70,,3464,22,,,0,27,,3465,22,,,0,71,,3466,22,,,0,30,,3467,22,,,0,70,,3468,22,,,0,30,,3469,22,,,0,70,,3470,22,,,0,100,,3471,22,,,0
6700,'236.0.1',801,,4539,8,,,0,100,,4540,8,,,0,104,,4541,8,,,0,101,,4542,8,,,0,100,,4543,8,,,0,100,,4544,8,,,0,100,,4545,8,,,0,100,,4546,8,,,0,100,,4547,8,,,0,100,,4548,8,,,0,100,,4549,8,,,0,96,,4550,8,,,0,99,,4551,8,,,0,100,,4552,8,,,0,100,,4553,8,,,0,100,,4554,8,,,0
6700,'236.0.2',759,,4555,8,,,0,100,,4556,8,,,0,100,,4557,8,,,0,146,,4558,8,,,0,100,,4559,8,,,0,100,,4560,8,,,0,100,,4561,8,,,0,100,,4562,8,,,0,100,,4563,8,,,0,100,,4564,8,,,0,97,,4565,8,,,0,100,,4566,8,,,0,100,,4567,8,,,0,100,,4568,8,,,0,57,,4569,8,,,0,100,,4570,8,,,0
6700,'236.0.3',612,,4571,8,,,0,30,,4572,8,,,0,70,,4573,8,,,0,30,,4574,8,,,0,70,,4575,8,,,0,30,,4576,8,,,0,70,,4577,8,,,0,100,,4578,8,,,0,98,,4579,8,,,0,100,,4580,8,,,0,100,,4581,8,,,0,100,,4582,8,,,0,99,,4583,8,,,0,30,,4584,8,,,0,70,,4585,8,,,0,30,,4586,8,,,0,70,,4587,8,,,0,31,,4588,8,,,0,73,,4589,8,,,0,30,,4590,8,,,0,100,,4591,8,,,0,100,,4592,8,,,0,100,,4593,8,,,0,100,,4594,8,,,0
7201,'236.0.1',649,,4834,18,,,0,77,,4835,38,,,0,30,,4836,38,,,0,70,,4837,38,,,0,30,,4838,38,,,0,70,,4839,38,,,0,30,,4840,38,,,0,77,,4841,38,,,0,70,,4842,38,,,0,30,,4843,38,,,0,76,,4844,38,,,0,30,,4845,38,,,0,70,,4846,38,,,0,30,,4847,38,,,0,70,,4848,38,,,0,30,,4849,38,,,0,70,,4850,38,,,0,30,,4851,38,,,0,70,,4852,38,,,0,30,,4853,38,,,0,70,,4854,38,,,0,30,,4855,38,,,0,70,,4856,38,,,0,25,,4857,38,,,0,25,,4858,38,,,0,70,,4859,38,,,0,100,,4860,38,,,0,100,,4861,38,,,0,100,,4862,38,,,0,100,,4863,38,,,0,100,,4864,38,,,0
7201,'236.0.2',725,,4865,18,,,0,100,,4866,38,,,0,100,,4867,38,,,0,100,,4868,38,,,0,105,,4869,38,,,0,106,,4870,38,,,0,100,,4871,38,,,0,100,,4872,38,,,0,100,,4873,38,,,0,100,,4874,38,,,0,100,,4875,38,,,0,95,,4876,38,,,0,100,,4877,38,,,0,92,,4878,38,,,0,100,,4879,38,,,0,100,,4880,38,,,0,100,,4881,38,,,0
7201,'236.0.3',701,,4882,38,,,0,30,,4883,38,,,0,70,,4884,38,,,0,33,,4885,38,,,0,72,,4886,38,,,0,32,,4887,38,,,0,70,,4888,38,,,0,28,,4889,38,,,0,70,,4890,38,,,0,30,,4891,38,,,0,70,,4892,38,,,0,30,,4893,38,,,0,70,,4894,38,,,0,30,,4895,38,,,0,70,,4896,38,,,0,30,,4897,38,,,0,74,,4898,38,,,0,30,,4899,38,,,0,71,,4900,38,,,0,31,,4901,38,,,0,70,,4902,38,,,0,30,,4903,38,,,0,70,,4904,38,,,0,28,,4905,38,,,0,64,,4906,38,,,0,24,,4907,38,,,0,100,,4908,38,,,0,100,,4909,38,,,0,100,,4910,38,,,0,100,,4911,38,,,0
3001000,'236.0.1',549,,8620,3,0,5,0,89,,8621,42,0,14,0,100,,8622,42,0,14,0,70,,8623,42,0,14,0,30,,8624,42,0,14,0,70,,8625,42,0,14,0,31,,8626,42,0,14,0,73,,8627,42,0,14,0,30,,8628,42,0,14,0,70,,8629,42,0,14,0,31,,8630,42,0,14,0,73,,8631,42,0,14,0,30,,8632,42,0,14,0,70,,8633,42,0,14,0,30,,8634,42,0,14,0,70,,8635,42,0,14,0,30,,8636,42,0,14,0,70,,8637,42,0,14,0,30,,8638,42,0,14,0,70,,8639,42,0,14,0,30,,8640,42,0,14,0,70,,8641,42,0,14,0,30,,8642,42,0,14,0,70,,8643,42,0,14,0,29,,8644,42,0,14,0,68,,8645,42,0,14,0,30,,8646,42,0,14,0,100,,8647,42,0,14,0,99,,8648,42,0,14,0,96,,8649,42,0,14,0,100,,8650,42,0,14,0,100,,8651,42,0,14,0
3001000,'236.0.2',550,,8652,3,0,5,0,85,,8653,42,0,14,0,100,,8654,42,0,14,0,70,,8655,42,0,14,0,30,,8656,42,0,14,0,70,,8657,42,0,14,0,30,,8658,42,0,14,0,71,,8659,42,0,14,0,34,,8660,42,0,14,0,70,,8661,42,0,14,0,30,,8662,42,0,14,0,70,,8663,42,0,14,0,30,,8664,42,0,14,0,70,,8665,42,0,14,0,30,,8666,42,0,14,0,70,,8667,42,0,14,0,33,,8668,42,0,14,0,70,,8669,42,0,14,0,30,,8670,42,0,14,0,70,,8671,42,0,14,0,30,,8672,42,0,14,0,70,,8673,42,0,14,0,30,,8674,42,0,14,0,70,,8675,42,0,14,0,30,,8676,42,0,14,0,100,,8677,42,0,14,0,95,,8678,42,0,14,0,100,,8679,42,0,14,0,100,,8680,42,0,14,0,100,,8681,42,0,14,0
3001000,'236.0.3',513,,8682,3,0,5,0,30,,8683,3,0,5,0,70,,8684,3,0,5,0,15,,8685,42,0,14,0,19,,8686,42,0,14,0,60,,8687,42,0,14,0,19,,8688,42,0,14,0,18,,8689,42,0,14,0,57,,8690,42,0,14,0,20,,8691,42,0,14,0,33,,8692,42,0,14,0,60,,8693,42,0,14,0,20,,8694,42,0,14,0,68,,8695,42,0,14,0,30,,8696,42,0,14,0,70,,8697,42,0,14,0,30,,8698,42,0,14,0,70,,8699,42,0,14,0,30,,8700,42,0,14,0,70,,8701,42,0,14,0,30,,8702,42,0,14,0,70,,8703,42,0,14,0,30,,8704,42,0,14,0,20,,8705,42,0,14,0,60,,8706,42,0,14,0,20,,8707,42,0,14,0,21,,8708,42,0,14,0,67,,8709,42,0,14,0,23,,8710,42,0,14,0,60,,8711,42,0,14,0,20,,8712,42,0,14,0,18,,8713,42,0,14,0,59,,8714,42,0,14,0,18,,8715,42,0,14,0,13,,8716,42,0,14,0,16,,8717,42,0,14,0,60,,8718,42,0,14,0,20,,8719,42,0,14,0,19,,8720,42,0,14,0,70,,8721,42,0,14,0,30,,8722,42,0,14,0,70,,8723,42,0,14,0,30,,8724,42,0,14,0,68,,8725,42,0,14,0,27,,8726,42,0,14,0,70,,8727,42,0,14,0,30,,8728,42,0,14,0,70,,8729,42,0,14,0,30,,8730,42,0,14,0
