5400,'236.0.1',610,,3417,16,,,0,100,,3418,16,,,0,100,,3419,16,,,0,100,,3420,16,,,0,101,,3421,16,,,0,100,,3422,16,,,0,100,,3423,16,,,0,100,,3424,16,,,0,100,,3425,16,,,0,100,,3426,16,,,0,100,,3427,16,,,0,100,,3428,16,,,0,99,,3429,16,,,0,100,,3430,16,,,0,100,,3431,16,,,0,100,,3432,16,,,0,100,,3433,16,,,0
5400,'236.0.2',810,,3434,16,,,0,100,,3435,16,,,0,101,,3436,16,,,0,100,,3437,16,,,0,100,,3438,16,,,0,100,,3439,16,,,0,100,,3440,16,,,0,100,,3441,16,,,0,100,,3442,16,,,0,100,,3443,16,,,0,99,,3444,16,,,0,100,,3445,16,,,0,100,,3446,16,,,0,100,,3447,16,,,0
5400,'236.0.3',611,,3448,16,,,0,28,,3449,16,,,0,70,,3450,16,,,0,30,,3451,16,,,0,70,,3452,16,,,0,31,,3453,16,,,0,75,,3454,16,,,0,100,,3455,16,,,0,100,,3456,16,,,0,101,,3457,16,,,0,100,,3458,16,,,0,100,,3459,16,,,0,100,,3460,16,,,0,30,,3461,16,,,0,70,,3462,16,,,0,29,,3463,16,,,0,70,,3464,16,,,0,28,,3465,16,,,0,71,,3466,16,,,0,30,,3467,16,,,0,70,,3468,16,,,0,30,,3469,16,,,0,70,,3470,16,,,0,100,,3471,16,,,0
5500,'236.0.1',739,,3527,16,,,0,100,,3528,16,,,0,100,,3529,16,,,0,101,,3530,16,,,0,100,,3531,16,,,0,100,,3532,16,,,0,100,,3533,16,,,0,100,,3534,16,,,0,100,,3535,16,,,0,100,,3536,16,,,0,100,,3537,16,,,0,100,,3538,16,,,0,99,,3539,16,,,0,100,,3540,16,,,0,100,,3541,16,,,0
5500,'236.0.2',739,,3542,16,,,0,100,,3543,16,,,0,100,,3544,16,,,0,101,,3545,16,,,0,100,,3546,16,,,0,100,,3547,16,,,0,100,,3548,16,,,0,100,,3549,16,,,0,100,,3550,16,,,0,100,,3551,16,,,0,100,,3552,16,,,0,99,,3553,16,,,0,100,,3554,16,,,0,100,,3555,16,,,0,100,,3556,16,,,0
5500,'236.0.3',627,,3557,16,,,0,30,,3575,16,,,0,70,,3558,16,,,0,32,,3559,16,,,0,100,,3560,16,,,0,85,,3561,16,,,0,100,,3562,16,,,0,100,,3563,16,,,0,101,,3564,16,,,0,100,,3565,16,,,0,100,,3566,16,,,0,85,,3567,16,,,0,101,,3568,16,,,0,74,,3576,16,,,0,30,,3569,16,,,0,24,,3570,16,,,0,75,,3571,16,,,0,100,,3572,16,,,0,110,,3573,16,,,0,100,,3574,16,,,0
6700,'236.0.1',755,,4539,2,,,0,100,,4540,2,,,0,104,,4541,2,,,0,100,,4542,2,,,0,100,,4543,2,,,0,100,,4544,2,,,0,100,,4545,2,,,0,100,,4546,2,,,0,100,,4547,2,,,0,100,,4548,2,,,0,100,,4549,2,,,0,96,,4550,2,,,0,100,,4551,2,,,0,100,,4552,2,,,0,100,,4553,2,,,0,100,,4554,2,,,0
6700,'236.0.2',753,,4555,2,,,0,100,,4556,2,,,0,100,,4557,2,,,0,106,,4558,2,,,0,100,,4559,2,,,0,100,,4560,2,,,0,100,,4561,2,,,0,100,,4562,2,,,0,100,,4563,2,,,0,100,,4564,2,,,0,97,,4565,2,,,0,100,,4566,2,,,0,100,,4567,2,,,0,100,,4568,2,,,0,97,,4569,2,,,0,100,,4570,2,,,0
6700,'236.0.3',606,,4571,2,,,0,30,,4572,2,,,0,70,,4573,2,,,0,30,,4574,2,,,0,70,,4575,2,,,0,30,,4576,2,,,0,70,,4577,2,,,0,100,,4578,2,,,0,97,,4579,2,,,0,100,,4580,2,,,0,100,,4581,2,,,0,100,,4582,2,,,0,99,,4583,2,,,0,30,,4584,2,,,0,70,,4585,2,,,0,30,,4586,2,,,0,70,,4587,2,,,0,31,,4588,2,,,0,74,,4589,2,,,0,30,,4590,2,,,0,100,,4591,2,,,0,100,,4592,2,,,0,100,,4593,2,,,0,100,,4594,2,,,0
7201,'236.0.1',644,,4834,12,,,0,77,,4835,32,,,0,30,,4836,32,,,0,70,,4837,32,,,0,30,,4838,32,,,0,70,,4839,32,,,0,30,,4840,32,,,0,75,,4841,32,,,0,30,,4842,32,,,0,70,,4843,32,,,0,76,,4844,32,,,0,30,,4845,32,,,0,70,,4846,32,,,0,30,,4847,32,,,0,70,,4848,32,,,0,30,,4849,32,,,0,70,,4850,32,,,0,30,,4851,32,,,0,70,,4852,32,,,0,30,,4853,32,,,0,70,,4854,32,,,0,30,,4855,32,,,0,70,,4856,32,,,0,27,,4857,32,,,0,25,,4858,32,,,0,70,,4859,32,,,0,100,,4860,32,,,0,100,,4861,32,,,0,100,,4862,32,,,0,100,,4863,32,,,0,100,,4864,32,,,0
7201,'236.0.2',720,,4865,12,,,0,100,,4866,32,,,0,100,,4867,32,,,0,100,,4868,32,,,0,104,,4869,32,,,0,106,,4870,32,,,0,100,,4871,32,,,0,100,,4872,32,,,0,100,,4873,32,,,0,100,,4874,32,,,0,100,,4875,32,,,0,96,,4876,32,,,0,100,,4877,32,,,0,92,,4878,32,,,0,100,,4879,32,,,0,100,,4880,32,,,0,100,,4881,32,,,0
7201,'236.0.3',656,,4882,32,,,0,70,,4883,32,,,0,30,,4884,32,,,0,73,,4885,32,,,0,72,,4886,32,,,0,32,,4887,32,,,0,70,,4888,32,,,0,28,,4889,32,,,0,70,,4890,32,,,0,30,,4891,32,,,0,70,,4892,32,,,0,30,,4893,32,,,0,70,,4894,32,,,0,30,,4895,32,,,0,70,,4896,32,,,0,30,,4897,32,,,0,72,,4898,32,,,0,30,,4899,32,,,0,71,,4900,32,,,0,31,,4901,32,,,0,70,,4902,32,,,0,30,,4903,32,,,0,70,,4904,32,,,0,30,,4905,32,,,0,24,,4906,32,,,0,64,,4907,32,,,0,100,,4908,32,,,0,100,,4909,32,,,0,100,,4910,32,,,0,100,,4911,32,,,0
3001000,'236.0.1',632,,8621,36,0,14,0,100,,8622,36,0,14,0,70,,8623,36,0,14,0,30,,8624,36,0,14,0,70,,8625,36,0,14,0,31,,8626,36,0,14,0,73,,8627,36,0,14,0,30,,8628,36,0,14,0,70,,8629,36,0,14,0,30,,8630,36,0,14,0,73,,8631,36,0,14,0,30,,8632,36,0,14,0,70,,8633,36,0,14,0,30,,8634,36,0,14,0,70,,8635,36,0,14,0,30,,8636,36,0,14,0,70,,8637,36,0,14,0,30,,8638,36,0,14,0,70,,8639,36,0,14,0,30,,8640,36,0,14,0,70,,8641,36,0,14,0,30,,8642,36,0,14,0,70,,8643,36,0,14,0,30,,8644,36,0,14,0,68,,8645,36,0,14,0,30,,8646,36,0,14,0,100,,8647,36,0,14,0,100,,8648,36,0,14,0,96,,8649,36,0,14,0,100,,8650,36,0,14,0,100,,8651,36,0,14,0
3001000,'236.0.2',630,,8653,36,0,14,0,100,,8654,36,0,14,0,70,,8655,36,0,14,0,30,,8656,36,0,14,0,70,,8657,36,0,14,0,30,,8658,36,0,14,0,70,,8659,36,0,14,0,34,,8660,36,0,14,0,70,,8661,36,0,14,0,30,,8662,36,0,14,0,70,,8663,36,0,14,0,30,,8664,36,0,14,0,70,,8665,36,0,14,0,30,,8666,36,0,14,0,70,,8667,36,0,14,0,33,,8668,36,0,14,0,70,,8669,36,0,14,0,30,,8670,36,0,14,0,70,,8671,36,0,14,0,30,,8672,36,0,14,0,70,,8673,36,0,14,0,30,,8674,36,0,14,0,70,,8675,36,0,14,0,30,,8676,36,0,14,0,100,,8677,36,0,14,0,96,,8678,36,0,14,0,100,,8679,36,0,14,0,100,,8680,36,0,14,0,100,,8681,36,0,14,0
3001000,'236.0.3',621,,8685,36,0,14,0,19,,8686,36,0,14,0,60,,8687,36,0,14,0,19,,8688,36,0,14,0,18,,8689,36,0,14,0,17,,8690,36,0,14,0,60,,8691,36,0,14,0,33,,8692,36,0,14,0,60,,8693,36,0,14,0,20,,8694,36,0,14,0,28,,8695,36,0,14,0,70,,8696,36,0,14,0,30,,8697,36,0,14,0,70,,8698,36,0,14,0,30,,8699,36,0,14,0,70,,8700,36,0,14,0,30,,8701,36,0,14,0,70,,8702,36,0,14,0,30,,8703,36,0,14,0,70,,8704,36,0,14,0,20,,8705,36,0,14,0,60,,8706,36,0,14,0,20,,8707,36,0,14,0,20,,8708,36,0,14,0,67,,8709,36,0,14,0,23,,8710,36,0,14,0,20,,8711,36,0,14,0,60,,8712,36,0,14,0,18,,8713,36,0,14,0,19,,8714,36,0,14,0,60,,8715,36,0,14,0,13,,8716,36,0,14,0,16,,8717,36,0,14,0,60,,8718,36,0,14,0,20,,8719,36,0,14,0,19,,8720,36,0,14,0,70,,8721,36,0,14,0,30,,8722,36,0,14,0,70,,8723,36,0,14,0,30,,8724,36,0,14,0,69,,8725,36,0,14,0,27,,8726,36,0,14,0,70,,8727,36,0,14,0,30,,8728,36,0,14,0,70,,8729,36,0,14,0,30,,8730,36,0,14,0
