18300,'220.0.3',1537,,9057,,,0,71,,9058,,,0,37,,9059,,,0,72,,9060,,,0,24,,9061,,,0,63,,9062,,,0,29,,9063,,,0
18300,'220.0.4',1537,,9064,,,0,71,,9065,,,0,37,,9066,,,0,72,,9067,,,0,24,,9068,,,0,63,,9069,,,0,29,,9070,,,0
18301,'220.0.3',622,,9071,,,0,30,,9072,,,0,70,,9073,,,0,30,,9074,,,0,70,,9075,,,0,30,,9076,,,0
18301,'220.0.4',622,,9077,,,0,30,,9078,,,0,70,,9079,,,0,30,,9080,,,0,70,,9081,,,0,30,,9082,,,0
18500,'220.0.3',1545,,9083,,,0,55,,9084,,,0,15,,9085,,,0,20,,9086,,,0,15,,9087,,,0,60,,9088,,,0,15,,9089,,,0,15,,9090,,,0,8,,9091,,,0,8,,9094,,,0,55,,9092,,,0,15,,9095,,,0,15,,9093,,,0,15,,9096,,,0
18500,'220.0.4',1545,,9097,,,0,55,,9098,,,0,15,,9099,,,0,20,,9100,,,0,15,,9101,,,0,60,,9102,,,0,15,,9103,,,0,15,,9104,,,0,8,,9105,,,0,8,,9108,,,0,55,,9106,,,0,15,,9109,,,0,15,,9107,,,0,15,,9110,,,0
18501,'220.0.3',600,,9111,,,0,15,,9121,,,0,15,,9112,,,0,15,,9113,,,0,55,,9114,,,0,15,,9120,,,0,15,,9115,,,0,15,,9116,,,0,55,,9117,,,0,15,,9118,,,0,15,,9119,,,0,15,,9122,,,0
18501,'220.0.4',600,,9123,,,0,15,,9133,,,0,15,,9124,,,0,15,,9125,,,0,55,,9126,,,0,15,,9132,,,0,15,,9127,,,0,15,,9128,,,0,55,,9129,,,0,15,,9130,,,0,15,,9131,,,0,15,,9134,,,0
18600,'220.0.3',1552,,9135,,,0,75,,9136,,,0,74,,9137,,,0,29,,9140,,,0,22,,9138,,,0,66,,9139,,,0
18600,'220.0.4',1552,,9141,,,0,75,,9142,,,0,74,,9143,,,0,29,,9146,,,0,22,,9144,,,0,66,,9145,,,0
18601,'220.0.3',607,,9147,,,0,30,,9148,,,0,70,,9149,,,0,30,,9150,,,0,70,,9151,,,0,30,,9152,,,0
18601,'220.0.4',607,,9153,,,0,30,,9154,,,0,70,,9155,,,0,30,,9156,,,0,70,,9157,,,0,30,,9158,,,0
