800,'236.0.1',607,,1718,38,,,0,30,,1719,38,,,0,70,,1720,38,,,0,30,,1721,38,,,0,71,,1722,38,,,0,23,,1723,38,,,0,22,,1724,38,,,0,70,,1725,38,,,0,30,,1726,38,,,0,70,,1727,38,,,0,31,,1728,38,,,0,69,,1729,38,,,0,30,,1730,38,,,0,70,,1731,38,,,0,30,,1732,38,,,0,70,,1733,38,,,0,30,,1734,38,,,0,70,,1735,38,,,0,32,,1736,38,,,0,70,,1737,38,,,0,30,,1738,38,,,0,70,,1739,38,,,0,30,,1740,38,,,0,70,,1741,38,,,0,30,,1742,38,,,0,69,,1743,38,,,0,30,,1744,38,,,0,70,,1745,38,,,0,30,,1746,38,,,0,70,,1747,38,,,0,30,,1748,38,,,0,70,,1749,38,,,0,30,,1750,38,,,0,70,,1751,38,,,0,26,,1752,38,,,0,69,,1753,38,,,0,30,,1754,38,,,0,100,,1755,38,,,0
800,'236.0.2',625,,1756,38,,,0,30,,1757,38,,,0,70,,1758,38,,,0,30,,1759,38,,,0,70,,1760,38,,,0,30,,1761,38,,,0,70,,1762,38,,,0,30,,1763,38,,,0,70,,1764,38,,,0,34,,1765,38,,,0,70,,1766,38,,,0,25,,1767,38,,,0,71,,1768,38,,,0,32,,1769,38,,,0,70,,1770,38,,,0,30,,1771,38,,,0,70,,1772,38,,,0,30,,1773,38,,,0,70,,1774,38,,,0,30,,1775,38,,,0,70,,1776,38,,,0,75,,1777,38,,,0,29,,1778,38,,,0,70,,1779,38,,,0,30,,1780,38,,,0,69,,1781,38,,,0,28,,1782,38,,,0,30,,1783,38,,,0,68,,1784,38,,,0,29,,1785,38,,,0,70,,1786,38,,,0,30,,1787,38,,,0,70,,1788,38,,,0,30,,1789,38,,,0,100,,1790,38,,,0,100,,1791,38,,,0
800,'236.0.3',556,,1794,38,,,0,70,,1795,38,,,0,30,,1796,38,,,0,77,,1797,38,,,0,72,,1798,38,,,0,31,,1799,38,,,0,70,,1800,38,,,0,30,,1801,38,,,0,70,,1802,38,,,0,20,,1803,38,,,0,20,,1804,38,,,0,60,,1805,38,,,0,20,,1806,38,,,0,20,,1807,38,,,0,60,,1808,38,,,0,20,,1809,38,,,0,20,,1810,38,,,0,60,,1811,38,,,0,20,,1812,38,,,0,20,,1813,38,,,0,60,,1814,38,,,0,20,,1815,38,,,0,20,,1816,38,,,0,61,,1817,38,,,0,29,,1818,38,,,0,64,,1819,38,,,0,20,,1820,38,,,0,20,,1821,38,,,0,60,,1822,38,,,0,20,,1823,38,,,0,20,,1824,38,,,0,60,,1825,38,,,0,17,,1826,38,,,0,26,,1827,38,,,0,10,,1842,38,,,0,50,,1828,38,,,0,30,,1829,38,,,0,70,,1830,38,,,0,30,,1831,38,,,0,69,,1832,38,,,0,28,,1833,38,,,0,29,,1834,38,,,0,70,,1835,38,,,0,30,,1836,38,,,0,70,,1837,38,,,0,30,,1838,38,,,0,70,,1839,38,,,0,30,,1840,38,,,0,70,,1841,38,,,0
9000,'236.0.1',631,,5717,33,,,0,25,,5718,33,,,0,70,,5719,33,,,0,30,,5720,33,,,0,70,,5721,33,,,0,25,,5722,33,,,0,70,,5723,33,,,0,30,,5724,33,,,0,66,,5725,33,,,0,33,,5726,33,,,0,70,,5727,33,,,0,30,,5728,33,,,0,70,,5729,33,,,0,27,,5730,33,,,0,70,,5731,33,,,0,30,,5732,33,,,0,70,,5733,33,,,0,30,,5734,33,,,0,70,,5735,33,,,0,30,,5736,33,,,0,70,,5737,33,,,0,33,,5738,33,,,0,70,,5739,33,,,0,30,,5740,33,,,0,70,,5741,33,,,0,30,,5742,33,,,0,70,,5743,33,,,0,30,,5744,33,,,0,70,,5745,33,,,0,104,,5746,33,,,0,100,,5747,33,,,0,100,,5748,33,,,0,100,,5749,33,,,0
9000,'236.0.2',619,,5750,33,,,0,100,,5751,33,,,0,100,,5752,33,,,0,95,,5753,33,,,0,97,,5754,33,,,0,101,,5755,33,,,0,102,,5756,33,,,0,100,,5757,33,,,0,98,,5758,33,,,0,100,,5759,33,,,0,100,,5760,33,,,0,100,,5761,33,,,0,103,,5762,33,,,0,103,,5763,33,,,0,101,,5764,33,,,0,100,,5765,33,,,0,100,,5766,33,,,0,100,,5767,33,,,0
9000,'236.0.3',617,,5801,33,,,0,15,,5800,33,,,0,15,,5768,33,,,0,55,,5802,33,,,0,15,,5769,33,,,0,15,,5803,33,,,0,15,,5770,33,,,0,55,,5804,33,,,0,20,,5771,33,,,0,30,,5772,33,,,0,65,,5773,33,,,0,31,,5774,33,,,0,69,,5775,33,,,0,30,,5776,33,,,0,70,,5777,33,,,0,28,,5778,33,,,0,71,,5779,33,,,0,30,,5780,33,,,0,70,,5781,33,,,0,30,,5782,33,,,0,70,,5783,33,,,0,36,,5784,33,,,0,57,,5805,33,,,0,15,,5785,33,,,0,15,,5806,33,,,0,15,,5786,33,,,0,55,,5807,33,,,0,15,,5787,33,,,0,15,,5808,33,,,0,15,,5812,33,,,0,55,,5809,33,,,0,15,,5788,33,,,0,15,,5810,33,,,0,13,,5789,33,,,0,50,,5811,33,,,0,12,,5790,33,,,0,35,,5791,33,,,0,70,,5792,33,,,0,30,,5793,33,,,0,70,,5794,33,,,0,30,,5795,33,,,0,100,,5796,33,,,0,97,,5797,33,,,0,100,,5798,33,,,0,100,,5799,33,,,0
9100,'236.0.1',723,,5910,16,,,0,100,,5911,16,,,0,100,,5912,16,,,0,100,,5913,16,,,0,100,,5914,16,,,0,100,,5915,16,,,0,100,,5916,16,,,0,100,,5917,16,,,0,100,,5918,16,,,0,100,,5919,16,,,0,100,,5920,16,,,0,100,,5921,16,,,0,100,,5922,16,,,0,100,,5923,16,,,0,100,,5924,16,,,0,100,,5925,16,,,0
9100,'236.0.2',752,,5926,16,,,0,100,,5927,16,,,0,100,,5928,16,,,0,100,,5929,16,,,0,100,,5930,16,,,0,100,,5931,16,,,0,100,,5932,16,,,0,100,,5933,16,,,0,100,,5934,16,,,0,100,,5935,16,,,0,100,,5936,16,,,0,100,,5937,16,,,0,100,,5938,16,,,0,100,,5939,16,,,0,100,,5940,16,,,0
9100,'236.0.3',633,,5941,16,,,0,24,,5942,16,,,0,68,,5943,16,,,0,76,,5944,16,,,0,29,,5945,16,,,0,70,,5946,16,,,0,100,,5947,16,,,0,103,,5948,16,,,0,100,,5949,16,,,0,99,,5950,16,,,0,101,,5951,16,,,0,101,,5952,16,,,0,30,,5953,16,,,0,70,,5954,16,,,0,30,,5955,16,,,0,70,,5956,16,,,0,30,,5957,16,,,0,71,,5958,16,,,0,29,,5959,16,,,0,97,,5960,16,,,0,100,,5961,16,,,0,100,,5962,16,,,0,100,,5963,16,,,0
9300,'236.0.3',1541,,6019,24,,,0,66,,6020,24,,,0,42,,6021,24,,,0,62,,6022,24,,,0,35,,6023,24,,,0,60,,6024,24,,,0,30,,6025,24,,,0
