5901,'236.0.1',645,,3992,23,,,0,100,,3993,23,,,0,100,,3994,23,,,0,100,,3995,23,,,0,101,,3996,23,,,0,100,,3997,23,,,0,100,,3998,23,,,0,100,,3999,23,,,0,100,,4000,23,,,0,100,,4001,23,,,0,100,,4002,23,,,0,100,,4003,23,,,0,99,,4004,23,,,0,100,,4005,23,,,0,100,,4006,23,,,0,100,,4007,23,,,0,100,,4008,23,,,0,100,,4009,23,,,0
5901,'236.0.2',745,,4010,23,,,0,100,,4011,23,,,0,100,,4012,23,,,0,101,,4013,23,,,0,100,,4014,23,,,0,100,,4015,23,,,0,100,,4016,23,,,0,100,,4017,23,,,0,100,,4018,23,,,0,100,,4019,23,,,0,100,,4020,23,,,0,99,,4021,23,,,0,100,,4022,23,,,0,100,,4023,23,,,0,100,,4024,23,,,0,100,,4025,23,,,0
5901,'236.0.3',927,,4026,23,,,0,100,,4027,23,,,0,100,,4028,23,,,0,100,,4029,23,,,0,101,,4030,23,,,0,100,,4031,23,,,0,100,,4032,23,,,0,30,,4033,23,,,0,61,,4034,23,,,0,24,,4035,23,,,0,63,,4036,23,,,0,22,,4037,23,,,0,18,,4038,23,,,0,13,,4047,23,,,0,57,,4039,23,,,0,18,,4040,23,,,0,101,,4041,23,,,0,100,,4042,23,,,0,100,,4043,23,,,0,100,,4044,23,,,0,100,,4045,23,,,0,100,,4046,23,,,0
6101,'236.0.1',651,,4099,38,,,0,100,,4100,38,,,0,100,,4101,38,,,0,103,,4102,38,,,0,100,,4103,38,,,0,102,,4104,38,,,0,100,,4105,38,,,0,100,,4106,38,,,0,100,,4107,38,,,0,100,,4108,38,,,0,100,,4109,38,,,0,100,,4110,38,,,0,100,,4111,38,,,0,96,,4112,38,,,0,100,,4113,38,,,0,98,,4114,38,,,0,100,,4115,38,,,0,100,,4116,38,,,0
6101,'236.0.2',751,,4117,38,,,0,100,,4118,38,,,0,100,,4119,38,,,0,100,,4120,38,,,0,102,,4121,38,,,0,100,,4122,38,,,0,103,,4123,38,,,0,100,,4124,38,,,0,100,,4125,38,,,0,100,,4126,38,,,0,100,,4127,38,,,0,96,,4128,38,,,0,98,,4129,38,,,0,100,,4130,38,,,0,100,,4131,38,,,0,100,,4132,38,,,0
6101,'236.0.3',930,,4133,38,,,0,98,,4134,38,,,0,100,,4135,38,,,0,101,,4136,38,,,0,101,,4137,38,,,0,100,,4138,38,,,0,100,,4139,38,,,0,102,,4140,38,,,0,73,,4141,38,,,0,35,,4142,38,,,0,70,,4143,38,,,0,25,,4144,38,,,0,24,,4145,38,,,0,98,,4146,38,,,0,100,,4147,38,,,0,98,,4148,38,,,0,100,,4149,38,,,0
6300,'236.0.1',814,,4262,31,,,0,100,,4263,31,,,0,100,,4264,31,,,0,100,,4265,31,,,0,100,,4266,31,,,0,100,,4267,31,,,0,100,,4268,31,,,0,101,,4269,31,,,0,100,,4270,31,,,0,100,,4271,31,,,0,100,,4272,31,,,0,100,,4273,31,,,0,97,,4274,31,,,0,99,,4275,31,,,0,100,,4276,31,,,0,100,,4277,31,,,0
6300,'236.0.2',743,,4278,31,,,0,100,,4279,31,,,0,100,,4280,31,,,0,100,,4281,31,,,0,100,,4282,31,,,0,100,,4283,31,,,0,100,,4284,31,,,0,100,,4285,31,,,0,98,,4286,31,,,0,100,,4287,31,,,0,100,,4288,31,,,0,100,,4289,31,,,0,100,,4290,31,,,0,100,,4291,31,,,0,100,,4292,31,,,0
6300,'236.0.3',708,,4293,31,,,0,30,,4294,31,,,0,70,,4295,31,,,0,30,,4296,31,,,0,70,,4297,31,,,0,30,,4298,31,,,0,70,,4299,31,,,0,16,,4300,31,,,0,100,,4301,31,,,0,100,,4302,31,,,0,100,,4303,31,,,0,100,,4304,31,,,0,101,,4305,31,,,0,115,,4306,31,,,0,70,,4307,31,,,0,28,,4308,31,,,0,70,,4309,31,,,0,29,,4310,31,,,0,69,,4311,31,,,0,30,,4312,31,,,0,100,,4313,31,,,0,100,,4314,31,,,0,100,,4315,31,,,0
6801,'236.0.1',631,,4704,30,,,0,100,,4705,30,,,0,100,,4706,30,,,0,100,,4707,30,,,0,102,,4708,30,,,0,101,,4709,30,,,0,100,,4710,30,,,0,100,,4711,30,,,0,100,,4712,30,,,0,100,,4713,30,,,0,100,,4714,30,,,0,99,,4715,30,,,0,100,,4716,30,,,0,100,,4717,30,,,0,99,,4718,30,,,0,100,,4719,30,,,0,100,,4720,30,,,0,100,,4721,30,,,0,100,,4722,30,,,0
6801,'236.0.2',731,,4723,30,,,0,100,,4724,30,,,0,100,,4725,30,,,0,100,,4726,30,,,0,101,,4727,30,,,0,101,,4728,30,,,0,101,,4729,30,,,0,100,,4730,30,,,0,100,,4731,30,,,0,100,,4732,30,,,0,99,,4733,30,,,0,100,,4734,30,,,0,99,,4735,30,,,0,99,,4736,30,,,0,100,,4737,30,,,0,100,,4738,30,,,0
6801,'236.0.3',955,,4739,30,,,0,100,,4740,30,,,0,100,,4741,30,,,0,101,,4742,30,,,0,102,,4743,30,,,0,100,,4744,30,,,0,100,,4745,30,,,0,81,,4746,30,,,0,76,,4747,30,,,0,31,,4748,30,,,0,69,,4749,30,,,0,23,,4750,30,,,0,66,,4751,30,,,0,119,,4752,30,,,0,100,,4753,30,,,0,100,,4754,30,,,0,100,,4755,30,,,0,100,,4756,30,,,0
15901,'236.0.3',556,,6146,22,,,0,60,,6154,22,,,0,20,,6147,22,,,0,20,,6148,22,,,0,60,,6149,22,,,0,20,,6150,22,,,0,20,,6151,22,,,0,61,,6152,22,,,0,19,,6153,22,,,0
16100,'236.0.3',600,,6155,35,,,0,30,,6156,35,,,0,70,,6157,35,,,0,30,,6158,35,,,0,70,,6159,35,,,0,30,,6160,35,,,0
40100,'236.0.1',756,,6454,46,,,0,501,,6455,46,,,0,600,,6456,46,,,0
40100,'236.0.2',756,,6457,46,,,0,501,,6458,46,,,0,600,,6459,46,,,0
40100,'236.0.3',621,,6461,46,,,0,136,,6465,46,,,0,175,,6466,46,,,0,175,,6463,46,,,0,615,,6460,46,,,0,179,,6464,46,,,0,139,,6462,46,,,0
1016801,'236.0.3',622,,7465,25,,,0,30,,7466,25,,,0,70,,7467,25,,,0,30,,7468,25,,,0,70,,7469,25,,,0,30,,7470,25,,,0
2016801,'236.0.3',609,,8480,30,,,0,30,,8481,30,,,0,70,,8482,30,,,0,30,,8483,30,,,0,70,,8484,30,,,0,30,,8485,30,,,0
