301,'236.0.1',646,,14021,,,0,100,,14022,,,0,100,,14023,,,0,70,,14024,,,0,30,,14025,,,0,70,,14026,,,0,33,,14027,,,0,74,,14028,,,0,30,,14029,,,0,70,,14030,,,0,30,,14031,,,0,70,,14032,,,0,30,,14033,,,0,70,,14034,,,0,30,,14035,,,0,70,,14036,,,0,30,,14037,,,0,70,,14038,,,0,30,,14039,,,0,70,,14040,,,0,30,,14041,,,0,67,,14042,,,0,26,,14043,,,0,70,,14044,,,0,30,,14045,,,0,70,,14046,,,0,30,,14047,,,0,70,,14048,,,0,30,,14049,,,0,70,,14050,,,0,30,,14051,,,0,70,,14052,,,0,30,,14053,,,0,70,,14054,,,0,30,,14055,,,0,70,,14056,,,0
301,'236.0.2',642,,14057,,,0,100,,14058,,,0,100,,14059,,,0,70,,14060,,,0,30,,14061,,,0,60,,14062,,,0,20,,14063,,,0,24,,14064,,,0,62,,14065,,,0,20,,14066,,,0,20,,14067,,,0,60,,14068,,,0,20,,14069,,,0,20,,14070,,,0,60,,14071,,,0,20,,14072,,,0,20,,14073,,,0,60,,14074,,,0,20,,14075,,,0,20,,14076,,,0,60,,14077,,,0,20,,14078,,,0,20,,14079,,,0,60,,14080,,,0,20,,14081,,,0,20,,14082,,,0,60,,14083,,,0,20,,14084,,,0,20,,14085,,,0,60,,14086,,,0,20,,14087,,,0,20,,14088,,,0,70,,14089,,,0,30,,14090,,,0,70,,14091,,,0,30,,14092,,,0,67,,14093,,,0,27,,14094,,,0,70,,14095,,,0,30,,14096,,,0,70,,14097,,,0,30,,14098,,,0,70,,14099,,,0,30,,14100,,,0
301,'236.0.3',619,,14101,,,0,30,,14102,,,0,55,,14103,,,0,15,,14104,,,0,15,,14105,,,0,17,,14106,,,0,59,,14107,,,0,18,,14108,,,0,15,,14109,,,0,15,,14110,,,0,55,,14111,,,0,15,,14112,,,0,15,,14113,,,0,13,,14114,,,0,56,,14115,,,0,20,,14116,,,0,20,,14117,,,0,60,,14118,,,0,20,,14119,,,0,20,,14120,,,0,60,,14121,,,0,20,,14122,,,0,20,,14123,,,0,60,,14124,,,0,20,,14125,,,0,20,,14126,,,0,60,,14127,,,0,20,,14128,,,0,20,,14129,,,0,62,,14130,,,0,25,,14131,,,0,62,,14132,,,0,15,,14133,,,0,15,,14134,,,0,15,,14135,,,0,55,,14136,,,0,15,,14137,,,0,15,,14138,,,0,15,,14139,,,0,54,,14140,,,0,11,,14141,,,0,11,,14142,,,0,13,,14143,,,0,14,,14144,,,0,55,,14145,,,0,15,,14146,,,0,20,,14147,,,0,20,,14148,,,0,60,,14149,,,0,20,,14150,,,0,20,,14151,,,0,60,,14152,,,0,20,,14153,,,0,10,,14154,,,0,70,,14155,,,0,25,,14156,,,0,67,,14157,,,0,30,,14158,,,0,73,,14159,,,0,30,,14160,,,0,70,,14161,,,0
3901,'236.0.1',623,,16209,,,0,30,,16210,,,0,70,,16211,,,0,30,,16212,,,0,70,,16213,,,0,31,,16214,,,0,70,,16215,,,0,30,,16216,,,0,70,,16217,,,0,30,,16218,,,0,70,,16219,,,0,30,,16220,,,0,70,,16221,,,0,30,,16222,,,0,70,,16223,,,0,30,,16224,,,0,70,,16225,,,0,30,,16226,,,0,70,,16227,,,0,30,,16228,,,0,70,,16229,,,0,30,,16230,,,0,70,,16231,,,0,30,,16232,,,0,70,,16233,,,0,30,,16234,,,0,70,,16235,,,0,30,,16236,,,0,70,,16237,,,0,30,,16238,,,0,70,,16239,,,0,30,,16240,,,0,70,,16241,,,0,30,,16242,,,0,70,,16243,,,0
3901,'236.0.2',653,,16244,,,0,100,,16245,,,0,100,,16246,,,0,100,,16247,,,0,101,,16248,,,0,100,,16249,,,0,100,,16250,,,0,100,,16251,,,0,100,,16252,,,0,100,,16253,,,0,100,,16254,,,0,100,,16255,,,0,100,,16256,,,0,100,,16257,,,0,100,,16258,,,0,100,,16259,,,0
3901,'236.0.3',605,,16260,,,0,30,,16261,,,0,71,,16262,,,0,30,,16263,,,0,70,,16264,,,0,30,,16265,,,0,70,,16266,,,0,30,,16267,,,0,70,,16268,,,0,30,,16269,,,0,70,,16270,,,0,30,,16271,,,0,70,,16272,,,0,30,,16273,,,0,70,,16274,,,0,30,,16275,,,0,70,,16276,,,0,30,,16277,,,0,70,,16278,,,0,31,,16279,,,0,70,,16280,,,0,30,,16281,,,0,70,,16282,,,0,30,,16283,,,0,69,,16284,,,0,100,,16285,,,0,100,,16286,,,0,100,,16287,,,0,100,,16288,,,0,100,,16289,,,0
6400,'236.0.3',603,,17421,,,0,15,,17422,,,0,15,,17423,,,0,15,,17424,,,0,55,,17425,,,0,15,,17426,,,0,15,,17427,,,0,15,,17428,,,0,55,,17429,,,0,15,,17430,,,0,15,,17431,,,0,15,,17432,,,0,55,,17433,,,0,16,,17434,,,0,100,,17435,,,0,100,,17436,,,0,100,,17437,,,0,100,,17438,,,0,100,,17439,,,0,100,,17440,,,0,29,,17441,,,0,55,,17442,,,0,15,,17443,,,0,15,,17444,,,0,15,,17445,,,0,55,,17446,,,0,15,,17447,,,0,15,,17448,,,0,15,,17449,,,0,55,,17450,,,0,15,,17451,,,0,15,,17452,,,0,100,,17453,,,0
6401,'236.0.3',646,,17454,4,,0,55,,17455,4,,0,15,,17456,4,,0,15,,17457,4,,0,15,,17458,4,,0,55,,17459,4,,0,15,,17460,4,,0,15,,17461,4,,0,15,,17462,4,,0,55,,17463,4,,0,13,,17464,4,,0,13,,17465,4,,0,14,,17466,4,,0,68,,17467,4,,0,100,,17468,4,,0,100,,17469,4,,0,100,,17470,4,,0,100,,17471,4,,0,100,,17472,4,,0,36,,17473,4,,0,58,,17474,4,,0,16,,17475,4,,0,15,,17476,4,,0,15,,17477,4,,0,55,,17478,4,,0,15,,17479,4,,0,15,,17480,4,,0,15,,17481,4,,0,54,,17482,4,,0,12,,17483,4,,0,12,,17484,4,,0,14,,17485,4,,0,15,,17486,4,,0,55,,17487,4,,0,100,,17488,4,,0
7200,'236.0.1',629,,17807,,,0,30,,17808,,,0,70,,17809,,,0,30,,17810,,,0,70,,17811,,,0,30,,17812,,,0,70,,17813,,,0,30,,17814,,,0,70,,17815,,,0,73,,17816,,,0,30,,17817,,,0,70,,17818,,,0,30,,17819,,,0,70,,17820,,,0,30,,17821,,,0,70,,17822,,,0,30,,17823,,,0,70,,17824,,,0,30,,17825,,,0,70,,17826,,,0,30,,17827,,,0,70,,17828,,,0,30,,17829,,,0,27,,17830,,,0,70,,17831,,,0,100,,17832,,,0,100,,17833,,,0,100,,17834,,,0,100,,17835,,,0,100,,17836,,,0
7200,'236.0.2',729,,17837,,,0,100,,17838,,,0,100,,17839,,,0,100,,17840,,,0,103,,17841,,,0,100,,17842,,,0,100,,17843,,,0,100,,17844,,,0,100,,17845,,,0,100,,17846,,,0,100,,17847,,,0,100,,17848,,,0,95,,17849,,,0,100,,17850,,,0,100,,17851,,,0,100,,17852,,,0
7200,'236.0.3',630,,17853,,,0,70,,17854,,,0,30,,17855,,,0,71,,17856,,,0,30,,17857,,,0,70,,17858,,,0,28,,17859,,,0,30,,17860,,,0,70,,17861,,,0,30,,17862,,,0,70,,17863,,,0,30,,17864,,,0,70,,17865,,,0,30,,17866,,,0,70,,17867,,,0,30,,17868,,,0,70,,17869,,,0,71,,17870,,,0,30,,17871,,,0,70,,17872,,,0,30,,17873,,,0,70,,17874,,,0,30,,17875,,,0,70,,17876,,,0,29,,17877,,,0,30,,17878,,,0,70,,17879,,,0,100,,17880,,,0,100,,17881,,,0,100,,17882,,,0,100,,17883,,,0
8700,'236.0.1',641,,18515,,,0,70,,18516,,,0,30,,18517,,,0,70,,18518,,,0,30,,18519,,,0,70,,18520,,,0,27,,18521,,,0,70,,18522,,,0,30,,18523,,,0,70,,18524,,,0,30,,18525,,,0,70,,18526,,,0,30,,18527,,,0,70,,18528,,,0,30,,18529,,,0,70,,18530,,,0,29,,18531,,,0,71,,18532,,,0,30,,18533,,,0,71,,18534,,,0,30,,18535,,,0,70,,18536,,,0,30,,18537,,,0,70,,18538,,,0,30,,18539,,,0,103,,18540,,,0,100,,18541,,,0,100,,18542,,,0,100,,18543,,,0,100,,18544,,,0
8700,'236.0.2',646,,18545,,,0,100,,18546,,,0,100,,18547,,,0,100,,18548,,,0,100,,18549,,,0,101,,18550,,,0,98,,18551,,,0,100,,18552,,,0,100,,18553,,,0,100,,18554,,,0,100,,18555,,,0,102,,18556,,,0,100,,18557,,,0,100,,18558,,,0,100,,18559,,,0,100,,18560,,,0,100,,18561,,,0
8700,'236.0.3',648,,18562,,,0,70,,18563,,,0,30,,18564,,,0,70,,18565,,,0,30,,18566,,,0,70,,18567,,,0,30,,18568,,,0,70,,18569,,,0,30,,18570,,,0,70,,18571,,,0,30,,18572,,,0,70,,18573,,,0,30,,18574,,,0,70,,18575,,,0,30,,18576,,,0,70,,18577,,,0,30,,18578,,,0,70,,18579,,,0,31,,18580,,,0,73,,18581,,,0,30,,18582,,,0,67,,18583,,,0,30,,18584,,,0,68,,18585,,,0,90,,18586,,,0,100,,18587,,,0,100,,18588,,,0,100,,18589,,,0,100,,18590,,,0,100,,18591,,,0
