1001001,'220.0.3',635,,10491,,,0,20,,10492,,,0,60,,10493,,,0,20,,10494,,,0,20,,10495,,,0,60,,10496,,,0,20,,10497,,,0,20,,10498,,,0,60,,10499,,,0,505,,10500,,,0,15,,10501,,,0,24,,10502,,,0,61,,10503,,,0,20,,10504,,,0,60,,10505,,,0,20,,10506,,,0,25,,10507,,,0,64,,10508,,,0,22,,10509,,,0,20,,10510,,,0,49,,10511,,,0,20,,10512,,,0
1001001,'220.0.4',635,,10513,,,0,20,,10514,,,0,60,,10515,,,0,20,,10516,,,0,20,,10517,,,0,60,,10518,,,0,20,,10519,,,0,20,,10520,,,0,60,,10521,,,0,505,,10522,,,0,15,,10523,,,0,24,,10524,,,0,61,,10525,,,0,20,,10526,,,0,60,,10527,,,0,20,,10528,,,0,25,,10529,,,0,64,,10530,,,0,22,,10531,,,0,20,,10532,,,0,49,,10533,,,0,20,,10534,,,0
2001001,'220.0.1',645,,12065,,,0,94,,12066,,,0,87,,12067,,,0,32,,12068,,,0,70,,12069,,,0,31,,12070,,,0,73,,12071,,,0,70,,12072,,,0,30,,12073,,,0,72,,12074,,,0,33,,12075,,,0,72,,12076,,,0,30,,12077,,,0,70,,12078,,,0,30,,12079,,,0,70,,12080,,,0,30,,12081,,,0,70,,12082,,,0,30,,12083,,,0,70,,12084,,,0,30,,12085,,,0,70,,12086,,,0,30,,12087,,,0,68,,12088,,,0,26,,12089,,,0,70,,12090,,,0,30,,12091,,,0,100,,12092,,,0,100,,12093,,,0,99,,12094,,,0,100,,12095,,,0
2001001,'220.0.2',640,,12096,,,0,92,,12097,,,0,90,,12098,,,0,32,,12099,,,0,70,,12100,,,0,31,,12101,,,0,72,,12102,,,0,32,,12103,,,0,71,,12104,,,0,70,,12105,,,0,30,,12106,,,0,70,,12107,,,0,30,,12108,,,0,70,,12109,,,0,32,,12110,,,0,71,,12111,,,0,30,,12112,,,0,70,,12113,,,0,30,,12114,,,0,69,,12115,,,0,30,,12116,,,0,70,,12117,,,0,30,,12118,,,0,101,,12119,,,0,100,,12120,,,0,100,,12121,,,0,100,,12122,,,0,100,,12123,,,0,100,,12124,,,0
2001001,'220.0.3',556,,12125,,,0,70,,12126,,,0,22,,12127,,,0,60,,12128,,,0,22,,12163,,,0,20,,12129,,,0,60,,12130,,,0,20,,12131,,,0,21,,12132,,,0,93,,12133,,,0,60,,12134,,,0,24,,12135,,,0,29,,12136,,,0,70,,12137,,,0,30,,12138,,,0,70,,12139,,,0,30,,12140,,,0,70,,12141,,,0,79,,12142,,,0,21,,12143,,,0,24,,12144,,,0,55,,12145,,,0,21,,12146,,,0,20,,12147,,,0,60,,12148,,,0,21,,12149,,,0,24,,12150,,,0,65,,12151,,,0,21,,12152,,,0,20,,12153,,,0,49,,12154,,,0,20,,12155,,,0,30,,12156,,,0,68,,12157,,,0,32,,12158,,,0,70,,12159,,,0,30,,12160,,,0,70,,12161,,,0,30,,12162,,,0
2001001,'220.0.4',556,,12164,,,0,70,,12165,,,0,22,,12166,,,0,60,,12167,,,0,22,,12202,,,0,20,,12168,,,0,60,,12169,,,0,20,,12170,,,0,21,,12171,,,0,93,,12172,,,0,60,,12173,,,0,24,,12174,,,0,29,,12175,,,0,70,,12176,,,0,30,,12177,,,0,70,,12178,,,0,30,,12179,,,0,70,,12180,,,0,79,,12181,,,0,21,,12182,,,0,24,,12183,,,0,55,,12184,,,0,21,,12185,,,0,20,,12186,,,0,60,,12187,,,0,21,,12188,,,0,24,,12189,,,0,65,,12190,,,0,21,,12191,,,0,20,,12192,,,0,49,,12193,,,0,20,,12194,,,0,30,,12195,,,0,68,,12196,,,0,32,,12197,,,0,70,,12198,,,0,30,,12199,,,0,70,,12200,,,0,30,,12201,,,0
3001001,'220.0.1',615,,12889,,,0,94,,12890,,,0,100,,12891,,,0,34,,12892,,,0,70,,12893,,,0,30,,12894,,,0,70,,12895,,,0,34,,12896,,,0,70,,12897,,,0,31,,12898,,,0,72,,12899,,,0,34,,12900,,,0,70,,12901,,,0,30,,12902,,,0,70,,12903,,,0,30,,12904,,,0,70,,12905,,,0,30,,12906,,,0,70,,12907,,,0,30,,12908,,,0,70,,12909,,,0,30,,12910,,,0,70,,12911,,,0,30,,12912,,,0,65,,12913,,,0,28,,12914,,,0,70,,12915,,,0,100,,12916,,,0,96,,12917,,,0,95,,12918,,,0,100,,12919,,,0
3001001,'220.0.2',615,,12921,,,0,90,,12922,,,0,100,,12923,,,0,30,,12924,,,0,70,,12925,,,0,30,,12926,,,0,71,,12927,,,0,33,,12928,,,0,74,,12929,,,0,30,,12930,,,0,70,,12931,,,0,30,,12932,,,0,71,,12933,,,0,30,,12934,,,0,70,,12935,,,0,30,,12936,,,0,73,,12937,,,0,30,,12938,,,0,70,,12939,,,0,30,,12940,,,0,70,,12941,,,0,30,,12942,,,0,70,,12943,,,0,30,,12944,,,0,67,,12945,,,0,100,,12946,,,0,94,,12947,,,0,100,,12948,,,0,100,,12949,,,0
3001001,'220.0.3',541,,12951,,,0,70,,12952,,,0,30,,12953,,,0,62,,12954,,,0,22,,12955,,,0,20,,12956,,,0,58,,12957,,,0,19,,12958,,,0,20,,12959,,,0,60,,12960,,,0,32,,12961,,,0,20,,12962,,,0,60,,12963,,,0,28,,12964,,,0,70,,12965,,,0,30,,12966,,,0,70,,12967,,,0,30,,12968,,,0,70,,12969,,,0,30,,12970,,,0,70,,12971,,,0,30,,12972,,,0,70,,12973,,,0,21,,12974,,,0,20,,12975,,,0,60,,12976,,,0,21,,12977,,,0,67,,12978,,,0,23,,12979,,,0,20,,12980,,,0,60,,12981,,,0,18,,12982,,,0,16,,12983,,,0,17,,12984,,,0,54,,12985,,,0,13,,12986,,,0,19,,12987,,,0,79,,12988,,,0,30,,12989,,,0,70,,12990,,,0,30,,12991,,,0,70,,12992,,,0,27,,12993,,,0,64,,12994,,,0
3001001,'220.0.4',541,,13000,,,0,70,,13001,,,0,30,,13002,,,0,62,,13003,,,0,22,,13004,,,0,20,,13005,,,0,58,,13006,,,0,19,,13007,,,0,20,,13008,,,0,60,,13009,,,0,32,,13010,,,0,20,,13011,,,0,60,,13012,,,0,28,,13013,,,0,70,,13014,,,0,30,,13015,,,0,70,,13016,,,0,30,,13017,,,0,70,,13018,,,0,30,,13019,,,0,70,,13020,,,0,30,,13021,,,0,70,,13022,,,0,21,,13023,,,0,20,,13024,,,0,60,,13025,,,0,21,,13026,,,0,67,,13027,,,0,23,,13028,,,0,20,,13029,,,0,60,,13030,,,0,18,,13031,,,0,16,,13032,,,0,17,,13033,,,0,54,,13034,,,0,13,,13035,,,0,19,,13036,,,0,79,,13037,,,0,30,,13038,,,0,70,,13039,,,0,30,,13040,,,0,70,,13041,,,0,27,,13042,,,0,64,,13043,,,0,30,,13044,,,0,65,,13045,,,0,30,,13046,,,0,70,,13047,,,0,30,,13049,,,0,70,,13050,,,0
