16100,'220.0.3',602,,8953,,,0,30,,8954,,,0,70,,8955,,,0,30,,8956,,,0,70,,8957,,,0,30,,8958,,,0
16100,'220.0.4',602,,8959,,,0,30,,8960,,,0,70,,8961,,,0,30,,8962,,,0,70,,8963,,,0,30,,8964,,,0
16101,'220.0.3',1546,,8970,,,0,73,,8965,,,0,35,,8966,,,0,72,,8967,,,0,25,,8968,,,0,64,,8969,,,0
16101,'220.0.4',1546,,8976,,,0,73,,8971,,,0,35,,8972,,,0,72,,8973,,,0,25,,8974,,,0,64,,8975,,,0
16500,'220.0.3',1604,,8977,,,0,37,,8978,,,0,72,,8979,,,0,28,,8980,,,0,64,,8981,,,0,25,,8982,,,0
16500,'220.0.4',1604,,8983,,,0,37,,8984,,,0,72,,8985,,,0,28,,8986,,,0,64,,8987,,,0,25,,8988,,,0
16501,'220.0.3',619,,8989,,,0,30,,8990,,,0,70,,8991,,,0,31,,8992,,,0,72,,8993,,,0,30,,8994,,,0
16501,'220.0.4',619,,8995,,,0,30,,8996,,,0,70,,8997,,,0,31,,8998,,,0,72,,8999,,,0,30,,9000,,,0
1016800,'220.0.3',1537,,11029,,,0,73,,11030,,,0,35,,11031,,,0,73,,11032,,,0,26,,11033,,,0,64,,11034,,,0,30,,11035,,,0
1016800,'220.0.4',1537,,11036,,,0,73,,11037,,,0,35,,11038,,,0,73,,11039,,,0,26,,11040,,,0,64,,11041,,,0,30,,11042,,,0
1016801,'220.0.3',624,,11043,,,0,30,,11044,,,0,70,,11045,,,0,30,,11046,,,0,70,,11047,,,0,30,,11048,,,0
1016801,'220.0.4',624,,11049,,,0,30,,11050,,,0,70,,11051,,,0,30,,11052,,,0,70,,11053,,,0,30,,11054,,,0
2016800,'220.0.3',1555,,12513,,,0,76,,12514,,,0,73,,12515,,,0,29,,12516,,,0,24,,12517,,,0,66,,12518,,,0
2016800,'220.0.4',1555,,12519,,,0,76,,12520,,,0,73,,12521,,,0,29,,12522,,,0,24,,12523,,,0,66,,12524,,,0
2016801,'220.0.3',611,,12525,,,0,30,,12526,,,0,70,,12527,,,0,30,,12528,,,0,70,,12529,,,0,30,,12530,,,0
2016801,'220.0.4',611,,12531,,,0,30,,12532,,,0,70,,12533,,,0,30,,12534,,,0,70,,12535,,,0,30,,12536,,,0
