400,'236.0.1',554,,1112,5,,,0,100,,1113,5,,,0,100,,1114,5,,,0,70,,1115,5,,,0,30,,1116,5,,,0,70,,1117,5,,,0,31,,1118,5,,,0,70,,1119,5,,,0,30,,1120,5,,,0,70,,1121,5,,,0,30,,1122,5,,,0,70,,1123,5,,,0,30,,1124,5,,,0,70,,1125,5,,,0,30,,1126,5,,,0,70,,1127,5,,,0,30,,1128,5,,,0,70,,1129,5,,,0,30,,1130,5,,,0,70,,1131,5,,,0,30,,1132,5,,,0,70,,1133,5,,,0,30,,1134,5,,,0,70,,1135,5,,,0,30,,1136,5,,,0,70,,1137,5,,,0,30,,1138,5,,,0,70,,1139,5,,,0,30,,1140,5,,,0,69,,1141,5,,,0,30,,1142,5,,,0,100,,1143,5,,,0,100,,1144,5,,,0
400,'236.0.2',649,,1145,5,,,0,70,,1146,5,,,0,30,,1147,5,,,0,70,,1148,5,,,0,30,,1149,5,,,0,70,,1150,5,,,0,30,,1151,5,,,0,70,,1152,5,,,0,30,,1153,5,,,0,70,,1154,5,,,0,30,,1155,5,,,0,70,,1156,5,,,0,30,,1157,5,,,0,70,,1158,5,,,0,30,,1159,5,,,0,70,,1160,5,,,0,30,,1161,5,,,0,70,,1162,5,,,0,30,,1163,5,,,0,70,,1164,5,,,0,30,,1165,5,,,0,70,,1166,5,,,0,30,,1167,5,,,0,70,,1168,5,,,0,30,,1169,5,,,0,70,,1170,5,,,0,30,,1171,5,,,0,100,,1172,5,,,0,100,,1173,5,,,0,100,,1174,5,,,0,100,,1175,5,,,0
400,'236.0.3',604,,1176,5,,,0,20,,1177,5,,,0,20,,1178,5,,,0,60,,1179,5,,,0,15,,1180,5,,,0,15,,1181,5,,,0,15,,1182,5,,,0,55,,1183,5,,,0,15,,1184,5,,,0,15,,1185,5,,,0,15,,1186,5,,,0,55,,1187,5,,,0,15,,1188,5,,,0,15,,1189,5,,,0,15,,1190,5,,,0,55,,1191,5,,,0,15,,1192,5,,,0,15,,1193,5,,,0,15,,1194,5,,,0,55,,1195,5,,,0,15,,1196,5,,,0,16,,1197,5,,,0,15,,1198,5,,,0,55,,1199,5,,,0,15,,1200,5,,,0,15,,1201,5,,,0,15,,1202,5,,,0,55,,1203,5,,,0,10,,1204,5,,,0,10,,1205,5,,,0,10,,1206,5,,,0,10,,1207,5,,,0,10,,1208,5,,,0,50,,1209,5,,,0,8,,1210,5,,,0,8,,1211,5,,,0,8,,1212,5,,,0,8,,1213,5,,,0,8,,1214,5,,,0,8,,1215,5,,,0,48,,1216,5,,,0,8,,1217,5,,,0,8,,1218,5,,,0,8,,1219,5,,,0,8,,1220,5,,,0,8,,1221,5,,,0,8,,1222,5,,,0,8,,1223,5,,,0,48,,1224,5,,,0,8,,1225,5,,,0,8,,1226,5,,,0,8,,1227,5,,,0,8,,1228,5,,,0,8,,1229,5,,,0,56,,1230,5,,,0,8,,1231,5,,,0,8,,1232,5,,,0,8,,1233,5,,,0,8,,1234,5,,,0,8,,1235,5,,,0,9,,1236,5,,,0,55,,1237,5,,,0,15,,1238,5,,,0,15,,1239,5,,,0,20,,1240,5,,,0,60,,1241,5,,,0,20,,1242,5,,,0,20,,1243,5,,,0,60,,1244,5,,,0,20,,1245,5,,,0,20,,1246,5,,,0,59,,1247,5,,,0,20,,1248,5,,,0,20,,1249,5,,,0,70,,1250,5,,,0,30,,1251,5,,,0,70,,1252,5,,,0,30,,1253,5,,,0,70,,1254,5,,,0,30,,1255,5,,,0
400,'236.1141.3',1653,,1256,5,,,0
400,'236.1143.3',1653,,1257,5,,,0
2400,'236.0.1',640,,2343,59,4,,0,70,,2344,59,4,,0,30,,2345,59,4,,0,70,,2346,59,4,,0,30,,2347,59,4,,0,70,,2348,59,4,,0,30,,2349,59,4,,0,73,,2350,59,4,,0,31,,2351,59,4,,0,70,,2352,59,4,,0,31,,2353,59,4,,0,72,,2354,59,4,,0,30,,2355,59,4,,0,70,,2356,59,4,,0,30,,2357,59,4,,0,70,,2358,59,4,,0,30,,2359,59,4,,0,68,,2360,59,4,,0,30,,2361,59,4,,0,70,,2362,59,4,,0,30,,2363,59,4,,0,70,,2364,59,4,,0,30,,2365,59,4,,0,70,,2366,59,4,,0,27,,2367,59,4,,0,67,,2368,59,4,,0,30,,2369,59,4,,0,70,,2370,59,4,,0,30,,2371,59,4,,0,70,,2372,59,4,,0,30,,2373,59,4,,0,70,,2374,59,4,,0,30,,2375,59,4,,0,70,,2376,59,4,,0,30,,2377,59,4,,0,70,,2378,59,4,,0
2400,'236.0.2',638,,2379,59,4,,0,70,,2380,59,4,,0,30,,2381,59,4,,0,70,,2382,59,4,,0,30,,2383,59,4,,0,70,,2384,59,4,,0,32,,2385,59,4,,0,74,,2386,59,4,,0,30,,2387,59,4,,0,70,,2388,59,4,,0,30,,2389,59,4,,0,70,,2390,59,4,,0,30,,2391,59,4,,0,70,,2392,59,4,,0,30,,2393,59,4,,0,70,,2394,59,4,,0,30,,2395,59,4,,0,70,,2396,59,4,,0,30,,2397,59,4,,0,70,,2398,59,4,,0,30,,2399,59,4,,0,70,,2400,59,4,,0,30,,2401,59,4,,0,70,,2402,59,4,,0,28,,2403,59,4,,0,68,,2404,59,4,,0,30,,2405,59,4,,0,70,,2406,59,4,,0,30,,2407,59,4,,0,70,,2408,59,4,,0,30,,2409,59,4,,0,70,,2410,59,4,,0,30,,2411,59,4,,0,70,,2412,59,4,,0,30,,2413,59,4,,0,70,,2414,59,4,,0
2400,'236.0.3',645,,2415,59,4,,0,70,,2416,59,4,,0,34,,2417,59,4,,0,71,,2418,59,4,,0,30,,2419,59,4,,0,70,,2420,59,4,,0,25,,2421,59,4,,0,70,,2422,59,4,,0,30,,2423,59,4,,0,70,,2424,59,4,,0,31,,2425,59,4,,0,70,,2426,59,4,,0,30,,2427,59,4,,0,70,,2428,59,4,,0,30,,2429,59,4,,0,70,,2430,59,4,,0,30,,2431,59,4,,0,70,,2432,59,4,,0,30,,2433,59,4,,0,70,,2434,59,4,,0,30,,2435,59,4,,0,70,,2436,59,4,,0,30,,2437,59,4,,0,70,,2438,59,4,,0,30,,2439,59,4,,0,68,,2440,59,4,,0,26,,2441,59,4,,0,70,,2442,59,4,,0,30,,2443,59,4,,0,70,,2444,59,4,,0,30,,2445,59,4,,0,70,,2446,59,4,,0,30,,2447,59,4,,0,70,,2448,59,4,,0,30,,2449,59,4,,0,70,,2450,59,4,,0
2401,'236.0.1',612,,2451,1,,,0,30,,2452,1,,,0,70,,2453,1,,,0,30,,2454,1,,,0,70,,2455,1,,,0,30,,2456,1,,,0,70,,2457,1,,,0,30,,2458,1,,,0,73,,2459,1,,,0,31,,2460,1,,,0,70,,2461,1,,,0,31,,2462,1,,,0,72,,2463,1,,,0,30,,2464,1,,,0,70,,2465,1,,,0,30,,2466,1,,,0,70,,2467,1,,,0,30,,2468,1,,,0,68,,2469,1,,,0,30,,2470,1,,,0,70,,2471,1,,,0,30,,2472,1,,,0,70,,2473,1,,,0,30,,2474,1,,,0,70,,2475,1,,,0,27,,2476,1,,,0,67,,2477,1,,,0,30,,2478,1,,,0,70,,2479,1,,,0,30,,2480,1,,,0,70,,2481,1,,,0,30,,2482,1,,,0,70,,2483,1,,,0,30,,2484,1,,,0,70,,2485,1,,,0,30,,2486,1,,,0
2401,'236.0.2',610,,2487,1,,,0,30,,2488,1,,,0,70,,2489,1,,,0,30,,2490,1,,,0,70,,2491,1,,,0,30,,2492,1,,,0,70,,2493,1,,,0,32,,2494,1,,,0,74,,2495,1,,,0,30,,2496,1,,,0,70,,2497,1,,,0,30,,2498,1,,,0,70,,2499,1,,,0,30,,2500,1,,,0,70,,2501,1,,,0,30,,2502,1,,,0,70,,2503,1,,,0,30,,2504,1,,,0,70,,2505,1,,,0,30,,2506,1,,,0,70,,2507,1,,,0,30,,2508,1,,,0,70,,2509,1,,,0,30,,2510,1,,,0,70,,2511,1,,,0,28,,2512,1,,,0,68,,2513,1,,,0,30,,2514,1,,,0,70,,2515,1,,,0,30,,2516,1,,,0,70,,2517,1,,,0,30,,2518,1,,,0,70,,2519,1,,,0,30,,2520,1,,,0,70,,2521,1,,,0,30,,2522,1,,,0
2401,'236.0.3',645,,2523,1,,,0,70,,2524,1,,,0,34,,2525,1,,,0,71,,2526,1,,,0,30,,2527,1,,,0,70,,2528,1,,,0,25,,2529,1,,,0,70,,2530,1,,,0,30,,2531,1,,,0,70,,2532,1,,,0,31,,2533,1,,,0,70,,2534,1,,,0,30,,2535,1,,,0,70,,2536,1,,,0,30,,2537,1,,,0,70,,2538,1,,,0,30,,2539,1,,,0,70,,2540,1,,,0,30,,2541,1,,,0,70,,2542,1,,,0,30,,2543,1,,,0,70,,2544,1,,,0,30,,2545,1,,,0,70,,2546,1,,,0,30,,2547,1,,,0,68,,2548,1,,,0,26,,2549,1,,,0,70,,2550,1,,,0,30,,2551,1,,,0,70,,2552,1,,,0,30,,2553,1,,,0,70,,2554,1,,,0,30,,2555,1,,,0,70,,2556,1,,,0,30,,2557,1,,,0,70,,2558,1,,,0
1001000,'236.0.3',624,,7069,5,,,0,19,,7070,5,,,0,59,,7071,5,,,0,28,,7072,5,,,0,18,,7073,5,,,0,57,,7074,5,,,0,20,,7075,5,,,0,20,,7076,5,,,0,60,,7077,5,,,0,500,,7078,5,,,0,19,,7079,5,,,0,20,,7080,5,,,0,60,,7081,5,,,0,20,,7082,5,,,0,20,,7083,5,,,0,60,,7084,5,,,0,20,,7085,5,,,0,20,,7086,5,,,0,10,,7087,5,,,0,70,,7088,5,,,0,20,,7089,5,,,0,60,,7090,5,,,0,20,,7091,5,,,0
2001000,'236.0.1',634,,8072,5,,,0,85,,8073,5,,,0,30,,8074,5,,,0,70,,8075,5,,,0,30,,8076,5,,,0,70,,8077,5,,,0,30,,8078,5,,,0,70,,8079,5,,,0,30,,8080,5,,,0,70,,8081,5,,,0,30,,8082,5,,,0,70,,8083,5,,,0,30,,8084,5,,,0,70,,8085,5,,,0,30,,8086,5,,,0,70,,8087,5,,,0,30,,8088,5,,,0,70,,8089,5,,,0,30,,8090,5,,,0,70,,8091,5,,,0,30,,8092,5,,,0,70,,8093,5,,,0,30,,8094,5,,,0,70,,8095,5,,,0,30,,8096,5,,,0,70,,8097,5,,,0,30,,8098,5,,,0,85,,8099,5,,,0,100,,8100,5,,,0,100,,8101,5,,,0,100,,8102,5,,,0
2001000,'236.0.2',634,,8103,5,,,0,115,,8104,5,,,0,70,,8105,5,,,0,30,,8106,5,,,0,70,,8107,5,,,0,30,,8108,5,,,0,70,,8109,5,,,0,30,,8110,5,,,0,70,,8111,5,,,0,30,,8112,5,,,0,70,,8113,5,,,0,30,,8114,5,,,0,70,,8115,5,,,0,30,,8116,5,,,0,70,,8117,5,,,0,30,,8118,5,,,0,70,,8119,5,,,0,30,,8120,5,,,0,70,,8121,5,,,0,30,,8122,5,,,0,70,,8123,5,,,0,30,,8124,5,,,0,85,,8125,5,,,0,100,,8126,5,,,0,100,,8127,5,,,0,100,,8128,5,,,0,100,,8129,5,,,0,100,,8130,5,,,0,100,,8131,5,,,0
2001000,'236.0.3',546,,8132,5,,,0,91,,8133,5,,,0,20,,8134,5,,,0,60,,8135,5,,,0,20,,8136,5,,,0,20,,8137,5,,,0,61,,8138,5,,,0,20,,8139,5,,,0,20,,8140,5,,,0,77,,8141,5,,,0,70,,8142,5,,,0,30,,8143,5,,,0,70,,8144,5,,,0,30,,8145,5,,,0,70,,8146,5,,,0,30,,8147,5,,,0,70,,8148,5,,,0,30,,8149,5,,,0,65,,8150,5,,,0,17,,8151,5,,,0,20,,8152,5,,,0,20,,8153,5,,,0,60,,8154,5,,,0,20,,8155,5,,,0,20,,8156,5,,,0,60,,8157,5,,,0,20,,8158,5,,,0,20,,8159,5,,,0,60,,8160,5,,,0,20,,8161,5,,,0,20,,8162,5,,,0,60,,8163,5,,,0,23,,8164,5,,,0,60,,8165,5,,,0,24,,8166,5,,,0,30,,8167,5,,,0,70,,8168,5,,,0,30,,8169,5,,,0,70,,8170,5,,,0
3001000,'236.0.1',604,,8621,5,,,0,100,,8622,5,,,0,30,,8623,5,,,0,70,,8624,5,,,0,30,,8625,5,,,0,70,,8626,5,,,0,30,,8627,5,,,0,70,,8628,5,,,0,30,,8629,5,,,0,70,,8630,5,,,0,30,,8631,5,,,0,70,,8632,5,,,0,30,,8633,5,,,0,70,,8634,5,,,0,30,,8635,5,,,0,70,,8636,5,,,0,30,,8637,5,,,0,70,,8638,5,,,0,30,,8639,5,,,0,70,,8640,5,,,0,30,,8641,5,,,0,70,,8642,5,,,0,30,,8643,5,,,0,70,,8644,5,,,0,30,,8645,5,,,0,70,,8646,5,,,0,100,,8647,5,,,0,100,,8648,5,,,0,100,,8649,5,,,0,100,,8650,5,,,0,100,,8651,5,,,0
3001000,'236.0.2',604,,8653,5,,,0,100,,8654,5,,,0,30,,8655,5,,,0,70,,8656,5,,,0,30,,8657,5,,,0,70,,8658,5,,,0,30,,8659,5,,,0,70,,8660,5,,,0,30,,8661,5,,,0,70,,8662,5,,,0,30,,8663,5,,,0,70,,8664,5,,,0,30,,8665,5,,,0,70,,8666,5,,,0,30,,8667,5,,,0,70,,8668,5,,,0,30,,8669,5,,,0,70,,8670,5,,,0,30,,8671,5,,,0,70,,8672,5,,,0,30,,8673,5,,,0,70,,8674,5,,,0,30,,8675,5,,,0,70,,8676,5,,,0,100,,8677,5,,,0,100,,8678,5,,,0,100,,8679,5,,,0,100,,8680,5,,,0,100,,8681,5,,,0
3001000,'236.0.3',551,,8685,5,,,0,59,,8686,5,,,0,20,,8687,5,,,0,19,,8688,5,,,0,58,,8689,5,,,0,17,,8690,5,,,0,18,,8691,5,,,0,70,,8692,5,,,0,20,,8693,5,,,0,20,,8694,5,,,0,68,,8695,5,,,0,30,,8696,5,,,0,70,,8697,5,,,0,30,,8698,5,,,0,70,,8699,5,,,0,30,,8700,5,,,0,70,,8701,5,,,0,30,,8702,5,,,0,70,,8703,5,,,0,30,,8704,5,,,0,60,,8705,5,,,0,20,,8706,5,,,0,20,,8707,5,,,0,60,,8708,5,,,0,20,,8709,5,,,0,20,,8710,5,,,0,60,,8711,5,,,0,20,,8712,5,,,0,20,,8713,5,,,0,60,,8714,5,,,0,20,,8715,5,,,0,20,,8716,5,,,0,60,,8717,5,,,0,20,,8718,5,,,0,20,,8719,5,,,0,59,,8720,5,,,0,30,,8721,5,,,0,70,,8722,5,,,0,30,,8723,5,,,0,70,,8724,5,,,0,30,,8725,5,,,0,69,,8726,5,,,0,30,,8727,5,,,0,70,,8728,5,,,0,30,,8729,5,,,0,70,,8730,5,,,0
