5000,'236.0.3',1535,,16290,4,,0,71,,16291,4,,0,34,,16292,4,,0,70,,16293,4,,0
5001,'236.0.3',630,,16294,,,0,15,,16295,,,0,70,,16296,,,0,30,,16297,,,0,70,,16298,,,0
5301,'236.0.1',620,,16383,,,0,30,,16384,,,0,70,,16385,,,0,30,,16386,,,0,70,,16387,,,0,30,,16388,,,0,70,,16389,,,0,30,,16390,,,0,72,,16391,,,0,30,,16392,,,0,70,,16393,,,0,30,,16394,,,0,70,,16395,,,0,30,,16396,,,0,70,,16397,,,0,30,,16398,,,0,70,,16399,,,0,30,,16400,,,0,70,,16401,,,0,30,,16402,,,0,70,,16403,,,0,30,,16404,,,0,70,,16405,,,0,30,,16406,,,0,68,,16407,,,0,30,,16408,,,0,70,,16409,,,0,30,,16410,,,0,70,,16411,,,0,30,,16412,,,0,70,,16413,,,0,30,,16414,,,0,70,,16415,,,0,100,,16416,,,0
5301,'236.0.2',720,,16417,,,0,100,,16418,,,0,100,,16419,,,0,102,,16420,,,0,100,,16421,,,0,100,,16422,,,0,100,,16423,,,0,100,,16424,,,0,100,,16425,,,0,100,,16426,,,0,100,,16427,,,0,98,,16428,,,0,100,,16429,,,0,100,,16430,,,0,100,,16431,,,0,100,,16432,,,0
5301,'236.0.3',552,,16433,,,0,70,,16434,,,0,30,,16435,,,0,70,,16436,,,0,30,,16437,,,0,70,,16438,,,0,30,,16439,,,0,70,,16440,,,0,30,,16441,,,0,70,,16442,,,0,30,,16443,,,0,70,,16444,,,0,30,,16445,,,0,70,,16446,,,0,30,,16447,,,0,70,,16448,,,0,30,,16449,,,0,70,,16450,,,0,30,,16451,,,0,70,,16452,,,0,30,,16453,,,0,70,,16454,,,0,30,,16455,,,0,70,,16456,,,0,30,,16457,,,0,70,,16458,,,0,30,,16459,,,0,70,,16460,,,0,30,,16461,,,0,70,,16462,,,0,30,,16463,,,0,70,,16464,,,0,100,,16465,,,0,100,,16466,,,0
5400,'236.0.1',557,,16467,,,0,100,,16468,,,0,100,,16469,,,0,100,,16470,,,0,100,,16471,,,0,100,,16472,,,0,100,,16473,,,0,100,,16474,,,0,100,,16475,,,0,100,,16476,,,0,100,,16477,,,0,100,,16478,,,0,100,,16479,,,0,100,,16480,,,0,100,,16481,,,0,100,,16482,,,0,100,,16483,,,0
5400,'236.0.2',757,,16484,,,0,100,,16485,,,0,100,,16486,,,0,100,,16487,,,0,100,,16488,,,0,100,,16489,,,0,100,,16490,,,0,100,,16491,,,0,100,,16492,,,0,100,,16493,,,0,100,,16494,,,0,100,,16495,,,0,100,,16496,,,0,100,,16497,,,0
5400,'236.0.3',559,,16498,,,0,68,,16499,,,0,30,,16500,,,0,68,,16501,,,0,30,,16502,,,0,71,,16503,,,0,75,,16504,,,0,100,,16505,,,0,100,,16506,,,0,100,,16507,,,0,100,,16508,,,0,100,,16509,,,0,100,,16510,,,0,30,,16511,,,0,70,,16512,,,0,29,,16513,,,0,70,,16514,,,0,30,,16515,,,0,71,,16516,,,0,30,,16517,,,0,70,,16518,,,0,30,,16519,,,0,70,,16520,,,0,100,,16521,,,0
5401,'236.0.1',654,,16522,4,,0,100,,16523,4,,0,100,,16524,4,,0,100,,16525,4,,0,148,,16526,4,,0,100,,16527,4,,0,100,,16528,4,,0,100,,16529,4,,0,100,,16530,4,,0,99,,16531,4,,0,100,,16532,4,,0,100,,16533,4,,0,55,,16534,4,,0,100,,16535,4,,0,100,,16536,4,,0,100,,16537,4,,0,100,,16538,4,,0
5401,'236.0.2',855,,16539,4,,0,100,,16540,4,,0,147,,16541,4,,0,100,,16542,4,,0,99,,16543,4,,0,100,,16544,4,,0,99,,16545,4,,0,59,,16546,4,,0,100,,16547,4,,0,100,,16548,4,,0,96,,16549,4,,0,100,,16550,4,,0,100,,16551,4,,0,100,,16552,4,,0
5401,'236.0.3',658,,16553,4,,0,74,,16554,4,,0,27,,16555,4,,0,70,,16556,4,,0,30,,16557,4,,0,70,,16558,4,,0,75,,16559,4,,0,100,,16560,4,,0,100,,16561,4,,0,104,,16562,4,,0,100,,16563,4,,0,102,,16564,4,,0,100,,16565,4,,0,30,,16566,4,,0,75,,16567,4,,0,27,,16568,4,,0,70,,16569,4,,0,24,,16570,4,,0,69,,16571,4,,0,30,,16572,4,,0,70,,16573,4,,0,30,,16574,4,,0,70,,16575,4,,0,100,,16576,4,,0
