500,'236.0.1',630,,14451,,,0,20,,14452,,,0,60,,14453,,,0,20,,14454,,,0,20,,14455,,,0,60,,14456,,,0,20,,14457,,,0,20,,14458,,,0,60,,14459,,,0,20,,14460,,,0,20,,14461,,,0,60,,14462,,,0,20,,14463,,,0,20,,14464,,,0,60,,14465,,,0,20,,14466,,,0,20,,14467,,,0,60,,14468,,,0,20,,14469,,,0,20,,14470,,,0,60,,14471,,,0,20,,14472,,,0,20,,14473,,,0,60,,14474,,,0,20,,14475,,,0,20,,14476,,,0,60,,14477,,,0,20,,14478,,,0,20,,14479,,,0,60,,14480,,,0,20,,14481,,,0,20,,14482,,,0,60,,14483,,,0,20,,14484,,,0,20,,14485,,,0,60,,14486,,,0,20,,14487,,,0,20,,14488,,,0,60,,14489,,,0,20,,14490,,,0,20,,14491,,,0,60,,14492,,,0,20,,14493,,,0,20,,14494,,,0,60,,14495,,,0,20,,14496,,,0,20,,14497,,,0,60,,14498,,,0,30,,14499,,,0,70,,14500,,,0,30,,14501,,,0,70,,14502,,,0,30,,14503,,,0,70,,14504,,,0
500,'236.0.2',630,,14505,,,0,70,,14506,,,0,30,,14507,,,0,70,,14508,,,0,30,,14509,,,0,70,,14510,,,0,30,,14511,,,0,70,,14512,,,0,30,,14513,,,0,70,,14514,,,0,30,,14515,,,0,70,,14516,,,0,30,,14517,,,0,70,,14518,,,0,30,,14519,,,0,70,,14520,,,0,30,,14521,,,0,70,,14522,,,0,30,,14523,,,0,70,,14524,,,0,30,,14525,,,0,70,,14526,,,0,30,,14527,,,0,70,,14528,,,0,30,,14529,,,0,70,,14530,,,0,30,,14531,,,0,70,,14532,,,0,30,,14533,,,0,70,,14534,,,0,30,,14535,,,0,70,,14536,,,0,30,,14537,,,0,70,,14538,,,0,30,,14539,,,0,70,,14540,,,0
500,'236.0.3',530,,14541,,,0,70,,14542,,,0,15,,14543,,,0,15,,14544,,,0,15,,14545,,,0,55,,14546,,,0,15,,14547,,,0,15,,14548,,,0,15,,14549,,,0,55,,14550,,,0,15,,14551,,,0,15,,14552,,,0,15,,14553,,,0,55,,14554,,,0,15,,14555,,,0,15,,14556,,,0,15,,14557,,,0,55,,14558,,,0,15,,14559,,,0,15,,14560,,,0,15,,14561,,,0,55,,14562,,,0,15,,14563,,,0,15,,14564,,,0,15,,14565,,,0,55,,14566,,,0,15,,14567,,,0,15,,14568,,,0,15,,14569,,,0,55,,14570,,,0,15,,14571,,,0,15,,14572,,,0,15,,14573,,,0,55,,14574,,,0,15,,14575,,,0,15,,14576,,,0,15,,14577,,,0,55,,14578,,,0,15,,14579,,,0,15,,14580,,,0,15,,14581,,,0,55,,14582,,,0,15,,14583,,,0,15,,14584,,,0,15,,14585,,,0,55,,14586,,,0,15,,14587,,,0,15,,14588,,,0,15,,14589,,,0,55,,14590,,,0,15,,14591,,,0,15,,14592,,,0,20,,14593,,,0,55,,14594,,,0,20,,14595,,,0,20,,14596,,,0,60,,14597,,,0,20,,14598,,,0,20,,14599,,,0,60,,14600,,,0,20,,14601,,,0,20,,14602,,,0,75,,14603,,,0,30,,14604,,,0,70,,14605,,,0,30,,14606,,,0,70,,14607,,,0,30,,14608,,,0
501,'236.0.1',625,,14609,4,,0,20,,14610,4,,0,60,,14611,4,,0,20,,14612,4,,0,20,,14613,4,,0,60,,14614,4,,0,20,,14615,4,,0,20,,14616,4,,0,60,,14617,4,,0,20,,14618,4,,0,20,,14619,4,,0,62,,14620,4,,0,25,,14621,4,,0,20,,14622,4,,0,60,,14623,4,,0,20,,14624,4,,0,20,,14625,4,,0,60,,14626,4,,0,20,,14627,4,,0,20,,14628,4,,0,60,,14629,4,,0,20,,14630,4,,0,20,,14631,4,,0,60,,14632,4,,0,20,,14633,4,,0,20,,14634,4,,0,60,,14635,4,,0,20,,14636,4,,0,20,,14637,4,,0,58,,14638,4,,0,19,,14639,4,,0,20,,14640,4,,0,60,,14641,4,,0,20,,14642,4,,0,20,,14643,4,,0,60,,14644,4,,0,20,,14645,4,,0,20,,14646,4,,0,60,,14647,4,,0,20,,14648,4,,0,20,,14649,4,,0,59,,14650,4,,0,17,,14651,4,,0,20,,14652,4,,0,60,,14653,4,,0,20,,14654,4,,0,20,,14655,4,,0,60,,14656,4,,0,20,,14657,4,,0,30,,14658,4,,0,70,,14659,4,,0,30,,14660,4,,0,70,,14661,4,,0,30,,14662,4,,0
501,'236.0.2',625,,14663,4,,0,30,,14664,4,,0,70,,14665,4,,0,30,,14666,4,,0,70,,14667,4,,0,30,,14668,4,,0,70,,14669,4,,0,30,,14670,4,,0,70,,14671,4,,0,33,,14672,4,,0,69,,14673,4,,0,30,,14674,4,,0,70,,14675,4,,0,30,,14676,4,,0,70,,14677,4,,0,30,,14678,4,,0,70,,14679,4,,0,30,,14680,4,,0,70,,14681,4,,0,30,,14682,4,,0,70,,14683,4,,0,30,,14684,4,,0,70,,14685,4,,0,30,,14686,4,,0,70,,14687,4,,0,30,,14688,4,,0,70,,14689,4,,0,30,,14690,4,,0,70,,14691,4,,0,30,,14692,4,,0,70,,14693,4,,0,27,,14694,4,,0,70,,14695,4,,0,30,,14696,4,,0,70,,14697,4,,0,30,,14698,4,,0
501,'236.0.3',527,,14699,4,,0,30,,14700,4,,0,70,,14701,4,,0,15,,14702,4,,0,15,,14703,4,,0,55,,14704,4,,0,19,,14705,4,,0,22,,14706,4,,0,55,,14707,4,,0,15,,14708,4,,0,15,,14709,4,,0,14,,14710,4,,0,52,,14711,4,,0,12,,14712,4,,0,13,,14713,4,,0,15,,14714,4,,0,15,,14715,4,,0,55,,14716,4,,0,15,,14717,4,,0,15,,14718,4,,0,15,,14719,4,,0,55,,14720,4,,0,15,,14721,4,,0,15,,14722,4,,0,15,,14723,4,,0,55,,14724,4,,0,15,,14725,4,,0,15,,14726,4,,0,15,,14727,4,,0,55,,14728,4,,0,15,,14729,4,,0,15,,14730,4,,0,15,,14731,4,,0,55,,14732,4,,0,15,,14733,4,,0,15,,14734,4,,0,15,,14735,4,,0,55,,14736,4,,0,15,,14737,4,,0,15,,14738,4,,0,15,,14739,4,,0,59,,14740,4,,0,15,,14741,4,,0,15,,14742,4,,0,55,,14743,4,,0,15,,14744,4,,0,15,,14745,4,,0,15,,14746,4,,0,55,,14747,4,,0,15,,14748,4,,0,14,,14749,4,,0,11,,14750,4,,0,12,,14751,4,,0,60,,14752,4,,0,20,,14753,4,,0,20,,14754,4,,0,60,,14755,4,,0,20,,14756,4,,0,20,,14757,4,,0,60,,14758,4,,0,20,,14759,4,,0,20,,14760,4,,0,60,,14761,4,,0,30,,14762,4,,0,70,,14763,4,,0,30,,14764,4,,0,70,,14765,4,,0,30,,14766,4,,0
8400,'236.0.1',630,,18164,,,0,100,,18165,,,0,100,,18166,,,0,100,,18167,,,0,100,,18168,,,0,95,,18169,,,0,100,,18170,,,0,100,,18171,,,0,100,,18172,,,0,100,,18173,,,0,100,,18174,,,0,100,,18175,,,0,100,,18176,,,0,105,,18177,,,0,100,,18178,,,0,100,,18179,,,0,100,,18180,,,0
8400,'236.0.2',635,,18181,,,0,100,,18182,,,0,100,,18183,,,0,100,,18184,,,0,100,,18185,,,0,95,,18186,,,0,100,,18187,,,0,100,,18188,,,0,100,,18189,,,0,100,,18190,,,0,105,,18191,,,0,100,,18192,,,0,100,,18193,,,0,100,,18194,,,0,100,,18195,,,0,100,,18196,,,0,100,,18197,,,0
8400,'236.0.3',540,,18228,,,0,70,,18198,,,0,30,,18199,,,0,70,,18200,,,0,30,,18201,,,0,70,,18202,,,0,30,,18203,,,0,100,,18204,,,0,100,,18205,,,0,100,,18206,,,0,100,,18207,,,0,100,,18208,,,0,100,,18209,,,0,70,,18210,,,0,15,,18211,,,0,15,,18212,,,0,15,,18213,,,0,55,,18214,,,0,15,,18215,,,0,15,,18216,,,0,15,,18217,,,0,55,,18218,,,0,15,,18219,,,0,15,,18220,,,0,15,,18229,,,0,55,,18221,,,0,100,,18222,,,0,100,,18223,,,0,100,,18224,,,0,100,,18225,,,0,103,,18226,,,0,103,,18227,,,0
8401,'236.0.1',639,,18230,4,,0,100,,18231,4,,0,100,,18232,4,,0,102,,18233,4,,0,101,,18234,4,,0,100,,18235,4,,0,103,,18236,4,,0,101,,18237,4,,0,100,,18238,4,,0,100,,18239,4,,0,100,,18240,4,,0,99,,18241,4,,0,100,,18242,4,,0,100,,18243,4,,0,95,,18244,4,,0,100,,18245,4,,0,100,,18246,4,,0
8401,'236.0.2',643,,18247,4,,0,100,,18248,4,,0,100,,18249,4,,0,105,,18250,4,,0,100,,18251,4,,0,100,,18252,4,,0,100,,18253,4,,0,100,,18254,4,,0,100,,18255,4,,0,100,,18256,4,,0,100,,18257,4,,0,100,,18258,4,,0,98,,18259,4,,0,100,,18260,4,,0,100,,18261,4,,0,100,,18262,4,,0,100,,18263,4,,0
8401,'236.0.3',549,,18264,4,,0,70,,18265,4,,0,30,,18266,4,,0,55,,18267,4,,0,21,,18295,4,,0,20,,18268,4,,0,55,,18269,4,,0,15,,18270,4,,0,15,,18271,4,,0,15,,18272,4,,0,55,,18273,4,,0,15,,18274,4,,0,8,,18275,4,,0,11,,18296,4,,0,15,,18276,4,,0,100,,18277,4,,0,100,,18278,4,,0,100,,18279,4,,0,100,,18280,4,,0,100,,18281,4,,0,100,,18282,4,,0,77,,18283,4,,0,31,,18284,4,,0,70,,18285,4,,0,30,,18286,4,,0,64,,18287,4,,0,28,,18288,4,,0,100,,18289,4,,0,98,,18290,4,,0,100,,18291,4,,0,100,,18292,4,,0,100,,18293,4,,0,100,,18294,4,,0
9301,'236.0.3',641,,19076,4,,0,72,,19077,4,,0,37,,19078,4,,0,71,,19079,4,,0,30,,19080,4,,0,65,,19081,4,,0
12301,'236.0.3',1520,,19097,,,0,30,,19099,,,0,70,,19100,,,0,30,,19089,,,0,70,,19094,,,0,30,,19098,,,0,70,,19101,,,0
12701,'236.0.3',1536,,19111,,,0,15,,19112,,,0,55,,19113,,,0,45,,19114,,,0,55,,19115,,,0,15,,19116,,,0,15,,19117,,,0
12701,'236.1141.3',1616,,19118,,,0,20,,19119,,,0
12701,'236.1143.3',1616,,19120,,,0,20,,19121,,,0
13500,'236.0.3',655,,19122,,,0,70,,19123,,,0,30,,19124,,,0,55,,19125,,,0,15,,19126,,,0,15,,19127,,,0
13500,'236.1141.3',740,,19128,,,0
13500,'236.1143.3',740,,19129,,,0
13600,'236.0.3',645,,19137,,,0,70,,19138,,,0,15,,19139,,,0,15,,19140,,,0,55,,19141,,,0,16,,19142,,,0,9,,19143,,,0,20,,19144,,,0
13700,'236.0.3',650,,19157,,,0,70,,19153,,,0,20,,19158,,,0,10,,19154,,,0,70,,19155,,,0,30,,19156,,,0
13800,'236.0.3',635,,19165,,,0,70,,19166,,,0,15,,19167,,,0,15,,19168,,,0,70,,19169,,,0,5,,19170,,,0,25,,19171,,,0
15801,'236.0.3',734,,19183,,,0,70,,19186,,,0,30,,19184,,,0,68,,19185,,,0
15901,'236.0.3',621,,19196,,,0,24,,19204,,,0,56,,19197,,,0,23,,19198,,,0,23,,19199,,,0,62,,19200,,,0,19,,19201,,,0,20,,19202,,,0,57,,19203,,,0
16100,'236.0.3',625,,19205,,,0,30,,19206,,,0,74,,19207,,,0,73,,19208,,,0,30,,19209,,,0,68,,19210,,,0
16501,'236.0.3',642,,19223,,,0,70,,19224,,,0,36,,19225,,,0,73,,19226,,,0,29,,19227,,,0,70,,19228,,,0
1016801,'236.0.3',647,,20515,,,0,71,,20516,,,0,36,,20517,,,0,70,,20518,,,0,28,,20519,,,0,67,,20520,,,0
2016801,'236.0.3',634,,21530,,,0,70,,21531,,,0,35,,21532,,,0,73,,21533,,,0,29,,21534,,,0,70,,21535,,,0
