501,'236.0.1',614,,14609,,,0,20,,14610,,,0,20,,14611,,,0,60,,14612,,,0,20,,14613,,,0,20,,14614,,,0,60,,14615,,,0,20,,14616,,,0,20,,14617,,,0,60,,14618,,,0,20,,14619,,,0,20,,14620,,,0,64,,14621,,,0,20,,14622,,,0,20,,14623,,,0,60,,14624,,,0,20,,14625,,,0,20,,14626,,,0,60,,14627,,,0,20,,14628,,,0,20,,14629,,,0,60,,14630,,,0,20,,14631,,,0,20,,14632,,,0,60,,14633,,,0,20,,14634,,,0,20,,14635,,,0,60,,14636,,,0,20,,14637,,,0,20,,14638,,,0,59,,14639,,,0,20,,14640,,,0,20,,14641,,,0,60,,14642,,,0,20,,14643,,,0,20,,14644,,,0,60,,14645,,,0,20,,14646,,,0,20,,14647,,,0,60,,14648,,,0,20,,14649,,,0,20,,14650,,,0,57,,14651,,,0,20,,14652,,,0,20,,14653,,,0,60,,14654,,,0,20,,14655,,,0,20,,14656,,,0,60,,14657,,,0,30,,14658,,,0,70,,14659,,,0,30,,14660,,,0,70,,14661,,,0,30,,14662,,,0
501,'236.0.2',614,,14663,,,0,30,,14664,,,0,70,,14665,,,0,30,,14666,,,0,70,,14667,,,0,30,,14668,,,0,70,,14669,,,0,30,,14670,,,0,70,,14671,,,0,33,,14672,,,0,69,,14673,,,0,30,,14674,,,0,70,,14675,,,0,31,,14676,,,0,68,,14677,,,0,30,,14678,,,0,70,,14679,,,0,30,,14680,,,0,71,,14681,,,0,30,,14682,,,0,70,,14683,,,0,30,,14684,,,0,70,,14685,,,0,30,,14686,,,0,70,,14687,,,0,30,,14688,,,0,70,,14689,,,0,30,,14690,,,0,70,,14691,,,0,30,,14692,,,0,70,,14693,,,0,27,,14694,,,0,70,,14695,,,0,30,,14696,,,0,70,,14697,,,0,30,,14698,,,0
501,'236.0.3',516,,14699,,,0,30,,14700,,,0,70,,14701,,,0,15,,14702,,,0,15,,14703,,,0,55,,14704,,,0,15,,14705,,,0,22,,14706,,,0,15,,14707,,,0,55,,14708,,,0,15,,14709,,,0,15,,14710,,,0,15,,14711,,,0,52,,14712,,,0,13,,14713,,,0,15,,14714,,,0,15,,14715,,,0,55,,14716,,,0,15,,14717,,,0,15,,14718,,,0,15,,14719,,,0,55,,14720,,,0,15,,14721,,,0,15,,14722,,,0,15,,14723,,,0,55,,14724,,,0,15,,14725,,,0,15,,14726,,,0,15,,14727,,,0,55,,14728,,,0,15,,14729,,,0,15,,14730,,,0,15,,14731,,,0,55,,14732,,,0,15,,14733,,,0,15,,14734,,,0,15,,14735,,,0,55,,14736,,,0,15,,14737,,,0,15,,14738,,,0,15,,14739,,,0,55,,14740,,,0,15,,14741,,,0,15,,14742,,,0,15,,14743,,,0,55,,14744,,,0,15,,14745,,,0,15,,14746,,,0,15,,14747,,,0,55,,14748,,,0,15,,14749,,,0,14,,14750,,,0,12,,14751,,,0,60,,14752,,,0,20,,14753,,,0,20,,14754,,,0,60,,14755,,,0,20,,14756,,,0,20,,14757,,,0,60,,14758,,,0,20,,14759,,,0,20,,14760,,,0,60,,14761,,,0,30,,14762,,,0,70,,14763,,,0,30,,14764,,,0,70,,14765,,,0,30,,14766,,,0
5300,'236.0.1',609,,16299,,,0,30,,16300,,,0,70,,16301,,,0,30,,16302,,,0,70,,16303,,,0,30,,16304,,,0,70,,16305,,,0,30,,16306,,,0,70,,16307,,,0,30,,16308,,,0,70,,16309,,,0,30,,16310,,,0,70,,16311,,,0,30,,16312,,,0,70,,16313,,,0,30,,16314,,,0,70,,16315,,,0,30,,16316,,,0,70,,16317,,,0,30,,16318,,,0,70,,16319,,,0,30,,16320,,,0,70,,16321,,,0,30,,16322,,,0,70,,16323,,,0,30,,16324,,,0,70,,16325,,,0,30,,16326,,,0,70,,16327,,,0,30,,16328,,,0,70,,16329,,,0,30,,16330,,,0,70,,16331,,,0,100,,16332,,,0
5300,'236.0.2',709,,16333,,,0,100,,16334,,,0,100,,16335,,,0,100,,16336,,,0,100,,16337,,,0,100,,16338,,,0,100,,16339,,,0,100,,16340,,,0,100,,16341,,,0,100,,16342,,,0,100,,16343,,,0,100,,16344,,,0,100,,16345,,,0,100,,16346,,,0,100,,16347,,,0,100,,16348,,,0
5300,'236.0.3',608,,16349,,,0,30,,16350,,,0,71,,16351,,,0,30,,16352,,,0,70,,16353,,,0,30,,16354,,,0,70,,16355,,,0,30,,16356,,,0,70,,16357,,,0,30,,16358,,,0,70,,16359,,,0,30,,16360,,,0,70,,16361,,,0,30,,16362,,,0,70,,16363,,,0,30,,16364,,,0,70,,16365,,,0,30,,16366,,,0,70,,16367,,,0,30,,16368,,,0,70,,16369,,,0,30,,16370,,,0,70,,16371,,,0,30,,16372,,,0,70,,16373,,,0,30,,16374,,,0,70,,16375,,,0,30,,16376,,,0,70,,16377,,,0,30,,16378,,,0,70,,16379,,,0,100,,16380,,,0,100,,16381,,,0,100,,16382,,,0
5401,'236.0.1',650,,16522,,,0,100,,16523,,,0,100,,16524,,,0,100,,16525,,,0,108,,16526,,,0,100,,16527,,,0,100,,16528,,,0,100,,16529,,,0,100,,16530,,,0,99,,16531,,,0,100,,16532,,,0,100,,16533,,,0,95,,16534,,,0,100,,16535,,,0,100,,16536,,,0,100,,16537,,,0,100,,16538,,,0
5401,'236.0.2',851,,16539,,,0,100,,16540,,,0,107,,16541,,,0,100,,16542,,,0,99,,16543,,,0,100,,16544,,,0,99,,16545,,,0,99,,16546,,,0,100,,16547,,,0,100,,16548,,,0,96,,16549,,,0,100,,16550,,,0,100,,16551,,,0,100,,16552,,,0
5401,'236.0.3',654,,16553,,,0,74,,16554,,,0,27,,16555,,,0,70,,16556,,,0,30,,16557,,,0,70,,16558,,,0,75,,16559,,,0,100,,16560,,,0,100,,16561,,,0,104,,16562,,,0,100,,16563,,,0,102,,16564,,,0,100,,16565,,,0,30,,16566,,,0,75,,16567,,,0,27,,16568,,,0,70,,16569,,,0,24,,16570,,,0,69,,16571,,,0,30,,16572,,,0,70,,16573,,,0,30,,16574,,,0,70,,16575,,,0,100,,16576,,,0
5501,'236.0.1',811,,16627,,,0,102,,16628,,,0,101,,16629,,,0,103,,16630,,,0,100,,16631,,,0,100,,16632,,,0,100,,16633,,,0,100,,16634,,,0,100,,16635,,,0,100,,16636,,,0,98,,16637,,,0,100,,16638,,,0,97,,16639,,,0,100,,16640,,,0,100,,16641,,,0
5501,'236.0.2',812,,16642,,,0,100,,16643,,,0,102,,16644,,,0,103,,16645,,,0,100,,16646,,,0,100,,16647,,,0,100,,16648,,,0,100,,16649,,,0,100,,16650,,,0,100,,16651,,,0,98,,16652,,,0,97,,16653,,,0,100,,16654,,,0,100,,16655,,,0,100,,16656,,,0
5501,'236.0.3',702,,16657,,,0,32,,16675,,,0,71,,16658,,,0,32,,16659,,,0,100,,16660,,,0,85,,16661,,,0,100,,16662,,,0,100,,16663,,,0,103,,16664,,,0,100,,16665,,,0,100,,16666,,,0,85,,16667,,,0,100,,16668,,,0,33,,16676,,,0,68,,16669,,,0,23,,16670,,,0,75,,16671,,,0,99,,16672,,,0,110,,16673,,,0,100,,16674,,,0
6201,'236.0.1',746,,17256,,,0,100,,17257,,,0,101,,17258,,,0,102,,17259,,,0,100,,17260,,,0,100,,17261,,,0,100,,17262,,,0,100,,17263,,,0,100,,17264,,,0,100,,17265,,,0,100,,17266,,,0,98,,17267,,,0,98,,17268,,,0,100,,17269,,,0,100,,17270,,,0,100,,17271,,,0
6201,'236.0.2',743,,17272,,,0,100,,17273,,,0,101,,17274,,,0,104,,17275,,,0,100,,17276,,,0,100,,17277,,,0,100,,17278,,,0,100,,17279,,,0,100,,17280,,,0,98,,17281,,,0,100,,17282,,,0,97,,17283,,,0,99,,17284,,,0,100,,17285,,,0,100,,17286,,,0,100,,17287,,,0
6201,'236.0.3',655,,17288,,,0,72,,17289,,,0,30,,17290,,,0,70,,17291,,,0,30,,17292,,,0,71,,17293,,,0,30,,17294,,,0,100,,17295,,,0,100,,17296,,,0,100,,17297,,,0,100,,17298,,,0,100,,17299,,,0,143,,17300,,,0,30,,17301,,,0,70,,17302,,,0,30,,17303,,,0,70,,17304,,,0,28,,17305,,,0,27,,17306,,,0,70,,17307,,,0,100,,17308,,,0,100,,17309,,,0,100,,17310,,,0
1000600,'236.0.3',533,,19553,,,0,70,,19554,,,0,30,,19555,,,0,70,,19556,,,0,31,,19557,,,0,70,,19558,,,0,30,,19559,,,0,70,,19560,,,0,30,,19561,,,0,17,,19562,,,0,70,,19563,,,0,30,,19564,,,0,70,,19565,,,0,30,,19566,,,0,70,,19567,,,0,30,,19568,,,0,70,,19569,,,0,30,,19570,,,0,70,,19571,,,0,30,,19572,,,0,70,,19573,,,0,15,,19574,,,0,70,,19575,,,0,30,,19576,,,0,69,,19577,,,0,30,,19578,,,0,69,,19579,,,0,30,,19580,,,0
2000600,'236.0.1',553,,20521,,,0,100,,20522,,,0,100,,20523,,,0,100,,20524,,,0,100,,20525,,,0,103,,20526,,,0,100,,20527,,,0,102,,20528,,,0,100,,20529,,,0,100,,20530,,,0,100,,20531,,,0,98,,20532,,,0,100,,20533,,,0,99,,20534,,,0,98,,20535,,,0,100,,20536,,,0,100,,20537,,,0,97,,20538,,,0,100,,20539,,,0,100,,20540,,,0
2000600,'236.0.2',548,,20541,,,0,103,,20542,,,0,100,,20543,,,0,100,,20544,,,0,100,,20545,,,0,102,,20546,,,0,101,,20547,,,0,100,,20548,,,0,101,,20549,,,0,100,,20550,,,0,99,,20551,,,0,100,,20552,,,0,100,,20553,,,0,100,,20554,,,0,100,,20555,,,0,98,,20556,,,0,100,,20557,,,0,96,,20558,,,0,100,,20559,,,0,100,,20560,,,0
2000600,'236.0.3',601,,20561,,,0,11,,20562,,,0,26,,20563,,,0,71,,20564,,,0,32,,20565,,,0,72,,20566,,,0,29,,20567,,,0,70,,20568,,,0,30,,20569,,,0,65,,20570,,,0,100,,20571,,,0,100,,20572,,,0,101,,20573,,,0,100,,20574,,,0,100,,20575,,,0,105,,20576,,,0,30,,20577,,,0,68,,20578,,,0,30,,20579,,,0,69,,20580,,,0,29,,20581,,,0,69,,20582,,,0,96,,20583,,,0,100,,20584,,,0,98,,20585,,,0,57,,20586,,,0,100,,20587,,,0,100,,20588,,,0
3000600,'236.0.1',624,,21536,,,0,103,,21537,,,0,100,,21538,,,0,102,,21539,,,0,101,,21540,,,0,101,,21541,,,0,100,,21542,,,0,102,,21543,,,0,100,,21544,,,0,100,,21545,,,0,98,,21546,,,0,100,,21547,,,0,99,,21548,,,0,100,,21549,,,0,98,,21550,,,0,98,,21551,,,0,99,,21552,,,0,100,,21553,,,0,100,,21554,,,0,100,,21555,,,0
3000600,'236.0.2',623,,21556,,,0,103,,21557,,,0,100,,21558,,,0,100,,21559,,,0,100,,21560,,,0,102,,21561,,,0,102,,21562,,,0,101,,21563,,,0,100,,21564,,,0,100,,21565,,,0,98,,21566,,,0,100,,21567,,,0,100,,21568,,,0,100,,21569,,,0,100,,21570,,,0,98,,21571,,,0,97,,21572,,,0,100,,21573,,,0,100,,21574,,,0,100,,21575,,,0
3000600,'236.0.3',627,,21576,,,0,30,,21577,,,0,70,,21578,,,0,30,,21579,,,0,70,,21580,,,0,30,,21581,,,0,73,,21582,,,0,70,,21583,,,0,41,,21584,,,0,100,,21585,,,0,100,,21586,,,0,101,,21587,,,0,100,,21588,,,0,100,,21589,,,0,90,,21590,,,0,68,,21591,,,0,30,,21592,,,0,70,,21593,,,0,28,,21594,,,0,27,,21595,,,0,69,,21596,,,0,116,,21597,,,0,100,,21598,,,0,100,,21599,,,0,95,,21600,,,0,100,,21601,,,0,100,,21602,,,0
