5800,'236.0.1',622,,3832,6,,,0,100,,3833,6,,,0,100,,3834,6,,,0,100,,3835,6,,,0,100,,3836,6,,,0,100,,3837,6,,,0,100,,3838,6,,,0,100,,3839,6,,,0,100,,3840,6,,,0,100,,3841,6,,,0,100,,3842,6,,,0,100,,3843,6,,,0,100,,3844,6,,,0,100,,3845,6,,,0,100,,3846,6,,,0,100,,3847,6,,,0,100,,3848,6,,,0
5800,'236.0.2',722,,3849,6,,,0,100,,3850,6,,,0,100,,3851,6,,,0,100,,3852,6,,,0,100,,3853,6,,,0,100,,3854,6,,,0,100,,3855,6,,,0,100,,3856,6,,,0,100,,3857,6,,,0,100,,3858,6,,,0,100,,3859,6,,,0,100,,3860,6,,,0,100,,3861,6,,,0,100,,3862,6,,,0,100,,3863,6,,,0,100,,3864,6,,,0
5800,'236.0.3',610,,3865,6,,,0,30,,3866,6,,,0,70,,3867,6,,,0,30,,3868,6,,,0,70,,3869,6,,,0,117,,3870,6,,,0,100,,3871,6,,,0,100,,3872,6,,,0,100,,3873,6,,,0,100,,3874,6,,,0,101,,3875,6,,,0,100,,3876,6,,,0,30,,3877,6,,,0,270,,3878,6,,,0,99,,3879,6,,,0,100,,3880,6,,,0,100,,3881,6,,,0,100,,3882,6,,,0,100,,3883,6,,,0
6300,'236.0.1',758,,4262,6,,,0,100,,4263,6,,,0,100,,4264,6,,,0,100,,4265,6,,,0,100,,4266,6,,,0,100,,4267,6,,,0,100,,4268,6,,,0,100,,4269,6,,,0,100,,4270,6,,,0,100,,4271,6,,,0,100,,4272,6,,,0,100,,4273,6,,,0,97,,4274,6,,,0,100,,4275,6,,,0,100,,4276,6,,,0,100,,4277,6,,,0
6300,'236.0.2',727,,4278,6,,,0,100,,4279,6,,,0,100,,4280,6,,,0,100,,4281,6,,,0,100,,4282,6,,,0,100,,4283,6,,,0,100,,4284,6,,,0,100,,4285,6,,,0,98,,4286,6,,,0,100,,4287,6,,,0,100,,4288,6,,,0,100,,4289,6,,,0,100,,4290,6,,,0,100,,4291,6,,,0,100,,4292,6,,,0
6300,'236.0.3',649,,4293,6,,,0,70,,4294,6,,,0,30,,4295,6,,,0,70,,4296,6,,,0,30,,4297,6,,,0,70,,4298,6,,,0,30,,4299,6,,,0,56,,4300,6,,,0,100,,4301,6,,,0,100,,4302,6,,,0,100,,4303,6,,,0,100,,4304,6,,,0,101,,4305,6,,,0,115,,4306,6,,,0,30,,4307,6,,,0,68,,4308,6,,,0,30,,4309,6,,,0,70,,4310,6,,,0,29,,4311,6,,,0,70,,4312,6,,,0,100,,4313,6,,,0,100,,4314,6,,,0,100,,4315,6,,,0
6701,'236.0.1',740,,4595,20,,,0,100,,4596,20,,,0,102,,4597,20,,,0,100,,4598,20,,,0,100,,4599,20,,,0,100,,4600,20,,,0,100,,4601,20,,,0,100,,4602,20,,,0,100,,4603,20,,,0,100,,4604,20,,,0,100,,4605,20,,,0,98,,4606,20,,,0,100,,4607,20,,,0,100,,4608,20,,,0,100,,4609,20,,,0,100,,4610,20,,,0
6701,'236.0.2',740,,4611,20,,,0,100,,4612,20,,,0,100,,4613,20,,,0,102,,4614,20,,,0,100,,4615,20,,,0,100,,4616,20,,,0,100,,4617,20,,,0,100,,4618,20,,,0,100,,4619,20,,,0,100,,4620,20,,,0,98,,4621,20,,,0,100,,4622,20,,,0,100,,4623,20,,,0,100,,4624,20,,,0,99,,4625,20,,,0,100,,4626,20,,,0
6701,'236.0.3',625,,4627,20,,,0,30,,4628,20,,,0,70,,4629,20,,,0,30,,4630,20,,,0,70,,4631,20,,,0,30,,4632,20,,,0,102,,4633,20,,,0,100,,4634,20,,,0,100,,4635,20,,,0,100,,4636,20,,,0,100,,4637,20,,,0,101,,4638,20,,,0,70,,4639,20,,,0,30,,4640,20,,,0,70,,4641,20,,,0,30,,4642,20,,,0,70,,4643,20,,,0,30,,4644,20,,,0,68,,4645,20,,,0,30,,4646,20,,,0,70,,4647,20,,,0,98,,4648,20,,,0,100,,4649,20,,,0,100,,4650,20,,,0
15800,'236.0.3',1616,,6129,18,,,0,32,,6130,18,,,0,72,,6131,18,,,0,27,,6132,18,,,0
