5800,'236.0.1',634,,16882,4,,0,100,,16883,4,,0,100,,16884,4,,0,100,,16885,4,,0,101,,16886,4,,0,100,,16887,4,,0,100,,16888,4,,0,100,,16889,4,,0,100,,16890,4,,0,100,,16891,4,,0,100,,16892,4,,0,100,,16893,4,,0,100,,16894,4,,0,100,,16895,4,,0,100,,16896,4,,0,100,,16897,4,,0,100,,16898,4,,0
5800,'236.0.2',734,,16899,4,,0,100,,16900,4,,0,100,,16901,4,,0,100,,16902,4,,0,100,,16903,4,,0,101,,16904,4,,0,100,,16905,4,,0,100,,16906,4,,0,100,,16907,4,,0,100,,16908,4,,0,100,,16909,4,,0,100,,16910,4,,0,100,,16911,4,,0,100,,16912,4,,0,99,,16913,4,,0,100,,16914,4,,0
5800,'236.0.3',623,,16915,4,,0,30,,16916,4,,0,70,,16917,4,,0,30,,16918,4,,0,70,,16919,4,,0,117,,16920,4,,0,100,,16921,4,,0,100,,16922,4,,0,100,,16923,4,,0,101,,16924,4,,0,101,,16925,4,,0,100,,16926,4,,0,70,,16927,4,,0,230,,16928,4,,0,99,,16929,4,,0,100,,16930,4,,0,98,,16931,4,,0,100,,16932,4,,0,100,,16933,4,,0
5801,'236.0.1',600,,16934,,,0,100,,16935,,,0,100,,16936,,,0,100,,16937,,,0,100,,16938,,,0,100,,16939,,,0,100,,16940,,,0,100,,16941,,,0,100,,16942,,,0,100,,16943,,,0,100,,16944,,,0,100,,16945,,,0,100,,16946,,,0,100,,16947,,,0,100,,16948,,,0,100,,16949,,,0,100,,16950,,,0
5801,'236.0.2',700,,16951,,,0,100,,16952,,,0,100,,16953,,,0,100,,16954,,,0,100,,16955,,,0,100,,16956,,,0,100,,16957,,,0,100,,16958,,,0,100,,16959,,,0,100,,16960,,,0,100,,16961,,,0,100,,16962,,,0,100,,16963,,,0,100,,16964,,,0,100,,16965,,,0,100,,16966,,,0
5801,'236.0.3',555,,16967,,,0,70,,16968,,,0,280,,16969,,,0,100,,16970,,,0,100,,16971,,,0,100,,16972,,,0,100,,16973,,,0,100,,16974,,,0,100,,16975,,,0,30,,16976,,,0,70,,16977,,,0,30,,16978,,,0,70,,16979,,,0,100,,16980,,,0,100,,16981,,,0,100,,16982,,,0,100,,16983,,,0,100,,16984,,,0,100,,16985,,,0
6300,'236.0.1',816,,17312,4,,0,100,,17313,4,,0,100,,17314,4,,0,100,,17315,4,,0,100,,17316,4,,0,100,,17317,4,,0,100,,17318,4,,0,101,,17319,4,,0,100,,17320,4,,0,100,,17321,4,,0,100,,17322,4,,0,100,,17323,4,,0,97,,17324,4,,0,99,,17325,4,,0,100,,17326,4,,0,100,,17327,4,,0
6300,'236.0.2',745,,17328,4,,0,100,,17329,4,,0,100,,17330,4,,0,100,,17331,4,,0,100,,17332,4,,0,100,,17333,4,,0,100,,17334,4,,0,100,,17335,4,,0,98,,17336,4,,0,100,,17337,4,,0,100,,17338,4,,0,100,,17339,4,,0,100,,17340,4,,0,100,,17341,4,,0,100,,17342,4,,0
6300,'236.0.3',710,,17343,4,,0,30,,17344,4,,0,70,,17345,4,,0,30,,17346,4,,0,70,,17347,4,,0,30,,17348,4,,0,70,,17349,4,,0,16,,17350,4,,0,100,,17351,4,,0,100,,17352,4,,0,100,,17353,4,,0,100,,17354,4,,0,101,,17355,4,,0,115,,17356,4,,0,70,,17357,4,,0,28,,17358,4,,0,70,,17359,4,,0,29,,17360,4,,0,69,,17361,4,,0,30,,17362,4,,0,100,,17363,4,,0,100,,17364,4,,0,100,,17365,4,,0
6301,'236.0.1',730,,17366,,,0,100,,17367,,,0,100,,17368,,,0,100,,17369,,,0,100,,17370,,,0,100,,17371,,,0,100,,17372,,,0,100,,17373,,,0,100,,17374,,,0,100,,17375,,,0,100,,17376,,,0,100,,17377,,,0,100,,17378,,,0,100,,17379,,,0,100,,17380,,,0,100,,17381,,,0
6301,'236.0.2',700,,17382,,,0,100,,17383,,,0,100,,17384,,,0,100,,17385,,,0,100,,17386,,,0,100,,17387,,,0,100,,17388,,,0,100,,17389,,,0,100,,17390,,,0,100,,17391,,,0,100,,17392,,,0,100,,17393,,,0,100,,17394,,,0,100,,17395,,,0,100,,17396,,,0
6301,'236.0.3',619,,17397,,,0,30,,17398,,,0,70,,17399,,,0,30,,17400,,,0,70,,17401,,,0,30,,17402,,,0,70,,17403,,,0,16,,17404,,,0,100,,17405,,,0,100,,17406,,,0,100,,17407,,,0,100,,17408,,,0,100,,17409,,,0,115,,17410,,,0,70,,17411,,,0,30,,17412,,,0,70,,17413,,,0,30,,17414,,,0,70,,17415,,,0,30,,17416,,,0,100,,17417,,,0,100,,17418,,,0,100,,17419,,,0,100,,17420,,,0
15800,'236.0.3',1636,,19179,4,,0,72,,19180,4,,0,32,,19181,4,,0,67,,19182,4,,0
15801,'236.0.3',655,,19183,,,0,70,,19186,,,0,30,,19184,,,0,70,,19185,,,0
