801,'236.0.1',552,,1843,47,,,0,70,,1844,47,,,0,30,,1845,47,,,0,70,,1846,47,,,0,30,,1847,47,,,0,73,,1848,47,,,0,30,,1849,47,,,0,70,,1850,47,,,0,30,,1851,47,,,0,74,,1852,47,,,0,30,,1853,47,,,0,70,,1854,47,,,0,30,,1855,47,,,0,70,,1856,47,,,0,71,,1857,47,,,0,31,,1858,47,,,0,70,,1859,47,,,0,30,,1860,47,,,0,70,,1861,47,,,0,30,,1862,47,,,0,70,,1863,47,,,0,30,,1864,47,,,0,70,,1865,47,,,0,30,,1866,47,,,0,28,,1867,47,,,0,69,,1868,47,,,0,30,,1869,47,,,0,70,,1870,47,,,0,25,,1871,47,,,0,69,,1872,47,,,0,30,,1873,47,,,0,70,,1874,47,,,0,30,,1875,47,,,0,70,,1876,47,,,0,30,,1877,47,,,0,70,,1878,47,,,0,30,,1879,47,,,0,100,,1880,47,,,0
801,'236.0.2',556,,1881,47,,,0,70,,1882,47,,,0,30,,1883,47,,,0,70,,1884,47,,,0,30,,1885,47,,,0,70,,1886,47,,,0,30,,1887,47,,,0,75,,1888,47,,,0,70,,1889,47,,,0,30,,1890,47,,,0,70,,1891,47,,,0,30,,1892,47,,,0,70,,1893,47,,,0,30,,1894,47,,,0,70,,1895,47,,,0,30,,1896,47,,,0,70,,1897,47,,,0,30,,1898,47,,,0,70,,1899,47,,,0,30,,1900,47,,,0,70,,1901,47,,,0,30,,1902,47,,,0,70,,1903,47,,,0,30,,1904,47,,,0,70,,1905,47,,,0,28,,1906,47,,,0,30,,1907,47,,,0,70,,1908,47,,,0,30,,1909,47,,,0,70,,1910,47,,,0,30,,1911,47,,,0,67,,1912,47,,,0,30,,1913,47,,,0,70,,1914,47,,,0,100,,1915,47,,,0,100,,1916,47,,,0
801,'236.0.3',542,,1917,47,,,0,70,,1918,47,,,0,30,,1919,47,,,0,60,,1920,47,,,0,23,,1921,47,,,0,20,,1922,47,,,0,60,,1923,47,,,0,20,,1924,47,,,0,20,,1925,47,,,0,60,,1926,47,,,0,17,,1927,47,,,0,20,,1928,47,,,0,60,,1929,47,,,0,20,,1930,47,,,0,20,,1931,47,,,0,60,,1932,47,,,0,20,,1933,47,,,0,20,,1934,47,,,0,60,,1935,47,,,0,20,,1936,47,,,0,20,,1937,47,,,0,60,,1938,47,,,0,20,,1939,47,,,0,20,,1940,47,,,0,60,,1941,47,,,0,20,,1942,47,,,0,20,,1943,47,,,0,60,,1944,47,,,0,23,,1945,47,,,0,33,,1946,47,,,0,70,,1947,47,,,0,30,,1948,47,,,0,70,,1949,47,,,0,30,,1950,47,,,0,65,,1951,47,,,0,28,,1952,47,,,0,70,,1953,47,,,0,30,,1954,47,,,0,70,,1955,47,,,0,30,,1956,47,,,0,67,,1957,47,,,0,29,,1958,47,,,0,70,,1959,47,,,0,30,,1960,47,,,0,70,,1961,47,,,0,30,,1962,47,,,0,70,,1963,47,,,0,30,,1964,47,,,0
9001,'236.0.1',616,,5813,33,,,0,30,,5814,33,,,0,70,,5815,33,,,0,25,,5816,33,,,0,70,,5817,33,,,0,30,,5818,33,,,0,70,,5819,33,,,0,25,,5820,33,,,0,71,,5821,33,,,0,31,,5822,33,,,0,70,,5823,33,,,0,30,,5824,33,,,0,70,,5825,33,,,0,30,,5826,33,,,0,70,,5827,33,,,0,30,,5828,33,,,0,70,,5829,33,,,0,30,,5830,33,,,0,70,,5831,33,,,0,30,,5832,33,,,0,70,,5833,33,,,0,30,,5834,33,,,0,70,,5835,33,,,0,35,,5836,33,,,0,68,,5837,33,,,0,29,,5838,33,,,0,70,,5839,33,,,0,30,,5840,33,,,0,70,,5841,33,,,0,100,,5842,33,,,0,100,,5843,33,,,0,100,,5844,33,,,0,100,,5845,33,,,0
9001,'236.0.2',603,,5846,33,,,0,100,,5847,33,,,0,100,,5848,33,,,0,100,,5849,33,,,0,56,,5850,33,,,0,142,,5851,33,,,0,100,,5852,33,,,0,102,,5853,33,,,0,100,,5854,33,,,0,98,,5855,33,,,0,100,,5856,33,,,0,100,,5857,33,,,0,58,,5858,33,,,0,143,,5859,33,,,0,105,,5860,33,,,0,98,,5861,33,,,0,100,,5862,33,,,0,99,,5863,33,,,0
9001,'236.0.3',548,,5864,33,,,0,70,,5865,33,,,0,30,,5866,33,,,0,60,,5898,33,,,0,13,,5867,33,,,0,15,,5899,33,,,0,10,,5868,33,,,0,55,,5900,33,,,0,15,,5869,33,,,0,17,,5901,33,,,0,12,,5870,33,,,0,55,,5902,33,,,0,15,,5871,33,,,0,30,,5872,33,,,0,65,,5873,33,,,0,30,,5874,33,,,0,70,,5875,33,,,0,30,,5876,33,,,0,70,,5877,33,,,0,30,,5878,33,,,0,70,,5879,33,,,0,30,,5880,33,,,0,70,,5881,33,,,0,30,,5882,33,,,0,70,,5883,33,,,0,33,,5884,33,,,0,61,,5903,33,,,0,22,,5885,33,,,0,8,,5904,33,,,0,25,,5886,33,,,0,55,,5905,33,,,0,15,,5887,33,,,0,15,,5906,33,,,0,12,,5888,33,,,0,53,,5907,33,,,0,13,,5889,33,,,0,12,,5908,33,,,0,13,,5890,33,,,0,12,,5909,33,,,0,53,,5891,33,,,0,30,,5892,33,,,0,69,,5893,33,,,0,30,,5894,33,,,0,100,,5895,33,,,0,100,,5896,33,,,0,100,,5897,33,,,0
9101,'236.0.1',810,,5964,36,,,0,100,,5965,36,,,0,100,,5966,36,,,0,100,,5967,36,,,0,100,,5968,36,,,0,100,,5969,36,,,0,100,,5970,36,,,0,100,,5971,36,,,0,100,,5972,36,,,0,100,,5973,36,,,0,100,,5974,36,,,0,100,,5975,36,,,0,100,,5976,36,,,0,100,,5977,36,,,0,100,,5978,36,,,0,100,,5979,36,,,0
9101,'236.0.2',839,,5980,36,,,0,100,,5981,36,,,0,100,,5982,36,,,0,100,,5983,36,,,0,100,,5984,36,,,0,100,,5985,36,,,0,100,,5986,36,,,0,100,,5987,36,,,0,100,,5988,36,,,0,100,,5989,36,,,0,100,,5990,36,,,0,100,,5991,36,,,0,100,,5992,36,,,0,100,,5993,36,,,0,100,,5994,36,,,0
9101,'236.0.3',613,,5995,36,,,0,30,,5996,36,,,0,77,,5997,36,,,0,24,,5998,36,,,0,70,,5999,36,,,0,37,,6000,36,,,0,67,,6001,36,,,0,29,,6002,36,,,0,100,,6003,36,,,0,103,,6004,36,,,0,100,,6005,36,,,0,99,,6006,36,,,0,108,,6007,36,,,0,101,,6008,36,,,0,71,,6009,36,,,0,30,,6010,36,,,0,72,,6011,36,,,0,70,,6012,36,,,0,24,,6013,36,,,0,94,,6014,36,,,0,100,,6015,36,,,0,100,,6016,36,,,0,100,,6017,36,,,0,100,,6018,36,,,0
9301,'236.0.3',619,,6026,33,,,0,30,,6027,33,,,0,70,,6028,33,,,0,30,,6029,33,,,0,71,,6030,33,,,0,30,,6031,33,,,0
