8500,'220.0.1',624,,7570,4,,0,100,,7571,4,,0,101,,7572,4,,0,100,,7573,4,,0,100,,7574,4,,0,102,,7575,4,,0,100,,7576,4,,0,100,,7577,4,,0,100,,7578,4,,0,98,,7579,4,,0,100,,7580,4,,0,100,,7581,4,,0,99,,7582,4,,0,100,,7583,4,,0,100,,7584,4,,0,100,,7585,4,,0,100,,7586,4,,0
8500,'220.0.2',629,,7587,4,,0,100,,7588,4,,0,101,,7589,4,,0,100,,7590,4,,0,100,,7591,4,,0,100,,7592,4,,0,100,,7593,4,,0,100,,7594,4,,0,100,,7595,4,,0,101,,7596,4,,0,100,,7597,4,,0,100,,7598,4,,0,100,,7599,4,,0,98,,7600,4,,0,100,,7601,4,,0,100,,7602,4,,0
8500,'220.0.3',541,,7603,4,,0,15,,7625,4,,0,55,,7604,4,,0,15,,7605,4,,0,15,,7606,4,,0,15,,7607,4,,0,55,,7608,4,,0,15,,7609,4,,0,14,,7610,4,,0,15,,7611,4,,0,55,,7612,4,,0,15,,7626,4,,0,17,,7613,4,,0,100,,7614,4,,0,100,,7615,4,,0,101,,7616,4,,0,100,,7617,4,,0,100,,7618,4,,0,100,,7619,4,,0,100,,7620,4,,0,415,,7621,4,,0,100,,7622,4,,0,100,,7623,4,,0,100,,7624,4,,0
8500,'220.0.4',541,,7627,4,,0,15,,7649,4,,0,55,,7628,4,,0,15,,7629,4,,0,15,,7630,4,,0,15,,7631,4,,0,55,,7632,4,,0,15,,7633,4,,0,14,,7634,4,,0,15,,7635,4,,0,55,,7636,4,,0,15,,7650,4,,0,17,,7637,4,,0,100,,7638,4,,0,100,,7639,4,,0,101,,7640,4,,0,100,,7641,4,,0,100,,7642,4,,0,100,,7643,4,,0,100,,7644,4,,0,415,,7645,4,,0,100,,7646,4,,0,100,,7647,4,,0,100,,7648,4,,0,100,,7651,4,,0,100,,7652,4,,0,70,,7653,4,,0
8501,'220.0.1',624,,7654,,,0,100,,7655,,,0,101,,7656,,,0,100,,7657,,,0,100,,7658,,,0,102,,7659,,,0,100,,7660,,,0,100,,7661,,,0,100,,7662,,,0,98,,7663,,,0,100,,7664,,,0,100,,7665,,,0,99,,7666,,,0,100,,7667,,,0,100,,7668,,,0,100,,7669,,,0,100,,7670,,,0
8501,'220.0.2',629,,7671,,,0,100,,7672,,,0,101,,7673,,,0,100,,7674,,,0,100,,7675,,,0,100,,7676,,,0,100,,7677,,,0,100,,7678,,,0,100,,7679,,,0,101,,7680,,,0,100,,7681,,,0,100,,7682,,,0,100,,7683,,,0,98,,7684,,,0,100,,7685,,,0,100,,7686,,,0
8501,'220.0.3',842,,7687,,,0,100,,7688,,,0,100,,7689,,,0,101,,7690,,,0,100,,7691,,,0,100,,7692,,,0,100,,7693,,,0,100,,7694,,,0,12,,7695,,,0,55,,7696,,,0,15,,7697,,,0,21,,7698,,,0,55,,7699,,,0,20,,7700,,,0,15,,7701,,,0,15,,7702,,,0,8,,7703,,,0,53,,7710,,,0,9,,7704,,,0,15,,7711,,,0,15,,7705,,,0,55,,7712,,,0,52,,7706,,,0,100,,7707,,,0,100,,7708,,,0,100,,7709,,,0
8501,'220.0.4',842,,7713,,,0,100,,7714,,,0,100,,7715,,,0,101,,7716,,,0,100,,7717,,,0,100,,7718,,,0,100,,7719,,,0,100,,7720,,,0,12,,7721,,,0,55,,7722,,,0,15,,7723,,,0,21,,7724,,,0,55,,7725,,,0,20,,7726,,,0,15,,7727,,,0,15,,7728,,,0,8,,7729,,,0,53,,7736,,,0,9,,7730,,,0,15,,7737,,,0,15,,7731,,,0,55,,7738,,,0,52,,7732,,,0,100,,7733,,,0,100,,7734,,,0,100,,7735,,,0,100,,7739,,,0,100,,7740,,,0,70,,7741,,,0
18500,'220.0.3',1555,,9083,4,,0,55,,9084,4,,0,15,,9085,4,,0,21,,9086,4,,0,55,,9087,4,,0,20,,9088,4,,0,15,,9089,4,,0,15,,9090,4,,0,8,,9091,4,,0,47,,9094,4,,0,15,,9092,4,,0,15,,9095,4,,0,15,,9093,4,,0,55,,9096,4,,0
18500,'220.0.4',1555,,9097,4,,0,55,,9098,4,,0,15,,9099,4,,0,21,,9100,4,,0,55,,9101,4,,0,20,,9102,4,,0,15,,9103,4,,0,15,,9104,4,,0,8,,9105,4,,0,47,,9108,4,,0,15,,9106,4,,0,15,,9109,4,,0,15,,9107,4,,0,55,,9110,4,,0
18501,'220.0.3',541,,9111,,,0,15,,9121,,,0,55,,9112,,,0,15,,9113,,,0,15,,9114,,,0,15,,9120,,,0,55,,9115,,,0,15,,9116,,,0,14,,9117,,,0,15,,9118,,,0,55,,9119,,,0,15,,9122,,,0
18501,'220.0.4',541,,9123,,,0,15,,9133,,,0,55,,9124,,,0,15,,9125,,,0,15,,9126,,,0,15,,9132,,,0,55,,9127,,,0,15,,9128,,,0,14,,9129,,,0,15,,9130,,,0,55,,9131,,,0,15,,9134,,,0
