5300,'236.0.1',605,,16299,,,0,30,,16300,,,0,70,,16301,,,0,30,,16302,,,0,70,,16303,,,0,30,,16304,,,0,70,,16305,,,0,30,,16306,,,0,70,,16307,,,0,30,,16308,,,0,70,,16309,,,0,30,,16310,,,0,70,,16311,,,0,30,,16312,,,0,70,,16313,,,0,30,,16314,,,0,70,,16315,,,0,30,,16316,,,0,70,,16317,,,0,30,,16318,,,0,70,,16319,,,0,30,,16320,,,0,70,,16321,,,0,30,,16322,,,0,70,,16323,,,0,30,,16324,,,0,70,,16325,,,0,30,,16326,,,0,70,,16327,,,0,30,,16328,,,0,70,,16329,,,0,30,,16330,,,0,70,,16331,,,0,100,,16332,,,0
5300,'236.0.2',705,,16333,,,0,100,,16334,,,0,100,,16335,,,0,100,,16336,,,0,100,,16337,,,0,100,,16338,,,0,100,,16339,,,0,100,,16340,,,0,100,,16341,,,0,100,,16342,,,0,100,,16343,,,0,100,,16344,,,0,100,,16345,,,0,100,,16346,,,0,100,,16347,,,0,100,,16348,,,0
5300,'236.0.3',605,,16349,,,0,30,,16350,,,0,70,,16351,,,0,30,,16352,,,0,70,,16353,,,0,30,,16354,,,0,70,,16355,,,0,30,,16356,,,0,70,,16357,,,0,30,,16358,,,0,70,,16359,,,0,30,,16360,,,0,70,,16361,,,0,30,,16362,,,0,70,,16363,,,0,30,,16364,,,0,70,,16365,,,0,30,,16366,,,0,70,,16367,,,0,30,,16368,,,0,70,,16369,,,0,30,,16370,,,0,70,,16371,,,0,30,,16372,,,0,70,,16373,,,0,30,,16374,,,0,70,,16375,,,0,30,,16376,,,0,70,,16377,,,0,30,,16378,,,0,70,,16379,,,0,100,,16380,,,0,100,,16381,,,0,100,,16382,,,0
5301,'236.0.1',623,,16383,4,,0,30,,16384,4,,0,70,,16385,4,,0,30,,16386,4,,0,70,,16387,4,,0,30,,16388,4,,0,70,,16389,4,,0,30,,16390,4,,0,72,,16391,4,,0,30,,16392,4,,0,70,,16393,4,,0,30,,16394,4,,0,70,,16395,4,,0,30,,16396,4,,0,70,,16397,4,,0,30,,16398,4,,0,70,,16399,4,,0,30,,16400,4,,0,70,,16401,4,,0,30,,16402,4,,0,70,,16403,4,,0,30,,16404,4,,0,70,,16405,4,,0,30,,16406,4,,0,68,,16407,4,,0,30,,16408,4,,0,70,,16409,4,,0,30,,16410,4,,0,70,,16411,4,,0,30,,16412,4,,0,70,,16413,4,,0,30,,16414,4,,0,70,,16415,4,,0,100,,16416,4,,0
5301,'236.0.2',723,,16417,4,,0,100,,16418,4,,0,100,,16419,4,,0,102,,16420,4,,0,100,,16421,4,,0,100,,16422,4,,0,100,,16423,4,,0,100,,16424,4,,0,100,,16425,4,,0,100,,16426,4,,0,100,,16427,4,,0,98,,16428,4,,0,100,,16429,4,,0,100,,16430,4,,0,100,,16431,4,,0,100,,16432,4,,0
5301,'236.0.3',555,,16433,4,,0,70,,16434,4,,0,30,,16435,4,,0,70,,16436,4,,0,30,,16437,4,,0,70,,16438,4,,0,30,,16439,4,,0,70,,16440,4,,0,30,,16441,4,,0,70,,16442,4,,0,30,,16443,4,,0,70,,16444,4,,0,30,,16445,4,,0,70,,16446,4,,0,30,,16447,4,,0,70,,16448,4,,0,30,,16449,4,,0,70,,16450,4,,0,30,,16451,4,,0,70,,16452,4,,0,30,,16453,4,,0,70,,16454,4,,0,30,,16455,4,,0,70,,16456,4,,0,30,,16457,4,,0,70,,16458,4,,0,30,,16459,4,,0,70,,16460,4,,0,30,,16461,4,,0,70,,16462,4,,0,30,,16463,4,,0,70,,16464,4,,0,100,,16465,4,,0,100,,16466,4,,0
5400,'236.0.1',600,,16467,,,0,100,,16468,,,0,100,,16469,,,0,100,,16470,,,0,100,,16471,,,0,100,,16472,,,0,100,,16473,,,0,100,,16474,,,0,100,,16475,,,0,100,,16476,,,0,100,,16477,,,0,100,,16478,,,0,100,,16479,,,0,100,,16480,,,0,100,,16481,,,0,100,,16482,,,0,100,,16483,,,0
5400,'236.0.2',800,,16484,,,0,100,,16485,,,0,100,,16486,,,0,100,,16487,,,0,100,,16488,,,0,100,,16489,,,0,100,,16490,,,0,100,,16491,,,0,100,,16492,,,0,100,,16493,,,0,100,,16494,,,0,100,,16495,,,0,100,,16496,,,0,100,,16497,,,0
5400,'236.0.3',602,,16498,,,0,28,,16499,,,0,70,,16500,,,0,28,,16501,,,0,30,,16502,,,0,71,,16503,,,0,75,,16504,,,0,100,,16505,,,0,100,,16506,,,0,100,,16507,,,0,100,,16508,,,0,100,,16509,,,0,100,,16510,,,0,30,,16511,,,0,70,,16512,,,0,29,,16513,,,0,70,,16514,,,0,30,,16515,,,0,71,,16516,,,0,30,,16517,,,0,70,,16518,,,0,30,,16519,,,0,70,,16520,,,0,100,,16521,,,0
5500,'236.0.1',730,,16577,,,0,100,,16578,,,0,100,,16579,,,0,100,,16580,,,0,100,,16581,,,0,100,,16582,,,0,100,,16583,,,0,100,,16584,,,0,100,,16585,,,0,100,,16586,,,0,100,,16587,,,0,100,,16588,,,0,100,,16589,,,0,100,,16590,,,0,100,,16591,,,0
5500,'236.0.2',730,,16592,,,0,100,,16593,,,0,100,,16594,,,0,100,,16595,,,0,100,,16596,,,0,100,,16597,,,0,100,,16598,,,0,100,,16599,,,0,100,,16600,,,0,100,,16601,,,0,100,,16602,,,0,100,,16603,,,0,100,,16604,,,0,100,,16605,,,0,100,,16606,,,0
5500,'236.0.3',619,,16607,,,0,30,,16625,,,0,70,,16608,,,0,30,,16609,,,0,100,,16610,,,0,85,,16611,,,0,100,,16612,,,0,100,,16613,,,0,100,,16614,,,0,100,,16615,,,0,100,,16616,,,0,85,,16617,,,0,100,,16618,,,0,35,,16626,,,0,70,,16619,,,0,25,,16620,,,0,75,,16621,,,0,100,,16622,,,0,110,,16623,,,0,100,,16624,,,0
