500,'236.0.1',644,,1401,13,,,0,60,,1402,13,,,0,20,,1403,13,,,0,20,,1404,13,,,0,60,,1405,13,,,0,20,,1406,13,,,0,21,,1407,13,,,0,61,,1408,13,,,0,20,,1409,13,,,0,20,,1410,13,,,0,60,,1411,13,,,0,20,,1412,13,,,0,20,,1413,13,,,0,61,,1414,13,,,0,20,,1415,13,,,0,20,,1416,13,,,0,60,,1417,13,,,0,20,,1418,13,,,0,20,,1419,13,,,0,60,,1420,13,,,0,20,,1421,13,,,0,20,,1422,13,,,0,60,,1423,13,,,0,20,,1424,13,,,0,20,,1425,13,,,0,59,,1426,13,,,0,20,,1427,13,,,0,20,,1428,13,,,0,60,,1429,13,,,0,20,,1430,13,,,0,20,,1431,13,,,0,60,,1432,13,,,0,20,,1433,13,,,0,20,,1434,13,,,0,60,,1435,13,,,0,20,,1436,13,,,0,20,,1437,13,,,0,60,,1438,13,,,0,20,,1439,13,,,0,20,,1440,13,,,0,60,,1441,13,,,0,20,,1442,13,,,0,20,,1443,13,,,0,60,,1444,13,,,0,20,,1445,13,,,0,20,,1446,13,,,0,60,,1447,13,,,0,20,,1448,13,,,0,30,,1449,13,,,0,70,,1450,13,,,0,30,,1451,13,,,0,70,,1452,13,,,0,30,,1453,13,,,0,70,,1454,13,,,0
500,'236.0.2',644,,1455,13,,,0,70,,1456,13,,,0,30,,1457,13,,,0,70,,1458,13,,,0,30,,1459,13,,,0,70,,1460,13,,,0,30,,1461,13,,,0,72,,1462,13,,,0,30,,1463,13,,,0,70,,1464,13,,,0,30,,1465,13,,,0,70,,1466,13,,,0,30,,1467,13,,,0,70,,1468,13,,,0,30,,1469,13,,,0,70,,1470,13,,,0,30,,1471,13,,,0,70,,1472,13,,,0,30,,1473,13,,,0,70,,1474,13,,,0,30,,1475,13,,,0,70,,1476,13,,,0,30,,1477,13,,,0,70,,1478,13,,,0,30,,1479,13,,,0,70,,1480,13,,,0,30,,1481,13,,,0,70,,1482,13,,,0,30,,1483,13,,,0,69,,1484,13,,,0,30,,1485,13,,,0,70,,1486,13,,,0,30,,1487,13,,,0,70,,1488,13,,,0,30,,1489,13,,,0,70,,1490,13,,,0
500,'236.0.3',544,,1491,13,,,0,70,,1492,13,,,0,15,,1493,13,,,0,15,,1494,13,,,0,15,,1495,13,,,0,55,,1496,13,,,0,15,,1497,13,,,0,15,,1498,13,,,0,15,,1499,13,,,0,55,,1500,13,,,0,15,,1501,13,,,0,15,,1502,13,,,0,56,,1503,13,,,0,16,,1504,13,,,0,15,,1505,13,,,0,15,,1506,13,,,0,55,,1507,13,,,0,15,,1508,13,,,0,15,,1509,13,,,0,15,,1510,13,,,0,55,,1511,13,,,0,17,,1512,13,,,0,15,,1513,13,,,0,15,,1514,13,,,0,55,,1515,13,,,0,15,,1516,13,,,0,15,,1517,13,,,0,15,,1518,13,,,0,55,,1519,13,,,0,15,,1520,13,,,0,15,,1521,13,,,0,15,,1522,13,,,0,55,,1523,13,,,0,15,,1524,13,,,0,15,,1525,13,,,0,15,,1526,13,,,0,55,,1527,13,,,0,14,,1528,13,,,0,15,,1529,13,,,0,15,,1530,13,,,0,55,,1531,13,,,0,15,,1532,13,,,0,15,,1533,13,,,0,15,,1534,13,,,0,55,,1535,13,,,0,15,,1536,13,,,0,15,,1537,13,,,0,15,,1538,13,,,0,55,,1539,13,,,0,15,,1540,13,,,0,15,,1541,13,,,0,15,,1542,13,,,0,60,,1543,13,,,0,15,,1544,13,,,0,20,,1545,13,,,0,60,,1546,13,,,0,19,,1547,13,,,0,20,,1548,13,,,0,60,,1549,13,,,0,20,,1550,13,,,0,20,,1551,13,,,0,60,,1552,13,,,0,35,,1553,13,,,0,70,,1554,13,,,0,30,,1555,13,,,0,70,,1556,13,,,0,30,,1557,13,,,0,70,,1558,13,,,0
1000601,'236.0.3',537,,6531,5,,,0,70,,6532,5,,,0,30,,6533,5,,,0,70,,6534,5,,,0,30,,6535,5,,,0,70,,6536,5,,,0,30,,6537,5,,,0,70,,6538,5,,,0,15,,6539,5,,,0,30,,6540,5,,,0,70,,6541,5,,,0,30,,6542,5,,,0,70,,6543,5,,,0,30,,6544,5,,,0,70,,6545,5,,,0,30,,6546,5,,,0,70,,6547,5,,,0,30,,6548,5,,,0,70,,6549,5,,,0,30,,6550,5,,,0,55,,6551,5,,,0,30,,6552,5,,,0,70,,6553,5,,,0,30,,6554,5,,,0,70,,6555,5,,,0,30,,6556,5,,,0,70,,6557,5,,,0,30,,6558,5,,,0
2000601,'236.0.1',604,,7540,5,,,0,100,,7541,5,,,0,100,,7542,5,,,0,100,,7543,5,,,0,101,,7544,5,,,0,100,,7545,5,,,0,100,,7546,5,,,0,100,,7547,5,,,0,100,,7548,5,,,0,100,,7549,5,,,0,100,,7550,5,,,0,99,,7551,5,,,0,100,,7552,5,,,0,100,,7553,5,,,0,100,,7554,5,,,0,100,,7555,5,,,0,100,,7556,5,,,0,100,,7557,5,,,0,100,,7558,5,,,0
2000601,'236.0.2',604,,7560,5,,,0,100,,7561,5,,,0,100,,7562,5,,,0,101,,7563,5,,,0,100,,7564,5,,,0,100,,7565,5,,,0,100,,7566,5,,,0,100,,7567,5,,,0,100,,7568,5,,,0,100,,7569,5,,,0,100,,7570,5,,,0,100,,7571,5,,,0,100,,7572,5,,,0,99,,7573,5,,,0,100,,7574,5,,,0,100,,7575,5,,,0,100,,7576,5,,,0,100,,7577,5,,,0,100,,7578,5,,,0
2000601,'236.0.3',544,,7581,5,,,0,70,,7582,5,,,0,30,,7583,5,,,0,70,,7584,5,,,0,30,,7585,5,,,0,70,,7586,5,,,0,31,,7587,5,,,0,65,,7588,5,,,0,100,,7589,5,,,0,100,,7590,5,,,0,100,,7591,5,,,0,100,,7592,5,,,0,100,,7593,5,,,0,104,,7594,5,,,0,30,,7595,5,,,0,70,,7596,5,,,0,30,,7597,5,,,0,69,,7598,5,,,0,30,,7599,5,,,0,70,,7600,5,,,0,100,,7601,5,,,0,100,,7602,5,,,0,100,,7603,5,,,0,100,,7604,5,,,0,100,,7605,5,,,0,100,,7606,5,,,0
3000601,'236.0.1',634,,8554,5,,,0,100,,8555,5,,,0,100,,8556,5,,,0,100,,8557,5,,,0,100,,8558,5,,,0,100,,8559,5,,,0,101,,8560,5,,,0,100,,8561,5,,,0,100,,8562,5,,,0,100,,8563,5,,,0,100,,8564,5,,,0,100,,8565,5,,,0,99,,8566,5,,,0,100,,8567,5,,,0,100,,8568,5,,,0,100,,8569,5,,,0,100,,8570,5,,,0,100,,8571,5,,,0,100,,8572,5,,,0
3000601,'236.0.2',634,,8574,5,,,0,100,,8575,5,,,0,100,,8576,5,,,0,100,,8577,5,,,0,101,,8578,5,,,0,100,,8579,5,,,0,100,,8580,5,,,0,100,,8581,5,,,0,100,,8582,5,,,0,100,,8583,5,,,0,100,,8584,5,,,0,100,,8585,5,,,0,100,,8586,5,,,0,100,,8587,5,,,0,99,,8588,5,,,0,100,,8589,5,,,0,100,,8590,5,,,0,100,,8591,5,,,0,100,,8592,5,,,0
3000601,'236.0.3',559,,8594,5,,,0,70,,8595,5,,,0,30,,8596,5,,,0,70,,8597,5,,,0,30,,8598,5,,,0,70,,8599,5,,,0,30,,8600,5,,,0,80,,8601,5,,,0,100,,8602,5,,,0,100,,8603,5,,,0,101,,8604,5,,,0,100,,8605,5,,,0,100,,8606,5,,,0,89,,8607,5,,,0,30,,8608,5,,,0,70,,8609,5,,,0,30,,8610,5,,,0,70,,8611,5,,,0,29,,8612,5,,,0,70,,8613,5,,,0,116,,8614,5,,,0,100,,8615,5,,,0,100,,8616,5,,,0,100,,8617,5,,,0,100,,8618,5,,,0,100,,8619,5,,,0
