800,'236.0.1',607,,1718,39,,,0,30,,1719,39,,,0,70,,1720,39,,,0,30,,1721,39,,,0,71,,1722,39,,,0,23,,1723,39,,,0,22,,1724,39,,,0,70,,1725,39,,,0,30,,1726,39,,,0,70,,1727,39,,,0,31,,1728,39,,,0,69,,1729,39,,,0,30,,1730,39,,,0,70,,1731,39,,,0,30,,1732,39,,,0,70,,1733,39,,,0,30,,1734,39,,,0,70,,1735,39,,,0,32,,1736,39,,,0,70,,1737,39,,,0,30,,1738,39,,,0,70,,1739,39,,,0,30,,1740,39,,,0,70,,1741,39,,,0,30,,1742,39,,,0,70,,1743,39,,,0,30,,1744,39,,,0,70,,1745,39,,,0,30,,1746,39,,,0,70,,1747,39,,,0,30,,1748,39,,,0,70,,1749,39,,,0,30,,1750,39,,,0,70,,1751,39,,,0,25,,1752,39,,,0,69,,1753,39,,,0,30,,1754,39,,,0,100,,1755,39,,,0
800,'236.0.2',626,,1756,39,,,0,30,,1757,39,,,0,70,,1758,39,,,0,30,,1759,39,,,0,70,,1760,39,,,0,30,,1761,39,,,0,70,,1762,39,,,0,30,,1763,39,,,0,70,,1764,39,,,0,74,,1765,39,,,0,30,,1766,39,,,0,25,,1767,39,,,0,71,,1768,39,,,0,32,,1769,39,,,0,70,,1770,39,,,0,30,,1771,39,,,0,70,,1772,39,,,0,30,,1773,39,,,0,70,,1774,39,,,0,30,,1775,39,,,0,70,,1776,39,,,0,75,,1777,39,,,0,29,,1778,39,,,0,70,,1779,39,,,0,30,,1780,39,,,0,69,,1781,39,,,0,28,,1782,39,,,0,30,,1783,39,,,0,67,,1784,39,,,0,29,,1785,39,,,0,70,,1786,39,,,0,30,,1787,39,,,0,70,,1788,39,,,0,30,,1789,39,,,0,100,,1790,39,,,0,100,,1791,39,,,0
800,'236.0.3',556,,1794,39,,,0,70,,1795,39,,,0,30,,1796,39,,,0,78,,1797,39,,,0,72,,1798,39,,,0,31,,1799,39,,,0,70,,1800,39,,,0,30,,1801,39,,,0,70,,1802,39,,,0,20,,1803,39,,,0,20,,1804,39,,,0,60,,1805,39,,,0,20,,1806,39,,,0,20,,1807,39,,,0,60,,1808,39,,,0,20,,1809,39,,,0,20,,1810,39,,,0,60,,1811,39,,,0,20,,1812,39,,,0,20,,1813,39,,,0,60,,1814,39,,,0,20,,1815,39,,,0,20,,1816,39,,,0,60,,1817,39,,,0,29,,1818,39,,,0,64,,1819,39,,,0,20,,1820,39,,,0,20,,1821,39,,,0,60,,1822,39,,,0,20,,1823,39,,,0,20,,1824,39,,,0,60,,1825,39,,,0,17,,1826,39,,,0,26,,1827,39,,,0,10,,1842,39,,,0,50,,1828,39,,,0,30,,1829,39,,,0,70,,1830,39,,,0,30,,1831,39,,,0,70,,1832,39,,,0,28,,1833,39,,,0,69,,1834,39,,,0,30,,1835,39,,,0,70,,1836,39,,,0,30,,1837,39,,,0,70,,1838,39,,,0,30,,1839,39,,,0,70,,1840,39,,,0,30,,1841,39,,,0
9000,'236.0.1',631,,5717,34,,,0,25,,5718,34,,,0,70,,5719,34,,,0,30,,5720,34,,,0,70,,5721,34,,,0,25,,5722,34,,,0,70,,5723,34,,,0,30,,5724,34,,,0,66,,5725,34,,,0,33,,5726,34,,,0,70,,5727,34,,,0,30,,5728,34,,,0,70,,5729,34,,,0,27,,5730,34,,,0,70,,5731,34,,,0,30,,5732,34,,,0,70,,5733,34,,,0,30,,5734,34,,,0,70,,5735,34,,,0,30,,5736,34,,,0,70,,5737,34,,,0,33,,5738,34,,,0,70,,5739,34,,,0,30,,5740,34,,,0,70,,5741,34,,,0,30,,5742,34,,,0,70,,5743,34,,,0,30,,5744,34,,,0,70,,5745,34,,,0,104,,5746,34,,,0,100,,5747,34,,,0,100,,5748,34,,,0,100,,5749,34,,,0
9000,'236.0.2',620,,5750,34,,,0,100,,5751,34,,,0,100,,5752,34,,,0,95,,5753,34,,,0,97,,5754,34,,,0,100,,5755,34,,,0,102,,5756,34,,,0,100,,5757,34,,,0,98,,5758,34,,,0,100,,5759,34,,,0,100,,5760,34,,,0,100,,5761,34,,,0,103,,5762,34,,,0,104,,5763,34,,,0,101,,5764,34,,,0,100,,5765,34,,,0,100,,5766,34,,,0,100,,5767,34,,,0
9000,'236.0.3',618,,5801,34,,,0,15,,5800,34,,,0,15,,5768,34,,,0,55,,5802,34,,,0,15,,5769,34,,,0,15,,5803,34,,,0,15,,5770,34,,,0,55,,5804,34,,,0,20,,5771,34,,,0,30,,5772,34,,,0,65,,5773,34,,,0,31,,5774,34,,,0,69,,5775,34,,,0,30,,5776,34,,,0,70,,5777,34,,,0,27,,5778,34,,,0,71,,5779,34,,,0,30,,5780,34,,,0,70,,5781,34,,,0,30,,5782,34,,,0,70,,5783,34,,,0,36,,5784,34,,,0,57,,5805,34,,,0,15,,5785,34,,,0,15,,5806,34,,,0,15,,5786,34,,,0,55,,5807,34,,,0,15,,5787,34,,,0,15,,5808,34,,,0,15,,5812,34,,,0,55,,5809,34,,,0,15,,5788,34,,,0,15,,5810,34,,,0,14,,5789,34,,,0,50,,5811,34,,,0,12,,5790,34,,,0,35,,5791,34,,,0,70,,5792,34,,,0,30,,5793,34,,,0,70,,5794,34,,,0,30,,5795,34,,,0,100,,5796,34,,,0,96,,5797,34,,,0,100,,5798,34,,,0,100,,5799,34,,,0
9100,'236.0.1',724,,5910,17,,,0,100,,5911,17,,,0,100,,5912,17,,,0,100,,5913,17,,,0,100,,5914,17,,,0,100,,5915,17,,,0,100,,5916,17,,,0,100,,5917,17,,,0,100,,5918,17,,,0,100,,5919,17,,,0,100,,5920,17,,,0,100,,5921,17,,,0,100,,5922,17,,,0,100,,5923,17,,,0,100,,5924,17,,,0,100,,5925,17,,,0
9100,'236.0.2',753,,5926,17,,,0,100,,5927,17,,,0,100,,5928,17,,,0,100,,5929,17,,,0,100,,5930,17,,,0,100,,5931,17,,,0,100,,5932,17,,,0,100,,5933,17,,,0,100,,5934,17,,,0,100,,5935,17,,,0,100,,5936,17,,,0,100,,5937,17,,,0,100,,5938,17,,,0,100,,5939,17,,,0,100,,5940,17,,,0
9100,'236.0.3',633,,5941,17,,,0,24,,5942,17,,,0,68,,5943,17,,,0,76,,5944,17,,,0,29,,5945,17,,,0,71,,5946,17,,,0,100,,5947,17,,,0,103,,5948,17,,,0,100,,5949,17,,,0,99,,5950,17,,,0,100,,5951,17,,,0,101,,5952,17,,,0,30,,5953,17,,,0,70,,5954,17,,,0,30,,5955,17,,,0,70,,5956,17,,,0,30,,5957,17,,,0,71,,5958,17,,,0,30,,5959,17,,,0,97,,5960,17,,,0,100,,5961,17,,,0,100,,5962,17,,,0,100,,5963,17,,,0
9300,'236.0.3',1541,,6019,25,,,0,67,,6020,25,,,0,41,,6021,25,,,0,63,,6022,25,,,0,35,,6023,25,,,0,59,,6024,25,,,0,30,,6025,25,,,0
