1005100,'220.0.1',625,,10795,,,0,30,,10796,,,0,70,,10797,,,0,30,,10798,,,0,70,,10799,,,0,30,,10800,,,0,70,,10801,,,0,30,,10802,,,0,70,,10803,,,0,30,,10804,,,0,70,,10805,,,0,30,,10806,,,0,70,,10807,,,0,30,,10808,,,0,70,,10809,,,0,30,,10810,,,0,70,,10811,,,0,30,,10812,,,0,70,,10813,,,0,30,,10814,,,0,70,,10815,,,0,30,,10816,,,0,70,,10817,,,0,30,,10818,,,0,70,,10819,,,0,30,,10820,,,0,70,,10821,,,0,30,,10822,,,0,70,,10823,,,0,30,,10824,,,0,70,,10825,,,0,30,,10826,,,0,70,,10827,,,0,30,,10828,,,0,70,,10829,,,0,30,,10830,,,0
1005100,'220.0.2',715,,10831,,,0,100,,10832,,,0,100,,10833,,,0,100,,10834,,,0,100,,10835,,,0,100,,10836,,,0,100,,10837,,,0,100,,10838,,,0,100,,10839,,,0,100,,10840,,,0,100,,10841,,,0,100,,10842,,,0,100,,10843,,,0,100,,10844,,,0,100,,10845,,,0,100,,10846,,,0
1005100,'220.0.3',901,,10847,,,0,30,,10848,,,0,70,,10849,,,0,29,,10850,,,0,71,,10851,,,0,30,,10852,,,0,70,,10853,,,0,30,,10854,,,0,70,,10855,,,0,30,,10856,,,0,70,,10857,,,0,30,,10858,,,0,70,,10859,,,0,30,,10860,,,0,70,,10861,,,0,30,,10862,,,0,70,,10863,,,0,30,,10864,,,0,70,,10865,,,0,30,,10866,,,0,70,,10867,,,0,30,,10868,,,0,70,,10869,,,0,30,,10870,,,0,70,,10871,,,0,30,,10872,,,0,70,,10873,,,0,30,,10874,,,0,70,,10875,,,0,30,,10876,,,0,70,,10877,,,0
1005100,'220.0.4',901,,10878,,,0,30,,10879,,,0,70,,10880,,,0,29,,10881,,,0,71,,10882,,,0,30,,10883,,,0,70,,10884,,,0,30,,10885,,,0,70,,10886,,,0,30,,10887,,,0,70,,10888,,,0,30,,10889,,,0,70,,10890,,,0,30,,10891,,,0,70,,10892,,,0,30,,10893,,,0,70,,10894,,,0,30,,10895,,,0,70,,10896,,,0,30,,10897,,,0,70,,10898,,,0,30,,10899,,,0,70,,10900,,,0,30,,10901,,,0,70,,10902,,,0,30,,10903,,,0,70,,10904,,,0,30,,10905,,,0,70,,10906,,,0,30,,10907,,,0,70,,10908,,,0,30,,10909,,,0,70,,10910,,,0,30,,10911,,,0
1005101,'220.0.1',649,,10912,4,,0,70,,10913,4,,0,30,,10914,4,,0,70,,10915,4,,0,30,,10916,4,,0,70,,10917,4,,0,30,,10918,4,,0,70,,10919,4,,0,30,,10920,4,,0,70,,10921,4,,0,30,,10922,4,,0,70,,10923,4,,0,30,,10924,4,,0,70,,10925,4,,0,30,,10926,4,,0,70,,10927,4,,0,30,,10928,4,,0,70,,10929,4,,0,30,,10930,4,,0,70,,10931,4,,0,30,,10932,4,,0,70,,10933,4,,0,30,,10934,4,,0,70,,10935,4,,0,30,,10936,4,,0,70,,10937,4,,0,30,,10938,4,,0,70,,10939,4,,0,30,,10940,4,,0,70,,10941,4,,0,30,,10942,4,,0,70,,10943,4,,0,30,,10944,4,,0,70,,10945,4,,0,30,,10946,4,,0,70,,10947,4,,0
1005101,'220.0.2',739,,10948,4,,0,100,,10949,4,,0,100,,10950,4,,0,100,,10951,4,,0,100,,10952,4,,0,100,,10953,4,,0,100,,10954,4,,0,100,,10955,4,,0,100,,10956,4,,0,100,,10957,4,,0,100,,10958,4,,0,100,,10959,4,,0,100,,10960,4,,0,100,,10961,4,,0,100,,10962,4,,0,100,,10963,4,,0
1005101,'220.0.3',926,,10964,4,,0,30,,10965,4,,0,70,,10966,4,,0,30,,10967,4,,0,70,,10968,4,,0,30,,10969,4,,0,72,,10970,4,,0,30,,10971,4,,0,70,,10972,4,,0,30,,10973,4,,0,70,,10974,4,,0,30,,10975,4,,0,70,,10976,4,,0,30,,10977,4,,0,70,,10978,4,,0,30,,10979,4,,0,70,,10980,4,,0,30,,10981,4,,0,68,,10982,4,,0,30,,10983,4,,0,70,,10984,4,,0,30,,10985,4,,0,70,,10986,4,,0,30,,10987,4,,0,70,,10988,4,,0,30,,10989,4,,0,70,,10990,4,,0,30,,10991,4,,0,70,,10992,4,,0,30,,10993,4,,0,70,,10994,4,,0
1005101,'220.0.4',926,,10995,4,,0,30,,10996,4,,0,70,,10997,4,,0,30,,10998,4,,0,70,,10999,4,,0,30,,11000,4,,0,72,,11001,4,,0,30,,11002,4,,0,70,,11003,4,,0,30,,11004,4,,0,70,,11005,4,,0,30,,11006,4,,0,70,,11007,4,,0,30,,11008,4,,0,70,,11009,4,,0,30,,11010,4,,0,70,,11011,4,,0,30,,11012,4,,0,68,,11013,4,,0,30,,11014,4,,0,70,,11015,4,,0,30,,11016,4,,0,70,,11017,4,,0,30,,11018,4,,0,70,,11019,4,,0,30,,11020,4,,0,70,,11021,4,,0,30,,11022,4,,0,70,,11023,4,,0,30,,11024,4,,0,70,,11025,4,,0,30,,11026,4,,0,70,,11027,4,,0,30,,11028,4,,0
2005100,'220.0.3',604,,12461,,,0,30,,12462,,,0,70,,12463,,,0,27,,12464,,,0,70,,12465,,,0,30,,12466,,,0,628,,12467,,,0,70,,12468,,,0,30,,12469,,,0,70,,12470,,,0,30,,12471,,,0,70,,12472,,,0,28,,12473,,,0
2005100,'220.0.4',604,,12474,,,0,30,,12475,,,0,70,,12476,,,0,27,,12477,,,0,70,,12478,,,0,30,,12479,,,0,628,,12480,,,0,70,,12481,,,0,30,,12482,,,0,70,,12483,,,0,30,,12484,,,0,70,,12485,,,0,28,,12486,,,0
2005101,'220.0.3',624,,12487,4,,0,30,,12488,4,,0,74,,12489,4,,0,30,,12490,4,,0,70,,12491,4,,0,30,,12492,4,,0,675,,12493,4,,0,70,,12494,4,,0,30,,12495,4,,0,70,,12496,4,,0,30,,12497,4,,0,70,,12498,4,,0,28,,12499,4,,0
2005101,'220.0.4',624,,12500,4,,0,30,,12501,4,,0,74,,12502,4,,0,30,,12503,4,,0,70,,12504,4,,0,30,,12505,4,,0,675,,12506,4,,0,70,,12507,4,,0,30,,12508,4,,0,70,,12509,4,,0,30,,12510,4,,0,70,,12511,4,,0,28,,12512,4,,0
