6701,'236.0.1',725,,4595,3,,,0,100,,4596,3,,,0,100,,4597,3,,,0,100,,4598,3,,,0,100,,4599,3,,,0,100,,4600,3,,,0,100,,4601,3,,,0,100,,4602,3,,,0,100,,4603,3,,,0,100,,4604,3,,,0,100,,4605,3,,,0,100,,4606,3,,,0,100,,4607,3,,,0,100,,4608,3,,,0,100,,4609,3,,,0,100,,4610,3,,,0
6701,'236.0.2',725,,4611,3,,,0,100,,4612,3,,,0,100,,4613,3,,,0,100,,4614,3,,,0,100,,4615,3,,,0,100,,4616,3,,,0,100,,4617,3,,,0,100,,4618,3,,,0,100,,4619,3,,,0,100,,4620,3,,,0,100,,4621,3,,,0,100,,4622,3,,,0,100,,4623,3,,,0,100,,4624,3,,,0,100,,4625,3,,,0,100,,4626,3,,,0
6701,'236.0.3',610,,4627,3,,,0,30,,4628,3,,,0,70,,4629,3,,,0,30,,4630,3,,,0,70,,4631,3,,,0,30,,4632,3,,,0,100,,4633,3,,,0,100,,4634,3,,,0,100,,4635,3,,,0,100,,4636,3,,,0,100,,4637,3,,,0,100,,4638,3,,,0,70,,4639,3,,,0,30,,4640,3,,,0,70,,4641,3,,,0,30,,4642,3,,,0,70,,4643,3,,,0,30,,4644,3,,,0,69,,4645,3,,,0,30,,4646,3,,,0,70,,4647,3,,,0,100,,4648,3,,,0,100,,4649,3,,,0,100,,4650,3,,,0
1000600,'236.0.3',524,,6503,3,,,0,30,,6504,3,,,0,70,,6505,3,,,0,30,,6506,3,,,0,70,,6507,3,,,0,30,,6508,3,,,0,70,,6509,3,,,0,30,,6510,3,,,0,70,,6511,3,,,0,17,,6512,3,,,0,70,,6513,3,,,0,30,,6514,3,,,0,70,,6515,3,,,0,30,,6516,3,,,0,70,,6517,3,,,0,30,,6518,3,,,0,70,,6519,3,,,0,30,,6520,3,,,0,70,,6521,3,,,0,30,,6522,3,,,0,70,,6523,3,,,0,15,,6524,3,,,0,30,,6525,3,,,0,70,,6526,3,,,0,30,,6527,3,,,0,70,,6528,3,,,0,30,,6529,3,,,0,70,,6530,3,,,0
2000600,'236.0.1',544,,7471,31,,,0,100,,7472,31,,,0,100,,7473,31,,,0,100,,7474,31,,,0,100,,7475,31,,,0,102,,7476,31,,,0,100,,7477,31,,,0,102,,7478,31,,,0,100,,7479,31,,,0,100,,7480,31,,,0,100,,7481,31,,,0,99,,7482,31,,,0,100,,7483,31,,,0,99,,7484,31,,,0,98,,7485,31,,,0,100,,7486,31,,,0,100,,7487,31,,,0,98,,7488,31,,,0,100,,7489,31,,,0,100,,7490,31,,,0
2000600,'236.0.2',540,,7491,31,,,0,103,,7492,31,,,0,100,,7493,31,,,0,100,,7494,31,,,0,100,,7495,31,,,0,102,,7496,31,,,0,100,,7497,31,,,0,100,,7498,31,,,0,101,,7499,31,,,0,100,,7500,31,,,0,100,,7501,31,,,0,100,,7502,31,,,0,100,,7503,31,,,0,100,,7504,31,,,0,100,,7505,31,,,0,98,,7506,31,,,0,100,,7507,31,,,0,97,,7508,31,,,0,100,,7509,31,,,0,100,,7510,31,,,0
2000600,'236.0.3',552,,7511,31,,,0,51,,7512,31,,,0,26,,7513,33,,,0,30,,7514,33,,,0,72,,7515,33,,,0,72,,7516,33,,,0,29,,7517,33,,,0,70,,7518,33,,,0,30,,7519,33,,,0,25,,7520,33,,,0,100,,7521,33,,,0,100,,7522,33,,,0,101,,7523,33,,,0,100,,7524,33,,,0,100,,7525,33,,,0,145,,7526,33,,,0,30,,7527,33,,,0,69,,7528,33,,,0,30,,7529,33,,,0,70,,7530,33,,,0,29,,7531,33,,,0,69,,7532,33,,,0,56,,7533,33,,,0,100,,7534,33,,,0,98,,7535,31,,,0,97,,7536,31,,,0,100,,7537,31,,,0,100,,7538,31,,,0
3000600,'236.0.1',615,,8486,31,,,0,103,,8487,31,,,0,100,,8488,31,,,0,101,,8489,31,,,0,101,,8490,31,,,0,101,,8491,31,,,0,100,,8492,31,,,0,102,,8493,31,,,0,100,,8494,31,,,0,100,,8495,31,,,0,99,,8496,31,,,0,100,,8497,31,,,0,99,,8498,31,,,0,100,,8499,31,,,0,98,,8500,31,,,0,99,,8501,31,,,0,99,,8502,31,,,0,100,,8503,31,,,0,100,,8504,31,,,0,100,,8505,31,,,0
3000600,'236.0.2',615,,8506,31,,,0,103,,8507,31,,,0,100,,8508,31,,,0,100,,8509,31,,,0,100,,8510,31,,,0,102,,8511,31,,,0,101,,8512,31,,,0,101,,8513,31,,,0,100,,8514,31,,,0,100,,8515,31,,,0,99,,8516,31,,,0,100,,8517,31,,,0,100,,8518,31,,,0,100,,8519,31,,,0,100,,8520,31,,,0,98,,8521,31,,,0,98,,8522,31,,,0,100,,8523,31,,,0,100,,8524,31,,,0,100,,8525,31,,,0
3000600,'236.0.3',618,,8526,33,,,0,30,,8527,33,,,0,69,,8528,33,,,0,30,,8529,33,,,0,70,,8530,33,,,0,30,,8531,33,,,0,73,,8532,33,,,0,30,,8533,33,,,0,81,,8534,33,,,0,100,,8535,33,,,0,100,,8536,33,,,0,101,,8537,33,,,0,100,,8538,33,,,0,100,,8539,33,,,0,90,,8540,33,,,0,29,,8541,33,,,0,70,,8542,33,,,0,30,,8543,33,,,0,69,,8544,33,,,0,27,,8545,33,,,0,69,,8546,33,,,0,116,,8547,33,,,0,100,,8548,33,,,0,100,,8549,33,,,0,95,,8550,31,,,0,100,,8551,31,,,0,100,,8552,31,,,0
