100,'236.0.1',609,,2,25,,,0,15,,3,25,,,0,15,,4,25,,,0,15,,5,25,,,0,55,,6,25,,,0,15,,7,25,,,0,15,,8,25,,,0,15,,9,25,,,0,58,,10,25,,,0,15,,11,25,,,0,15,,12,25,,,0,15,,13,25,,,0,55,,14,25,,,0,15,,15,25,,,0,17,,16,25,,,0,15,,17,25,,,0,55,,18,25,,,0,15,,19,25,,,0,15,,20,25,,,0,57,,21,25,,,0,16,,22,25,,,0,15,,23,25,,,0,15,,24,25,,,0,55,,25,25,,,0,15,,26,25,,,0,15,,27,25,,,0,15,,28,25,,,0,55,,29,25,,,0,15,,30,25,,,0,15,,31,25,,,0,15,,32,25,,,0,55,,33,25,,,0,15,,34,25,,,0,15,,35,25,,,0,15,,36,25,,,0,55,,37,25,,,0,15,,38,25,,,0,15,,39,25,,,0,15,,40,25,,,0,55,,41,25,,,0,15,,42,25,,,0,15,,43,25,,,0,15,,44,25,,,0,55,,45,25,,,0,15,,46,25,,,0,15,,47,25,,,0,15,,48,25,,,0,55,,49,25,,,0,15,,50,25,,,0,15,,51,25,,,0,15,,52,25,,,0,55,,53,25,,,0,14,,54,25,,,0,14,,55,25,,,0,15,,56,25,,,0,55,,57,25,,,0,15,,58,25,,,0,15,,59,25,,,0,15,,60,25,,,0,55,,61,25,,,0,15,,62,25,,,0,15,,63,25,,,0,15,,64,25,,,0,55,,65,25,,,0,13,,66,25,,,0,13,,67,25,,,0,15,,68,25,,,0,15,,69,25,,,0,55,,70,25,,,0,15,,71,25,,,0,15,,72,25,,,0,15,,73,25,,,0,55,,74,25,,,0,15,,75,25,,,0,15,,76,25,,,0,15,,77,25,,,0
100,'236.0.2',610,,78,25,,,0,15,,79,25,,,0,15,,80,25,,,0,15,,81,25,,,0,55,,82,25,,,0,15,,83,25,,,0,15,,84,25,,,0,15,,85,25,,,0,55,,86,25,,,0,15,,87,25,,,0,18,,88,25,,,0,15,,89,25,,,0,55,,90,25,,,0,15,,91,25,,,0,15,,92,25,,,0,15,,93,25,,,0,55,,94,25,,,0,17,,95,25,,,0,15,,96,25,,,0,55,,97,25,,,0,15,,98,25,,,0,15,,99,25,,,0,15,,100,25,,,0,57,,101,25,,,0,16,,102,25,,,0,15,,103,25,,,0,15,,104,25,,,0,55,,105,25,,,0,15,,106,25,,,0,15,,107,25,,,0,15,,108,25,,,0,55,,109,25,,,0,15,,110,25,,,0,15,,111,25,,,0,15,,112,25,,,0,55,,113,25,,,0,15,,114,25,,,0,15,,115,25,,,0,15,,116,25,,,0,55,,117,25,,,0,15,,118,25,,,0,15,,119,25,,,0,15,,120,25,,,0,55,,121,25,,,0,15,,122,25,,,0,15,,123,25,,,0,15,,124,25,,,0,55,,125,25,,,0,15,,126,25,,,0,13,,127,25,,,0,13,,128,25,,,0,15,,129,25,,,0,55,,130,25,,,0,15,,131,25,,,0,15,,132,25,,,0,15,,133,25,,,0,55,,134,25,,,0,15,,135,25,,,0,30,,136,25,,,0,70,,137,25,,,0,30,,138,25,,,0,68,,139,25,,,0,30,,140,25,,,0,70,,141,25,,,0,30,,142,25,,,0
100,'236.0.3',620,,144,25,,,0,10,,145,25,,,0,10,,146,25,,,0,10,,147,25,,,0,50,,148,25,,,0,10,,149,25,,,0,10,,150,25,,,0,10,,151,25,,,0,13,,152,25,,,0,13,,153,25,,,0,50,,154,25,,,0,10,,155,25,,,0,10,,156,25,,,0,10,,157,25,,,0,10,,158,25,,,0,10,,159,25,,,0,50,,160,25,,,0,10,,161,25,,,0,9,,162,25,,,0,9,,163,25,,,0,9,,164,25,,,0,10,,165,25,,,0,50,,166,25,,,0,10,,167,25,,,0,10,,168,25,,,0,10,,169,25,,,0,10,,170,25,,,0,10,,171,25,,,0,50,,172,25,,,0,10,,173,25,,,0,10,,174,25,,,0,10,,175,25,,,0,10,,176,25,,,0,10,,177,25,,,0,50,,178,25,,,0,10,,179,25,,,0,10,,180,25,,,0,10,,181,25,,,0,10,,182,25,,,0,10,,183,25,,,0,50,,184,25,,,0,10,,185,25,,,0,10,,186,25,,,0,10,,187,25,,,0,10,,188,25,,,0,10,,189,25,,,0,50,,190,25,,,0,10,,191,25,,,0,10,,192,25,,,0,10,,193,25,,,0,10,,194,25,,,0,10,,195,25,,,0,50,,196,25,,,0,10,,197,25,,,0,11,,198,25,,,0,12,,199,25,,,0,10,,200,25,,,0,10,,201,25,,,0,50,,202,25,,,0,10,,203,25,,,0,10,,204,25,,,0,10,,205,25,,,0,10,,206,25,,,0,10,,207,25,,,0,50,,208,25,,,0,10,,209,25,,,0,10,,210,25,,,0,10,,211,25,,,0,10,,212,25,,,0,9,,213,25,,,0,49,,214,25,,,0,7,,215,25,,,0,8,,216,25,,,0,10,,217,25,,,0,10,,218,25,,,0,10,,219,25,,,0,10,,220,25,,,0,50,,221,25,,,0,10,,222,25,,,0,10,,223,25,,,0,10,,224,25,,,0,10,,225,25,,,0,10,,226,25,,,0,50,,227,25,,,0,10,,228,25,,,0,10,,229,25,,,0,10,,230,25,,,0,10,,231,25,,,0,10,,232,25,,,0,50,,233,25,,,0,10,,234,25,,,0,10,,235,25,,,0,10,,236,25,,,0,10,,237,25,,,0,10,,238,25,,,0,50,,239,25,,,0,8,,240,25,,,0,15,,241,25,,,0,15,,242,25,,,0,55,,243,25,,,0,15,,244,25,,,0,15,,245,25,,,0,15,,246,25,,,0,55,,247,25,,,0,15,,248,25,,,0,15,,249,25,,,0,15,,250,25,,,0
801,'236.0.1',619,,1843,80,,,0,30,,1844,80,,,0,70,,1845,80,,,0,30,,1846,80,,,0,73,,1847,80,,,0,33,,1848,80,,,0,70,,1849,80,,,0,31,,1850,80,,,0,74,,1851,80,,,0,74,,1852,80,,,0,30,,1853,80,,,0,70,,1854,80,,,0,30,,1855,80,,,0,71,,1856,80,,,0,31,,1857,80,,,0,71,,1858,80,,,0,30,,1859,80,,,0,70,,1860,80,,,0,30,,1861,80,,,0,70,,1862,80,,,0,30,,1863,80,,,0,70,,1864,80,,,0,30,,1865,80,,,0,68,,1866,80,,,0,28,,1867,80,,,0,69,,1868,80,,,0,30,,1869,80,,,0,25,,1870,80,,,0,65,,1871,80,,,0,29,,1872,80,,,0,70,,1873,80,,,0,30,,1874,80,,,0,70,,1875,80,,,0,30,,1876,80,,,0,70,,1877,80,,,0,30,,1878,80,,,0,70,,1879,80,,,0,100,,1880,80,,,0
801,'236.0.2',625,,1881,80,,,0,30,,1882,80,,,0,70,,1883,80,,,0,30,,1884,80,,,0,70,,1885,80,,,0,30,,1886,80,,,0,72,,1887,80,,,0,75,,1888,80,,,0,30,,1889,80,,,0,72,,1890,80,,,0,33,,1891,80,,,0,70,,1892,80,,,0,30,,1893,80,,,0,70,,1894,80,,,0,30,,1895,80,,,0,70,,1896,80,,,0,30,,1897,80,,,0,70,,1898,80,,,0,30,,1899,80,,,0,70,,1900,80,,,0,30,,1901,80,,,0,70,,1902,80,,,0,30,,1903,80,,,0,70,,1904,80,,,0,25,,1905,80,,,0,68,,1906,80,,,0,30,,1907,80,,,0,70,,1908,80,,,0,30,,1909,80,,,0,70,,1910,80,,,0,26,,1911,80,,,0,27,,1912,80,,,0,70,,1913,80,,,0,30,,1914,80,,,0,100,,1915,80,,,0,100,,1916,80,,,0
801,'236.0.3',614,,1917,80,,,0,30,,1918,80,,,0,72,,1919,80,,,0,24,,1920,80,,,0,70,,1921,80,,,0,20,,1922,80,,,0,20,,1923,80,,,0,60,,1924,80,,,0,16,,1925,80,,,0,16,,1926,80,,,0,17,,1927,80,,,0,60,,1928,80,,,0,20,,1929,80,,,0,20,,1930,80,,,0,60,,1931,80,,,0,20,,1932,80,,,0,20,,1933,80,,,0,60,,1934,80,,,0,20,,1935,80,,,0,20,,1936,80,,,0,60,,1937,80,,,0,20,,1938,80,,,0,20,,1939,80,,,0,60,,1940,80,,,0,20,,1941,80,,,0,20,,1942,80,,,0,64,,1943,80,,,0,20,,1944,80,,,0,63,,1945,80,,,0,33,,1946,80,,,0,70,,1947,80,,,0,30,,1948,80,,,0,70,,1949,80,,,0,18,,1950,80,,,0,25,,1951,80,,,0,68,,1952,80,,,0,30,,1953,80,,,0,70,,1954,80,,,0,30,,1955,80,,,0,70,,1956,80,,,0,26,,1957,80,,,0,69,,1958,80,,,0,30,,1959,80,,,0,70,,1960,80,,,0,30,,1961,80,,,0,70,,1962,80,,,0,30,,1963,80,,,0,70,,1964,80,,,0
12300,'236.0.3',643,,6032,37,,,0,70,,6034,37,,,0,111,,6035,37,,,0,29,,6036,37,,,0,66,,6033,37,,,0
12300,'236.1141.3',751,,6037,37,,,0
12300,'236.1143.3',751,,6038,37,,,0
12700,'236.0.3',646,,6052,27,,,0,58,,6053,27,,,0,22,,6054,27,,,0,11,,6055,27,,,0,9,,6056,27,,,0,60,,6057,27,,,0,15,,6058,27,,,0,15,,6059,27,,,0,5,,6060,27,,,0
18200,'236.0.3',1455,,6179,4,,,0,55,,6180,4,,,0,15,,6181,4,,,0,15,,6182,4,,,0,14,,6183,4,,,0,55,,6184,4,,,0,15,,6185,4,,,0,15,,6186,4,,,0,15,,6187,4,,,0,56,,6188,4,,,0,15,,6189,4,,,0,16,,6190,4,,,0,15,,6192,4,,,0,54,,6191,4,,,0,16,,6193,4,,,0
18300,'236.0.3',1459,,6207,4,,,0,70,,6208,4,,,0,71,,6209,4,,,0,31,,6210,4,,,0,69,,6211,4,,,0,28,,6212,4,,,0,30,,6213,4,,,0
18500,'236.0.3',1507,,6220,4,,,0,15,,6221,4,,,0,15,,6222,4,,,0,16,,6223,4,,,0,55,,6224,4,,,0,16,,6225,4,,,0,15,,6226,4,,,0,15,,6227,4,,,0,52,,6228,4,,,0,15,,6231,4,,,0,15,,6229,4,,,0,15,,6232,4,,,0,55,,6230,4,,,0,15,,6233,4,,,0
18600,'236.0.3',1514,,6246,4,,,0,31,,6247,4,,,0,70,,6248,4,,,0,31,,6251,4,,,0,67,,6249,4,,,0,30,,6250,4,,,0
19200,'236.0.3',1517,,6258,4,,,0,30,,6259,4,,,0,70,,6260,4,,,0,30,,6261,4,,,0,70,,6262,4,,,0,30,,6263,4,,,0
19401,'236.0.3',1538,,6274,4,,,0,70,,6275,4,,,0,30,,6276,4,,,0,70,,6277,4,,,0
19600,'236.0.3',1540,,6278,4,,,0,70,,6279,4,,,0,30,,6280,4,,,0,71,,6281,4,,,0
1000901,'236.0.1',719,,6973,54,,,0,100,,6974,54,,,0,104,,6975,54,,,0,100,,6976,54,,,0,100,,6977,54,,,0,100,,6978,54,,,0,100,,6979,54,,,0,100,,6980,54,,,0,100,,6981,54,,,0,100,,6982,54,,,0,100,,6983,54,,,0,95,,6984,54,,,0,100,,6985,54,,,0,100,,6986,54,,,0,97,,6987,54,,,0,100,,6988,54,,,0,100,,6989,54,,,0,100,,6990,54,,,0
1000901,'236.0.2',713,,6991,54,,,0,98,,6992,54,,,0,105,,6993,54,,,0,100,,6994,54,,,0,104,,6995,54,,,0,100,,6996,54,,,0,100,,6997,54,,,0,100,,6998,54,,,0,100,,6999,54,,,0,100,,7000,54,,,0,100,,7001,54,,,0,100,,7002,54,,,0,100,,7003,54,,,0,96,,7004,54,,,0,96,,7005,54,,,0,100,,7006,54,,,0,99,,7007,54,,,0,99,,7008,54,,,0
1000901,'236.0.3',603,,7009,54,,,0,27,,7010,54,,,0,25,,7011,54,,,0,50,,7012,54,,,0,7,,7013,54,,,0,17,,7014,54,,,0,23,,7015,54,,,0,5,,7016,54,,,0,55,,7017,54,,,0,10,,7018,54,,,0,20,,7019,54,,,0,10,,7020,54,,,0,59,,7021,54,,,0,9,,7022,54,,,0,8,,7023,54,,,0,10,,7024,54,,,0,65,,7025,54,,,0,15,,7026,54,,,0,15,,7027,54,,,0,70,,7028,54,,,0,15,,7029,54,,,0,15,,7030,54,,,0,70,,7031,54,,,0,15,,7032,54,,,0,15,,7033,54,,,0,70,,7034,54,,,0,15,,7035,54,,,0,15,,7036,54,,,0,70,,7037,54,,,0,15,,7038,54,,,0,15,,7039,54,,,0,70,,7040,54,,,0,17,,7041,54,,,0,15,,7042,54,,,0,69,,7043,54,,,0,25,,7044,54,,,0,5,,7045,54,,,0,25,,7046,54,,,0,50,,7047,54,,,0,20,,7048,54,,,0,10,,7049,54,,,0,20,,7050,54,,,0,50,,7051,54,,,0,18,,7052,54,,,0,9,,7053,54,,,0,17,,7054,54,,,0,50,,7055,54,,,0,25,,7056,54,,,0,30,,7057,54,,,0,71,,7058,54,,,0,29,,7059,54,,,0,67,,7060,54,,,0,25,,7061,54,,,0,70,,7062,54,,,0,35,,7063,54,,,0,60,,7064,54,,,0,40,,7065,54,,,0,60,,7066,54,,,0,40,,7067,54,,,0,60,,7068,54,,,0
1001000,'236.0.3',630,,7069,14,,,0,19,,7070,14,,,0,59,,7071,14,,,0,28,,7072,14,,,0,18,,7073,14,,,0,60,,7074,14,,,0,20,,7075,14,,,0,20,,7076,14,,,0,60,,7077,14,,,0,500,,7078,14,,,0,19,,7079,14,,,0,20,,7080,14,,,0,60,,7081,14,,,0,20,,7082,14,,,0,22,,7083,14,,,0,60,,7084,14,,,0,20,,7085,14,,,0,20,,7086,14,,,0,50,,7087,14,,,0,29,,7088,14,,,0,20,,7089,14,,,0,60,,7090,14,,,0,17,,7091,14,,,0
2000901,'236.0.1',650,,8002,70,,,0,100,,8003,70,,,0,99,,8004,70,,,0,104,,8005,70,,,0,100,,8006,70,,,0,100,,8007,70,,,0,100,,8008,70,,,0,100,,8009,70,,,0,100,,8010,70,,,0,100,,8011,70,,,0,100,,8012,70,,,0,100,,8013,70,,,0,96,,8014,70,,,0,100,,8015,70,,,0,97,,8016,70,,,0,100,,8017,70,,,0,100,,8018,70,,,0,100,,8019,70,,,0,100,,8020,70,,,0
2000901,'236.0.2',643,,8021,70,,,0,100,,8022,70,,,0,98,,8023,70,,,0,106,,8024,70,,,0,100,,8025,70,,,0,103,,8026,70,,,0,100,,8027,70,,,0,100,,8028,70,,,0,100,,8029,70,,,0,100,,8030,70,,,0,100,,8031,70,,,0,100,,8032,70,,,0,100,,8033,70,,,0,100,,8034,70,,,0,93,,8035,70,,,0,100,,8036,70,,,0,100,,8037,70,,,0,96,,8038,70,,,0,100,,8039,70,,,0
2000901,'236.0.3',616,,8040,70,,,0,30,,8041,70,,,0,71,,8042,70,,,0,85,,8043,70,,,0,30,,8044,70,,,0,69,,8045,70,,,0,18,,8046,70,,,0,29,,8047,70,,,0,100,,8048,70,,,0,100,,8049,70,,,0,100,,8050,70,,,0,100,,8051,70,,,0,100,,8052,70,,,0,101,,8053,70,,,0,70,,8054,70,,,0,30,,8055,70,,,0,70,,8056,70,,,0,30,,8057,70,,,0,70,,8058,70,,,0,25,,8059,70,,,0,69,,8060,70,,,0,30,,8061,70,,,0,70,,8062,70,,,0,30,,8063,70,,,0,70,,8064,70,,,0,25,,8065,70,,,0,62,,8066,70,,,0,30,,8067,70,,,0,100,,8068,70,,,0,100,,8069,70,,,0
2001000,'236.0.1',640,,8072,14,,,0,85,,8073,14,,,0,30,,8074,14,,,0,70,,8075,14,,,0,30,,8076,14,,,0,70,,8077,14,,,0,32,,8078,14,,,0,70,,8079,14,,,0,30,,8080,14,,,0,71,,8081,14,,,0,30,,8082,14,,,0,70,,8083,14,,,0,30,,8084,14,,,0,70,,8085,14,,,0,30,,8086,14,,,0,70,,8087,14,,,0,30,,8088,14,,,0,70,,8089,14,,,0,30,,8090,14,,,0,70,,8091,14,,,0,30,,8092,14,,,0,70,,8093,14,,,0,30,,8094,14,,,0,70,,8095,14,,,0,29,,8096,14,,,0,70,,8097,14,,,0,30,,8098,14,,,0,85,,8099,14,,,0,98,,8100,14,,,0,100,,8101,14,,,0,100,,8102,14,,,0
2001000,'236.0.2',640,,8103,14,,,0,115,,8104,14,,,0,70,,8105,14,,,0,30,,8106,14,,,0,70,,8107,14,,,0,31,,8108,14,,,0,70,,8109,14,,,0,30,,8110,14,,,0,70,,8111,14,,,0,30,,8112,14,,,0,70,,8113,14,,,0,30,,8114,14,,,0,70,,8115,14,,,0,31,,8116,14,,,0,70,,8117,14,,,0,30,,8118,14,,,0,70,,8119,14,,,0,30,,8120,14,,,0,70,,8121,14,,,0,30,,8122,14,,,0,70,,8123,14,,,0,30,,8124,14,,,0,85,,8125,14,,,0,98,,8126,14,,,0,100,,8127,14,,,0,100,,8128,14,,,0,100,,8129,14,,,0,100,,8130,14,,,0,100,,8131,14,,,0
2001000,'236.0.3',552,,8132,14,,,0,91,,8133,14,,,0,60,,8134,14,,,0,20,,8135,14,,,0,20,,8136,14,,,0,63,,8137,14,,,0,21,,8138,14,,,0,20,,8139,14,,,0,60,,8140,14,,,0,37,,8141,14,,,0,70,,8142,14,,,0,30,,8143,14,,,0,70,,8144,14,,,0,30,,8145,14,,,0,70,,8146,14,,,0,30,,8147,14,,,0,70,,8148,14,,,0,30,,8149,14,,,0,65,,8150,14,,,0,17,,8151,14,,,0,20,,8152,14,,,0,60,,8153,14,,,0,20,,8154,14,,,0,22,,8155,14,,,0,60,,8156,14,,,0,20,,8157,14,,,0,20,,8158,14,,,0,60,,8159,14,,,0,19,,8160,14,,,0,20,,8161,14,,,0,60,,8162,14,,,0,17,,8163,14,,,0,23,,8164,14,,,0,60,,8165,14,,,0,24,,8166,14,,,0,70,,8167,14,,,0,30,,8168,14,,,0,70,,8169,14,,,0,30,,8170,14,,,0
3001000,'236.0.1',610,,8621,14,,,0,100,,8622,14,,,0,30,,8623,14,,,0,70,,8624,14,,,0,30,,8625,14,,,0,70,,8626,14,,,0,32,,8627,14,,,0,70,,8628,14,,,0,30,,8629,14,,,0,70,,8630,14,,,0,31,,8631,14,,,0,70,,8632,14,,,0,30,,8633,14,,,0,70,,8634,14,,,0,30,,8635,14,,,0,70,,8636,14,,,0,30,,8637,14,,,0,70,,8638,14,,,0,30,,8639,14,,,0,70,,8640,14,,,0,30,,8641,14,,,0,70,,8642,14,,,0,30,,8643,14,,,0,70,,8644,14,,,0,29,,8645,14,,,0,70,,8646,14,,,0,100,,8647,14,,,0,100,,8648,14,,,0,98,,8649,14,,,0,100,,8650,14,,,0,100,,8651,14,,,0
3001000,'236.0.2',610,,8653,14,,,0,100,,8654,14,,,0,30,,8655,14,,,0,70,,8656,14,,,0,30,,8657,14,,,0,70,,8658,14,,,0,30,,8659,14,,,0,71,,8660,14,,,0,30,,8661,14,,,0,70,,8662,14,,,0,30,,8663,14,,,0,70,,8664,14,,,0,30,,8665,14,,,0,70,,8666,14,,,0,30,,8667,14,,,0,71,,8668,14,,,0,30,,8669,14,,,0,70,,8670,14,,,0,30,,8671,14,,,0,70,,8672,14,,,0,30,,8673,14,,,0,70,,8674,14,,,0,30,,8675,14,,,0,70,,8676,14,,,0,100,,8677,14,,,0,98,,8678,14,,,0,100,,8679,14,,,0,100,,8680,14,,,0,100,,8681,14,,,0
3001000,'236.0.3',557,,8685,14,,,0,59,,8686,14,,,0,20,,8687,14,,,0,19,,8688,14,,,0,58,,8689,14,,,0,17,,8690,14,,,0,18,,8691,14,,,0,73,,8692,14,,,0,20,,8693,14,,,0,60,,8694,14,,,0,28,,8695,14,,,0,30,,8696,14,,,0,70,,8697,14,,,0,30,,8698,14,,,0,70,,8699,14,,,0,30,,8700,14,,,0,70,,8701,14,,,0,30,,8702,14,,,0,70,,8703,14,,,0,30,,8704,14,,,0,60,,8705,14,,,0,20,,8706,14,,,0,20,,8707,14,,,0,60,,8708,14,,,0,20,,8709,14,,,0,62,,8710,14,,,0,20,,8711,14,,,0,20,,8712,14,,,0,60,,8713,14,,,0,19,,8714,14,,,0,20,,8715,14,,,0,60,,8716,14,,,0,17,,8717,14,,,0,20,,8718,14,,,0,20,,8719,14,,,0,59,,8720,14,,,0,30,,8721,14,,,0,70,,8722,14,,,0,30,,8723,14,,,0,70,,8724,14,,,0,30,,8725,14,,,0,68,,8726,14,,,0,30,,8727,14,,,0,70,,8728,14,,,0,30,,8729,14,,,0,70,,8730,14,,,0
