3901,'220.0.1',644,,4534,,,0,70,,4535,,,0,30,,4536,,,0,70,,4537,,,0,31,,4538,,,0,71,,4539,,,0,30,,4540,,,0,70,,4541,,,0,30,,4542,,,0,70,,4543,,,0,30,,4544,,,0,70,,4545,,,0,30,,4546,,,0,70,,4547,,,0,30,,4548,,,0,70,,4549,,,0,30,,4550,,,0,70,,4551,,,0,30,,4552,,,0,70,,4553,,,0,30,,4554,,,0,70,,4555,,,0,30,,4556,,,0,70,,4557,,,0,30,,4558,,,0,70,,4559,,,0,30,,4560,,,0,70,,4561,,,0,30,,4562,,,0,70,,4563,,,0,30,,4564,,,0,68,,4565,,,0,30,,4566,,,0,70,,4567,,,0,30,,4568,,,0
3901,'220.0.2',713,,4569,,,0,100,,4570,,,0,100,,4571,,,0,101,,4572,,,0,101,,4573,,,0,100,,4574,,,0,100,,4575,,,0,100,,4576,,,0,100,,4577,,,0,100,,4578,,,0,100,,4579,,,0,100,,4580,,,0,100,,4581,,,0,98,,4582,,,0,100,,4583,,,0,100,,4584,,,0
3901,'220.0.3',628,,4585,,,0,30,,4586,,,0,72,,4587,,,0,70,,4588,,,0,30,,4589,,,0,70,,4590,,,0,30,,4591,,,0,70,,4592,,,0,30,,4593,,,0,70,,4594,,,0,30,,4595,,,0,70,,4596,,,0,30,,4597,,,0,70,,4598,,,0,30,,4599,,,0,70,,4600,,,0,30,,4601,,,0,70,,4602,,,0,31,,4603,,,0,77,,4604,,,0,30,,4605,,,0,70,,4606,,,0,30,,4607,,,0,69,,4608,,,0,24,,4609,,,0,100,,4610,,,0,99,,4611,,,0,100,,4612,,,0,100,,4613,,,0,100,,4614,,,0
3901,'220.0.4',628,,4615,,,0,30,,4616,,,0,72,,4617,,,0,70,,4618,,,0,30,,4619,,,0,70,,4620,,,0,30,,4621,,,0,70,,4622,,,0,30,,4623,,,0,70,,4624,,,0,30,,4625,,,0,70,,4626,,,0,30,,4627,,,0,70,,4628,,,0,30,,4629,,,0,70,,4630,,,0,30,,4631,,,0,70,,4632,,,0,31,,4633,,,0,77,,4634,,,0,30,,4635,,,0,70,,4636,,,0,30,,4637,,,0,69,,4638,,,0,24,,4639,,,0,100,,4640,,,0,99,,4641,,,0,100,,4642,,,0,100,,4643,,,0,100,,4644,,,0,100,,4645,,,0,100,,4646,,,0
13600,'220.0.3',623,,8817,,,0,27,,8818,,,0,53,,8819,,,0,13,,8820,,,0,14,,8821,,,0,16,,8822,,,0,9,,8823,,,0,59,,8824,,,0
13600,'220.0.4',623,,8825,,,0,27,,8826,,,0,53,,8827,,,0,13,,8828,,,0,14,,8829,,,0,16,,8830,,,0,9,,8831,,,0,59,,8832,,,0
13800,'220.0.3',610,,8873,,,0,29,,8874,,,0,14,,8875,,,0,54,,8876,,,0,27,,8877,,,0,5,,8878,,,0,64,,8879,,,0
13800,'220.0.4',610,,8880,,,0,29,,8881,,,0,14,,8882,,,0,54,,8883,,,0,27,,8884,,,0,5,,8885,,,0,64,,8886,,,0
2003001,'220.0.1',619,,12332,,,0,30,,12333,,,0,70,,12334,,,0,30,,12335,,,0,70,,12336,,,0,30,,12337,,,0,70,,12338,,,0,30,,12339,,,0,71,,12340,,,0,30,,12341,,,0,70,,12342,,,0,30,,12343,,,0,70,,12344,,,0,30,,12345,,,0,70,,12346,,,0,30,,12347,,,0,70,,12348,,,0,30,,12349,,,0,70,,12350,,,0,30,,12351,,,0,70,,12352,,,0,30,,12353,,,0,70,,12354,,,0,30,,12355,,,0,70,,12356,,,0,30,,12357,,,0,70,,12358,,,0,30,,12359,,,0,70,,12360,,,0,29,,12361,,,0,70,,12362,,,0,30,,12363,,,0,70,,12364,,,0,30,,12365,,,0,70,,12366,,,0
2003001,'220.0.2',647,,12367,,,0,100,,12368,,,0,100,,12369,,,0,100,,12370,,,0,100,,12371,,,0,100,,12372,,,0,100,,12373,,,0,100,,12374,,,0,100,,12375,,,0,100,,12376,,,0,100,,12377,,,0,100,,12378,,,0,100,,12379,,,0,100,,12380,,,0,100,,12381,,,0,100,,12382,,,0,100,,12383,,,0,100,,12384,,,0
2003001,'220.0.3',559,,12385,,,0,70,,12386,,,0,30,,12387,,,0,74,,12388,,,0,70,,12389,,,0,30,,12390,,,0,70,,12391,,,0,28,,12392,,,0,70,,12393,,,0,30,,12394,,,0,70,,12395,,,0,30,,12396,,,0,70,,12397,,,0,30,,12398,,,0,70,,12399,,,0,30,,12400,,,0,70,,12401,,,0,30,,12402,,,0,72,,12403,,,0,30,,12404,,,0,70,,12405,,,0,30,,12406,,,0,70,,12407,,,0,30,,12408,,,0,70,,12409,,,0,30,,12410,,,0,70,,12411,,,0,29,,12412,,,0,68,,12413,,,0,30,,12414,,,0,70,,12415,,,0,30,,12416,,,0,70,,12417,,,0,29,,12418,,,0,30,,12419,,,0,70,,12420,,,0
2003001,'220.0.4',559,,12421,,,0,70,,12422,,,0,30,,12423,,,0,74,,12424,,,0,70,,12425,,,0,30,,12426,,,0,70,,12427,,,0,28,,12428,,,0,70,,12429,,,0,30,,12430,,,0,70,,12431,,,0,30,,12432,,,0,70,,12433,,,0,30,,12434,,,0,70,,12435,,,0,30,,12436,,,0,70,,12437,,,0,30,,12438,,,0,72,,12439,,,0,30,,12440,,,0,70,,12441,,,0,30,,12442,,,0,70,,12443,,,0,30,,12444,,,0,70,,12445,,,0,30,,12446,,,0,70,,12447,,,0,29,,12448,,,0,68,,12449,,,0,30,,12450,,,0,70,,12451,,,0,30,,12452,,,0,70,,12453,,,0,29,,12454,,,0,30,,12455,,,0,70,,12456,,,0,30,,12457,,,0,70,,12458,,,0,30,,12459,,,0,70,,12460,,,0
