401,'236.0.1',638,,14308,,,0,100,,14309,,,0,100,,14310,,,0,70,,14311,,,0,30,,14312,,,0,70,,14313,,,0,30,,14314,,,0,71,,14315,,,0,33,,14316,,,0,70,,14317,,,0,30,,14318,,,0,70,,14319,,,0,30,,14320,,,0,70,,14321,,,0,30,,14322,,,0,70,,14323,,,0,30,,14324,,,0,70,,14325,,,0,30,,14326,,,0,70,,14327,,,0,30,,14328,,,0,70,,14329,,,0,28,,14330,,,0,70,,14331,,,0,30,,14332,,,0,70,,14333,,,0,30,,14334,,,0,70,,14335,,,0,30,,14336,,,0,69,,14337,,,0,26,,14338,,,0,100,,14339,,,0,100,,14340,,,0
401,'236.0.2',738,,14341,,,0,70,,14342,,,0,30,,14343,,,0,70,,14344,,,0,30,,14345,,,0,70,,14346,,,0,30,,14347,,,0,71,,14348,,,0,29,,14349,,,0,70,,14350,,,0,30,,14351,,,0,70,,14352,,,0,30,,14353,,,0,70,,14354,,,0,30,,14355,,,0,70,,14356,,,0,30,,14357,,,0,70,,14358,,,0,30,,14359,,,0,70,,14360,,,0,30,,14361,,,0,70,,14362,,,0,30,,14363,,,0,70,,14364,,,0,30,,14365,,,0,71,,14366,,,0,26,,14367,,,0,100,,14368,,,0,100,,14369,,,0,100,,14370,,,0,100,,14371,,,0
401,'236.0.3',617,,14372,,,0,15,,14373,,,0,15,,14374,,,0,55,,14375,,,0,19,,14376,,,0,20,,14377,,,0,8,,14378,,,0,8,,14379,,,0,48,,14380,,,0,8,,14381,,,0,8,,14382,,,0,8,,14383,,,0,8,,14384,,,0,8,,14385,,,0,8,,14386,,,0,48,,14387,,,0,8,,14388,,,0,8,,14389,,,0,7,,14390,,,0,6,,14391,,,0,8,,14392,,,0,8,,14393,,,0,8,,14394,,,0,48,,14395,,,0,8,,14396,,,0,8,,14397,,,0,8,,14398,,,0,8,,14399,,,0,8,,14400,,,0,11,,14401,,,0,55,,14402,,,0,15,,14403,,,0,15,,14404,,,0,15,,14405,,,0,55,,14406,,,0,15,,14407,,,0,15,,14408,,,0,15,,14409,,,0,55,,14410,,,0,15,,14411,,,0,15,,14412,,,0,15,,14413,,,0,55,,14414,,,0,15,,14415,,,0,15,,14416,,,0,15,,14417,,,0,55,,14418,,,0,16,,14419,,,0,17,,14420,,,0,18,,14421,,,0,55,,14422,,,0,15,,14423,,,0,15,,14424,,,0,15,,14425,,,0,55,,14426,,,0,15,,14427,,,0,15,,14428,,,0,15,,14429,,,0,53,,14430,,,0,12,,14431,,,0,11,,14432,,,0,15,,14433,,,0,55,,14434,,,0,20,,14435,,,0,20,,14436,,,0,60,,14437,,,0,20,,14438,,,0,20,,14439,,,0,60,,14440,,,0,20,,14441,,,0,20,,14442,,,0,60,,14443,,,0,18,,14444,,,0,28,,14445,,,0,70,,14446,,,0,30,,14447,,,0,70,,14448,,,0,30,,14449,,,0,70,,14450,,,0
2401,'236.0.1',615,,15501,,,0,30,,15502,,,0,70,,15503,,,0,30,,15504,,,0,70,,15505,,,0,30,,15506,,,0,70,,15507,,,0,30,,15508,,,0,73,,15509,,,0,31,,15510,,,0,70,,15511,,,0,31,,15512,,,0,72,,15513,,,0,30,,15514,,,0,70,,15515,,,0,30,,15516,,,0,70,,15517,,,0,30,,15518,,,0,68,,15519,,,0,30,,15520,,,0,70,,15521,,,0,30,,15522,,,0,70,,15523,,,0,30,,15524,,,0,70,,15525,,,0,27,,15526,,,0,67,,15527,,,0,30,,15528,,,0,70,,15529,,,0,30,,15530,,,0,70,,15531,,,0,30,,15532,,,0,70,,15533,,,0,30,,15534,,,0,70,,15535,,,0,30,,15536,,,0
2401,'236.0.2',613,,15537,,,0,30,,15538,,,0,70,,15539,,,0,30,,15540,,,0,70,,15541,,,0,30,,15542,,,0,70,,15543,,,0,32,,15544,,,0,74,,15545,,,0,30,,15546,,,0,70,,15547,,,0,30,,15548,,,0,70,,15549,,,0,30,,15550,,,0,70,,15551,,,0,30,,15552,,,0,70,,15553,,,0,30,,15554,,,0,70,,15555,,,0,30,,15556,,,0,70,,15557,,,0,30,,15558,,,0,70,,15559,,,0,30,,15560,,,0,70,,15561,,,0,28,,15562,,,0,68,,15563,,,0,30,,15564,,,0,70,,15565,,,0,30,,15566,,,0,70,,15567,,,0,30,,15568,,,0,70,,15569,,,0,30,,15570,,,0,70,,15571,,,0,30,,15572,,,0
2401,'236.0.3',649,,15573,,,0,70,,15574,,,0,34,,15575,,,0,71,,15576,,,0,30,,15577,,,0,70,,15578,,,0,25,,15579,,,0,70,,15580,,,0,30,,15581,,,0,70,,15582,,,0,31,,15583,,,0,70,,15584,,,0,30,,15585,,,0,70,,15586,,,0,30,,15587,,,0,70,,15588,,,0,30,,15589,,,0,71,,15590,,,0,30,,15591,,,0,70,,15592,,,0,30,,15593,,,0,70,,15594,,,0,29,,15595,,,0,70,,15596,,,0,29,,15597,,,0,68,,15598,,,0,26,,15599,,,0,70,,15600,,,0,30,,15601,,,0,70,,15602,,,0,30,,15603,,,0,70,,15604,,,0,30,,15605,,,0,70,,15606,,,0,30,,15607,,,0,70,,15608,,,0
1001001,'236.0.3',654,,20142,,,0,67,,20143,,,0,20,,20144,,,0,60,,20145,,,0,20,,20146,,,0,20,,20147,,,0,60,,20148,,,0,16,,20149,,,0,20,,20150,,,0,510,,20151,,,0,55,,20152,,,0,24,,20153,,,0,21,,20154,,,0,60,,20155,,,0,20,,20156,,,0,20,,20157,,,0,65,,20158,,,0,24,,20159,,,0,22,,20160,,,0,60,,20161,,,0,9,,20162,,,0,20,,20163,,,0
2001001,'236.0.1',703,,21221,,,0,54,,21222,,,0,89,,21223,,,0,72,,21224,,,0,30,,21225,,,0,71,,21226,,,0,33,,21227,,,0,72,,21228,,,0,31,,21229,,,0,72,,21230,,,0,73,,21231,,,0,32,,21232,,,0,70,,21233,,,0,30,,21234,,,0,70,,21235,,,0,30,,21236,,,0,70,,21237,,,0,30,,21238,,,0,70,,21239,,,0,30,,21240,,,0,70,,21241,,,0,30,,21242,,,0,70,,21243,,,0,26,,21244,,,0,26,,21245,,,0,70,,21246,,,0,30,,21247,,,0,100,,21248,,,0,98,,21249,,,0,99,,21250,,,0,100,,21251,,,0
2001001,'236.0.2',656,,21252,,,0,92,,21253,,,0,90,,21254,,,0,72,,21255,,,0,33,,21256,,,0,72,,21257,,,0,32,,21258,,,0,72,,21259,,,0,31,,21260,,,0,72,,21261,,,0,30,,21262,,,0,70,,21263,,,0,30,,21264,,,0,70,,21265,,,0,32,,21266,,,0,71,,21267,,,0,30,,21268,,,0,70,,21269,,,0,30,,21270,,,0,69,,21271,,,0,30,,21272,,,0,69,,21273,,,0,29,,21274,,,0,101,,21275,,,0,100,,21276,,,0,100,,21277,,,0,100,,21278,,,0,100,,21279,,,0,100,,21280,,,0
2001001,'236.0.3',615,,21281,,,0,30,,21282,,,0,66,,21283,,,0,23,,21284,,,0,22,,21319,,,0,60,,21285,,,0,20,,21286,,,0,20,,21287,,,0,60,,21288,,,0,90,,21289,,,0,20,,21290,,,0,24,,21291,,,0,73,,21292,,,0,31,,21293,,,0,70,,21294,,,0,30,,21295,,,0,70,,21296,,,0,30,,21297,,,0,79,,21298,,,0,21,,21299,,,0,64,,21300,,,0,15,,21301,,,0,21,,21302,,,0,60,,21303,,,0,20,,21304,,,0,21,,21305,,,0,64,,21306,,,0,25,,21307,,,0,61,,21308,,,0,20,,21309,,,0,9,,21310,,,0,20,,21311,,,0,70,,21312,,,0,23,,21313,,,0,72,,21314,,,0,30,,21315,,,0,70,,21316,,,0,30,,21317,,,0,70,,21318,,,0
3001001,'236.0.1',633,,21781,,,0,94,,21782,,,0,100,,21783,,,0,76,,21784,,,0,30,,21785,,,0,70,,21786,,,0,30,,21787,,,0,74,,21788,,,0,33,,21789,,,0,71,,21790,,,0,32,,21791,,,0,74,,21792,,,0,30,,21793,,,0,70,,21794,,,0,30,,21795,,,0,70,,21796,,,0,30,,21797,,,0,70,,21798,,,0,30,,21799,,,0,70,,21800,,,0,30,,21801,,,0,70,,21802,,,0,30,,21803,,,0,69,,21804,,,0,24,,21805,,,0,68,,21806,,,0,30,,21807,,,0,100,,21808,,,0,96,,21809,,,0,93,,21810,,,0,100,,21811,,,0
3001001,'236.0.2',631,,21813,,,0,90,,21814,,,0,100,,21815,,,0,30,,21816,,,0,70,,21817,,,0,30,,21818,,,0,75,,21819,,,0,33,,21820,,,0,74,,21821,,,0,70,,21822,,,0,31,,21823,,,0,71,,21824,,,0,31,,21825,,,0,70,,21826,,,0,30,,21827,,,0,70,,21828,,,0,33,,21829,,,0,70,,21830,,,0,30,,21831,,,0,70,,21832,,,0,30,,21833,,,0,70,,21834,,,0,30,,21835,,,0,68,,21836,,,0,27,,21837,,,0,100,,21838,,,0,94,,21839,,,0,100,,21840,,,0,100,,21841,,,0
3001001,'236.0.3',600,,21843,,,0,30,,21844,,,0,74,,21845,,,0,25,,21846,,,0,22,,21847,,,0,60,,21848,,,0,18,,21849,,,0,19,,21850,,,0,60,,21851,,,0,16,,21852,,,0,32,,21853,,,0,60,,21854,,,0,20,,21855,,,0,68,,21856,,,0,35,,21857,,,0,70,,21858,,,0,30,,21859,,,0,70,,21860,,,0,30,,21861,,,0,70,,21862,,,0,30,,21863,,,0,70,,21864,,,0,30,,21865,,,0,61,,21866,,,0,20,,21867,,,0,20,,21868,,,0,61,,21869,,,0,27,,21870,,,0,23,,21871,,,0,60,,21872,,,0,20,,21873,,,0,18,,21874,,,0,56,,21875,,,0,17,,21876,,,0,10,,21877,,,0,12,,21878,,,0,59,,21879,,,0,39,,21880,,,0,70,,21881,,,0,30,,21882,,,0,70,,21883,,,0,30,,21884,,,0,68,,21885,,,0,24,,21886,,,0
