800,'236.0.1',605,,1718,35,,,0,30,,1719,35,,,0,70,,1720,35,,,0,30,,1721,35,,,0,70,,1722,35,,,0,23,,1723,35,,,0,22,,1724,35,,,0,70,,1725,35,,,0,30,,1726,35,,,0,70,,1727,35,,,0,31,,1728,35,,,0,69,,1729,35,,,0,30,,1730,35,,,0,70,,1731,35,,,0,30,,1732,35,,,0,70,,1733,35,,,0,30,,1734,35,,,0,70,,1735,35,,,0,32,,1736,35,,,0,70,,1737,35,,,0,30,,1738,35,,,0,70,,1739,35,,,0,30,,1740,35,,,0,70,,1741,35,,,0,30,,1742,35,,,0,70,,1743,35,,,0,30,,1744,35,,,0,70,,1745,35,,,0,30,,1746,35,,,0,70,,1747,35,,,0,30,,1748,35,,,0,70,,1749,35,,,0,30,,1750,35,,,0,70,,1751,35,,,0,26,,1752,35,,,0,69,,1753,35,,,0,30,,1754,35,,,0,100,,1755,35,,,0
800,'236.0.2',623,,1756,35,,,0,30,,1757,35,,,0,70,,1758,35,,,0,30,,1759,35,,,0,70,,1760,35,,,0,30,,1761,35,,,0,70,,1762,35,,,0,30,,1763,35,,,0,70,,1764,35,,,0,34,,1765,35,,,0,70,,1766,35,,,0,25,,1767,35,,,0,71,,1768,35,,,0,32,,1769,35,,,0,70,,1770,35,,,0,30,,1771,35,,,0,70,,1772,35,,,0,30,,1773,35,,,0,70,,1774,35,,,0,30,,1775,35,,,0,70,,1776,35,,,0,75,,1777,35,,,0,29,,1778,35,,,0,30,,1779,35,,,0,70,,1780,35,,,0,29,,1781,35,,,0,68,,1782,35,,,0,30,,1783,35,,,0,68,,1784,35,,,0,29,,1785,35,,,0,70,,1786,35,,,0,30,,1787,35,,,0,70,,1788,35,,,0,30,,1789,35,,,0,100,,1790,35,,,0,100,,1791,35,,,0
800,'236.0.3',553,,1794,35,,,0,70,,1795,35,,,0,30,,1796,35,,,0,77,,1797,35,,,0,72,,1798,35,,,0,31,,1799,35,,,0,70,,1800,35,,,0,30,,1801,35,,,0,70,,1802,35,,,0,20,,1803,35,,,0,20,,1804,35,,,0,60,,1805,35,,,0,20,,1806,35,,,0,20,,1807,35,,,0,60,,1808,35,,,0,20,,1809,35,,,0,20,,1810,35,,,0,60,,1811,35,,,0,20,,1812,35,,,0,20,,1813,35,,,0,60,,1814,35,,,0,20,,1815,35,,,0,20,,1816,35,,,0,60,,1817,35,,,0,29,,1818,35,,,0,24,,1819,35,,,0,60,,1820,35,,,0,20,,1821,35,,,0,20,,1822,35,,,0,60,,1823,35,,,0,20,,1824,35,,,0,20,,1825,35,,,0,58,,1826,35,,,0,26,,1827,35,,,0,10,,1842,35,,,0,50,,1828,35,,,0,30,,1829,35,,,0,70,,1830,35,,,0,30,,1831,35,,,0,70,,1832,35,,,0,28,,1833,35,,,0,29,,1834,35,,,0,70,,1835,35,,,0,30,,1836,35,,,0,70,,1837,35,,,0,30,,1838,35,,,0,70,,1839,35,,,0,30,,1840,35,,,0,70,,1841,35,,,0
9000,'236.0.1',629,,5717,30,,,0,25,,5718,30,,,0,70,,5719,30,,,0,30,,5720,30,,,0,70,,5721,30,,,0,25,,5722,30,,,0,70,,5723,30,,,0,30,,5724,30,,,0,65,,5725,30,,,0,33,,5726,30,,,0,70,,5727,30,,,0,30,,5728,30,,,0,70,,5729,30,,,0,27,,5730,30,,,0,70,,5731,30,,,0,30,,5732,30,,,0,70,,5733,30,,,0,30,,5734,30,,,0,70,,5735,30,,,0,30,,5736,30,,,0,70,,5737,30,,,0,33,,5738,30,,,0,70,,5739,30,,,0,30,,5740,30,,,0,70,,5741,30,,,0,30,,5742,30,,,0,70,,5743,30,,,0,30,,5744,30,,,0,70,,5745,30,,,0,104,,5746,30,,,0,100,,5747,30,,,0,100,,5748,30,,,0,100,,5749,30,,,0
9000,'236.0.2',617,,5750,30,,,0,100,,5751,30,,,0,100,,5752,30,,,0,95,,5753,30,,,0,97,,5754,30,,,0,100,,5755,30,,,0,102,,5756,30,,,0,100,,5757,30,,,0,98,,5758,30,,,0,100,,5759,30,,,0,100,,5760,30,,,0,100,,5761,30,,,0,103,,5762,30,,,0,104,,5763,30,,,0,101,,5764,30,,,0,100,,5765,30,,,0,100,,5766,30,,,0,100,,5767,30,,,0
9000,'236.0.3',614,,5801,30,,,0,15,,5800,30,,,0,15,,5768,30,,,0,15,,5802,30,,,0,55,,5769,30,,,0,15,,5803,30,,,0,15,,5770,30,,,0,15,,5804,30,,,0,60,,5771,30,,,0,30,,5772,30,,,0,65,,5773,30,,,0,31,,5774,30,,,0,69,,5775,30,,,0,30,,5776,30,,,0,70,,5777,30,,,0,27,,5778,30,,,0,71,,5779,30,,,0,30,,5780,30,,,0,70,,5781,30,,,0,30,,5782,30,,,0,70,,5783,30,,,0,35,,5784,30,,,0,57,,5805,30,,,0,15,,5785,30,,,0,15,,5806,30,,,0,15,,5786,30,,,0,55,,5807,30,,,0,15,,5787,30,,,0,15,,5808,30,,,0,15,,5812,30,,,0,55,,5809,30,,,0,15,,5788,30,,,0,15,,5810,30,,,0,15,,5789,30,,,0,10,,5811,30,,,0,52,,5790,30,,,0,35,,5791,30,,,0,70,,5792,30,,,0,30,,5793,30,,,0,70,,5794,30,,,0,30,,5795,30,,,0,100,,5796,30,,,0,97,,5797,30,,,0,100,,5798,30,,,0,100,,5799,30,,,0
9100,'236.0.1',721,,5910,13,,,0,100,,5911,13,,,0,100,,5912,13,,,0,100,,5913,13,,,0,100,,5914,13,,,0,100,,5915,13,,,0,100,,5916,13,,,0,100,,5917,13,,,0,100,,5918,13,,,0,100,,5919,13,,,0,100,,5920,13,,,0,100,,5921,13,,,0,100,,5922,13,,,0,100,,5923,13,,,0,100,,5924,13,,,0,100,,5925,13,,,0
9100,'236.0.2',750,,5926,13,,,0,100,,5927,13,,,0,100,,5928,13,,,0,100,,5929,13,,,0,100,,5930,13,,,0,100,,5931,13,,,0,100,,5932,13,,,0,100,,5933,13,,,0,100,,5934,13,,,0,100,,5935,13,,,0,100,,5936,13,,,0,100,,5937,13,,,0,100,,5938,13,,,0,100,,5939,13,,,0,100,,5940,13,,,0
9100,'236.0.3',631,,5941,13,,,0,24,,5942,13,,,0,67,,5943,13,,,0,36,,5944,13,,,0,69,,5945,13,,,0,31,,5946,13,,,0,100,,5947,13,,,0,143,,5948,13,,,0,100,,5949,13,,,0,99,,5950,13,,,0,100,,5951,13,,,0,101,,5952,13,,,0,30,,5953,13,,,0,70,,5954,13,,,0,30,,5955,13,,,0,70,,5956,13,,,0,30,,5957,13,,,0,71,,5958,13,,,0,30,,5959,13,,,0,97,,5960,13,,,0,100,,5961,13,,,0,100,,5962,13,,,0,100,,5963,13,,,0
9300,'236.0.3',1538,,6019,21,,,0,66,,6020,21,,,0,41,,6021,21,,,0,63,,6022,21,,,0,35,,6023,21,,,0,60,,6024,21,,,0,30,,6025,21,,,0
