800,'220.0.1',549,,2508,,,0,71,,2509,,,0,30,,2510,,,0,70,,2511,,,0,30,,2512,,,0,74,,2513,,,0,23,,2514,,,0,62,,2515,,,0,30,,2516,,,0,70,,2517,,,0,31,,2518,,,0,72,,2519,,,0,29,,2520,,,0,70,,2521,,,0,30,,2522,,,0,70,,2523,,,0,30,,2524,,,0,70,,2525,,,0,29,,2526,,,0,72,,2527,,,0,30,,2528,,,0,70,,2529,,,0,30,,2530,,,0,70,,2531,,,0,30,,2532,,,0,70,,2533,,,0,28,,2534,,,0,70,,2535,,,0,30,,2536,,,0,70,,2537,,,0,30,,2538,,,0,70,,2539,,,0,30,,2540,,,0,70,,2541,,,0,30,,2542,,,0,63,,2543,,,0,29,,2544,,,0,70,,2545,,,0,100,,2546,,,0
800,'220.0.2',639,,2547,,,0,70,,2548,,,0,30,,2549,,,0,70,,2550,,,0,30,,2551,,,0,70,,2552,,,0,30,,2553,,,0,70,,2554,,,0,32,,2555,,,0,74,,2556,,,0,30,,2557,,,0,65,,2558,,,0,31,,2559,,,0,72,,2560,,,0,30,,2561,,,0,70,,2562,,,0,30,,2563,,,0,70,,2564,,,0,30,,2565,,,0,70,,2566,,,0,30,,2567,,,0,75,,2568,,,0,29,,2569,,,0,70,,2570,,,0,29,,2571,,,0,69,,2572,,,0,28,,2573,,,0,69,,2574,,,0,26,,2575,,,0,69,,2576,,,0,30,,2577,,,0,70,,2578,,,0,30,,2579,,,0,70,,2580,,,0,100,,2581,,,0,100,,2582,,,0
800,'220.0.3',509,,2583,,,0,30,,2584,,,0,72,,2585,,,0,30,,2586,,,0,71,,2587,,,0,40,,2588,,,0,72,,2589,,,0,31,,2590,,,0,70,,2591,,,0,30,,2592,,,0,70,,2593,,,0,20,,2594,,,0,60,,2595,,,0,20,,2596,,,0,20,,2597,,,0,60,,2598,,,0,20,,2599,,,0,20,,2600,,,0,60,,2601,,,0,20,,2602,,,0,20,,2603,,,0,60,,2604,,,0,20,,2605,,,0,20,,2606,,,0,60,,2607,,,0,22,,2608,,,0,29,,2609,,,0,64,,2610,,,0,20,,2611,,,0,60,,2612,,,0,20,,2613,,,0,20,,2614,,,0,60,,2615,,,0,20,,2616,,,0,14,,2617,,,0,66,,2618,,,0,10,,2633,,,0,10,,2619,,,0,30,,2620,,,0,70,,2621,,,0,30,,2622,,,0,67,,2623,,,0,28,,2624,,,0,69,,2625,,,0,30,,2626,,,0,70,,2627,,,0,30,,2628,,,0,70,,2629,,,0,30,,2630,,,0,70,,2631,,,0,30,,2632,,,0
800,'220.0.4',509,,2634,,,0,30,,2635,,,0,72,,2636,,,0,30,,2637,,,0,71,,2638,,,0,40,,2639,,,0,72,,2640,,,0,31,,2641,,,0,70,,2642,,,0,30,,2643,,,0,70,,2644,,,0,20,,2645,,,0,60,,2646,,,0,20,,2647,,,0,20,,2648,,,0,60,,2649,,,0,20,,2650,,,0,20,,2651,,,0,60,,2652,,,0,20,,2653,,,0,20,,2654,,,0,60,,2655,,,0,20,,2656,,,0,20,,2657,,,0,60,,2658,,,0,22,,2659,,,0,29,,2660,,,0,64,,2661,,,0,20,,2662,,,0,60,,2663,,,0,20,,2664,,,0,20,,2665,,,0,60,,2666,,,0,20,,2667,,,0,14,,2668,,,0,66,,2669,,,0,10,,2684,,,0,10,,2670,,,0,30,,2671,,,0,70,,2672,,,0,30,,2673,,,0,67,,2674,,,0,28,,2675,,,0,69,,2676,,,0,30,,2677,,,0,70,,2678,,,0,30,,2679,,,0,70,,2680,,,0,30,,2681,,,0,70,,2682,,,0,30,,2683,,,0
8700,'220.0.1',654,,7886,,,0,70,,7887,,,0,30,,7888,,,0,70,,7889,,,0,30,,7890,,,0,70,,7891,,,0,27,,7892,,,0,70,,7893,,,0,30,,7894,,,0,72,,7895,,,0,30,,7896,,,0,70,,7897,,,0,30,,7898,,,0,70,,7899,,,0,30,,7900,,,0,70,,7901,,,0,29,,7902,,,0,70,,7903,,,0,30,,7904,,,0,71,,7905,,,0,29,,7906,,,0,70,,7907,,,0,30,,7908,,,0,70,,7909,,,0,30,,7910,,,0,102,,7911,,,0,100,,7912,,,0,100,,7913,,,0,100,,7914,,,0,100,,7915,,,0
8700,'220.0.2',658,,7916,,,0,100,,7917,,,0,101,,7918,,,0,100,,7919,,,0,100,,7920,,,0,141,,7921,,,0,58,,7922,,,0,100,,7923,,,0,100,,7924,,,0,100,,7925,,,0,100,,7926,,,0,101,,7927,,,0,100,,7928,,,0,100,,7929,,,0,100,,7930,,,0,100,,7931,,,0,100,,7932,,,0
8700,'220.0.3',701,,7933,,,0,30,,7934,,,0,70,,7935,,,0,30,,7936,,,0,70,,7937,,,0,30,,7938,,,0,70,,7939,,,0,30,,7940,,,0,70,,7941,,,0,30,,7942,,,0,70,,7943,,,0,30,,7944,,,0,70,,7945,,,0,30,,7946,,,0,70,,7947,,,0,30,,7948,,,0,70,,7949,,,0,30,,7950,,,0,75,,7951,,,0,33,,7952,,,0,70,,7953,,,0,27,,7954,,,0,70,,7955,,,0,25,,7956,,,0,88,,7957,,,0,100,,7958,,,0,100,,7959,,,0,100,,7960,,,0,100,,7961,,,0,100,,7962,,,0
8700,'220.0.4',701,,7963,,,0,30,,7964,,,0,70,,7965,,,0,30,,7966,,,0,70,,7967,,,0,30,,7968,,,0,70,,7969,,,0,30,,7970,,,0,70,,7971,,,0,30,,7972,,,0,70,,7973,,,0,30,,7974,,,0,70,,7975,,,0,30,,7976,,,0,70,,7977,,,0,30,,7978,,,0,70,,7979,,,0,30,,7980,,,0,75,,7981,,,0,33,,7982,,,0,70,,7983,,,0,27,,7984,,,0,70,,7985,,,0,25,,7986,,,0,88,,7987,,,0,100,,7988,,,0,100,,7989,,,0,100,,7990,,,0,100,,7991,,,0,100,,7992,,,0,100,,7993,,,0,100,,7994,,,0
9300,'220.0.3',1558,,8685,,,0,68,,8686,,,0,83,,8687,,,0,22,,8688,,,0,74,,8689,,,0,17,,8690,,,0,30,,8691,,,0
9300,'220.0.4',1558,,8692,,,0,68,,8693,,,0,83,,8694,,,0,22,,8695,,,0,74,,8696,,,0,17,,8697,,,0,30,,8698,,,0
18200,'220.0.3',1526,,9001,,,0,15,,9002,,,0,17,,9003,,,0,58,,9004,,,0,14,,9005,,,0,17,,9006,,,0,55,,9007,,,0,13,,9008,,,0,13,,9009,,,0,15,,9010,,,0,11,,9011,,,0,55,,9012,,,0,15,,9014,,,0,14,,9013,,,0,16,,9015,,,0
18200,'220.0.4',1526,,9016,,,0,15,,9017,,,0,17,,9018,,,0,58,,9019,,,0,14,,9020,,,0,17,,9021,,,0,55,,9022,,,0,13,,9023,,,0,13,,9024,,,0,15,,9025,,,0,11,,9026,,,0,55,,9027,,,0,15,,9029,,,0,14,,9028,,,0,16,,9030,,,0
