801,'236.0.1',526,,1843,2,,,0,30,,1844,2,,,0,70,,1845,2,,,0,30,,1846,2,,,0,70,,1847,2,,,0,30,,1848,2,,,0,70,,1849,2,,,0,30,,1850,2,,,0,70,,1851,2,,,0,30,,1852,2,,,0,70,,1853,2,,,0,30,,1854,2,,,0,70,,1855,2,,,0,30,,1856,2,,,0,70,,1857,2,,,0,30,,1858,2,,,0,70,,1859,2,,,0,30,,1860,2,,,0,70,,1861,2,,,0,30,,1862,2,,,0,70,,1863,2,,,0,30,,1864,2,,,0,70,,1865,2,,,0,30,,1866,2,,,0,70,,1867,2,,,0,30,,1868,2,,,0,70,,1869,2,,,0,30,,1870,2,,,0,70,,1871,2,,,0,30,,1872,2,,,0,70,,1873,2,,,0,30,,1874,2,,,0,70,,1875,2,,,0,30,,1876,2,,,0,70,,1877,2,,,0,30,,1878,2,,,0,70,,1879,2,,,0,100,,1880,2,,,0
801,'236.0.2',531,,1881,2,,,0,70,,1882,2,,,0,30,,1883,2,,,0,70,,1884,2,,,0,30,,1885,2,,,0,70,,1886,2,,,0,30,,1887,2,,,0,70,,1888,2,,,0,30,,1889,2,,,0,70,,1890,2,,,0,30,,1891,2,,,0,70,,1892,2,,,0,30,,1893,2,,,0,70,,1894,2,,,0,30,,1895,2,,,0,70,,1896,2,,,0,30,,1897,2,,,0,70,,1898,2,,,0,30,,1899,2,,,0,70,,1900,2,,,0,30,,1901,2,,,0,70,,1902,2,,,0,30,,1903,2,,,0,70,,1904,2,,,0,30,,1905,2,,,0,70,,1906,2,,,0,30,,1907,2,,,0,70,,1908,2,,,0,30,,1909,2,,,0,70,,1910,2,,,0,30,,1911,2,,,0,70,,1912,2,,,0,30,,1913,2,,,0,70,,1914,2,,,0,100,,1915,2,,,0,100,,1916,2,,,0
801,'236.0.3',511,,1917,2,,,0,30,,1918,2,,,0,70,,1919,2,,,0,20,,1920,2,,,0,20,,1921,2,,,0,60,,1922,2,,,0,20,,1923,2,,,0,20,,1924,2,,,0,60,,1925,2,,,0,20,,1926,2,,,0,20,,1927,2,,,0,60,,1928,2,,,0,20,,1929,2,,,0,20,,1930,2,,,0,60,,1931,2,,,0,20,,1932,2,,,0,20,,1933,2,,,0,60,,1934,2,,,0,20,,1935,2,,,0,20,,1936,2,,,0,60,,1937,2,,,0,20,,1938,2,,,0,20,,1939,2,,,0,60,,1940,2,,,0,20,,1941,2,,,0,20,,1942,2,,,0,60,,1943,2,,,0,20,,1944,2,,,0,20,,1945,2,,,0,70,,1946,2,,,0,30,,1947,2,,,0,70,,1948,2,,,0,30,,1949,2,,,0,70,,1950,2,,,0,30,,1951,2,,,0,70,,1952,2,,,0,30,,1953,2,,,0,70,,1954,2,,,0,30,,1955,2,,,0,70,,1956,2,,,0,30,,1957,2,,,0,70,,1958,2,,,0,30,,1959,2,,,0,70,,1960,2,,,0,30,,1961,2,,,0,70,,1962,2,,,0,30,,1963,2,,,0,70,,1964,2,,,0
8201,'236.0.1',640,,4962,2,,,0,100,,4963,2,,,0,100,,4964,2,,,0,100,,4965,2,,,0,100,,4966,2,,,0,100,,4967,2,,,0,100,,4968,2,,,0,100,,4969,2,,,0,100,,4970,2,,,0,100,,4971,2,,,0,100,,4972,2,,,0,100,,4973,2,,,0,100,,4974,2,,,0,100,,4975,2,,,0,100,,4976,2,,,0,100,,4977,2,,,0,100,,4978,2,,,0
8201,'236.0.2',641,,4979,2,,,0,100,,4980,2,,,0,100,,4981,2,,,0,100,,4982,2,,,0,100,,4983,2,,,0,100,,4984,2,,,0,100,,4985,2,,,0,100,,4986,2,,,0,100,,4987,2,,,0,100,,4988,2,,,0,100,,4989,2,,,0,100,,4990,2,,,0,100,,4991,2,,,0,100,,4992,2,,,0,100,,4993,2,,,0,100,,4994,2,,,0
8201,'236.0.3',846,,4995,2,,,0,100,,4996,2,,,0,100,,4997,2,,,0,100,,4998,2,,,0,100,,4999,2,,,0,100,,5000,2,,,0,100,,5001,2,,,0,98,,5002,2,,,0,67,,5003,2,,,0,30,,5004,2,,,0,70,,5005,2,,,0,30,,5006,2,,,0,70,,5007,2,,,0,35,,5008,2,,,0,100,,5009,2,,,0,100,,5010,2,,,0,100,,5011,2,,,0,100,,5012,2,,,0
8401,'236.0.1',600,,5180,2,,,0,100,,5181,2,,,0,100,,5182,2,,,0,100,,5183,2,,,0,100,,5184,2,,,0,100,,5185,2,,,0,100,,5186,2,,,0,100,,5187,2,,,0,100,,5188,2,,,0,100,,5189,2,,,0,100,,5190,2,,,0,100,,5191,2,,,0,100,,5192,2,,,0,100,,5193,2,,,0,100,,5194,2,,,0,100,,5195,2,,,0,100,,5196,2,,,0
8401,'236.0.2',605,,5197,2,,,0,100,,5198,2,,,0,100,,5199,2,,,0,100,,5200,2,,,0,100,,5201,2,,,0,100,,5202,2,,,0,100,,5203,2,,,0,100,,5204,2,,,0,100,,5205,2,,,0,100,,5206,2,,,0,100,,5207,2,,,0,100,,5208,2,,,0,100,,5209,2,,,0,100,,5210,2,,,0,100,,5211,2,,,0,100,,5212,2,,,0,100,,5213,2,,,0
8401,'236.0.3',505,,5214,2,,,0,30,,5215,2,,,0,70,,5216,2,,,0,15,,5217,2,,,0,15,,5245,2,,,0,15,,5218,2,,,0,55,,5219,2,,,0,15,,5220,2,,,0,15,,5221,2,,,0,15,,5222,2,,,0,55,,5223,2,,,0,15,,5224,2,,,0,15,,5225,2,,,0,15,,5246,2,,,0,55,,5226,2,,,0,100,,5227,2,,,0,100,,5228,2,,,0,100,,5229,2,,,0,100,,5230,2,,,0,100,,5231,2,,,0,100,,5232,2,,,0,30,,5233,2,,,0,70,,5234,2,,,0,30,,5235,2,,,0,70,,5236,2,,,0,30,,5237,2,,,0,70,,5238,2,,,0,100,,5239,2,,,0,100,,5240,2,,,0,100,,5241,2,,,0,100,,5242,2,,,0,100,,5243,2,,,0,100,,5244,2,,,0
8500,'236.0.1',616,,5247,2,,,0,100,,5248,2,,,0,100,,5249,2,,,0,100,,5250,2,,,0,100,,5251,2,,,0,100,,5252,2,,,0,100,,5253,2,,,0,100,,5254,2,,,0,100,,5255,2,,,0,100,,5256,2,,,0,100,,5257,2,,,0,100,,5258,2,,,0,100,,5259,2,,,0,100,,5260,2,,,0,100,,5261,2,,,0,100,,5262,2,,,0,100,,5263,2,,,0
8500,'236.0.2',621,,5264,2,,,0,100,,5265,2,,,0,100,,5266,2,,,0,100,,5267,2,,,0,100,,5268,2,,,0,100,,5269,2,,,0,100,,5270,2,,,0,100,,5271,2,,,0,100,,5272,2,,,0,100,,5273,2,,,0,100,,5274,2,,,0,100,,5275,2,,,0,100,,5276,2,,,0,100,,5277,2,,,0,100,,5278,2,,,0,100,,5279,2,,,0
8500,'236.0.3',533,,5280,2,,,0,15,,5302,2,,,0,55,,5281,2,,,0,15,,5282,2,,,0,15,,5283,2,,,0,15,,5284,2,,,0,55,,5285,2,,,0,15,,5286,2,,,0,14,,5287,2,,,0,15,,5288,2,,,0,55,,5289,2,,,0,15,,5303,2,,,0,17,,5290,2,,,0,100,,5291,2,,,0,100,,5292,2,,,0,100,,5293,2,,,0,100,,5294,2,,,0,100,,5295,2,,,0,100,,5296,2,,,0,100,,5297,2,,,0,415,,5298,2,,,0,100,,5299,2,,,0,100,,5300,2,,,0,100,,5301,2,,,0
8600,'236.0.1',612,,5363,2,,,0,100,,5364,2,,,0,100,,5365,2,,,0,100,,5366,2,,,0,100,,5367,2,,,0,100,,5368,2,,,0,100,,5369,2,,,0,100,,5370,2,,,0,100,,5371,2,,,0,100,,5372,2,,,0,100,,5373,2,,,0,101,,5374,2,,,0,100,,5375,2,,,0,100,,5376,2,,,0,100,,5377,2,,,0,100,,5378,2,,,0,100,,5379,2,,,0
8600,'236.0.2',618,,5380,2,,,0,100,,5381,2,,,0,100,,5382,2,,,0,100,,5383,2,,,0,100,,5384,2,,,0,100,,5385,2,,,0,100,,5386,2,,,0,100,,5387,2,,,0,100,,5388,2,,,0,100,,5389,2,,,0,100,,5390,2,,,0,100,,5391,2,,,0,100,,5392,2,,,0,100,,5393,2,,,0,100,,5394,2,,,0,100,,5395,2,,,0
8600,'236.0.3',532,,5396,2,,,0,27,,5397,2,,,0,70,,5398,2,,,0,29,,5399,2,,,0,69,,5400,2,,,0,28,,5401,2,,,0,65,,5402,2,,,0,100,,5403,2,,,0,100,,5404,2,,,0,100,,5405,2,,,0,100,,5406,2,,,0,100,,5407,2,,,0,100,,5408,2,,,0,100,,5409,2,,,0,420,,5410,2,,,0,100,,5411,2,,,0,100,,5412,2,,,0,100,,5413,2,,,0
8701,'236.0.1',606,,5542,2,,,0,30,,5543,2,,,0,70,,5544,2,,,0,30,,5545,2,,,0,70,,5546,2,,,0,30,,5547,2,,,0,70,,5548,2,,,0,30,,5549,2,,,0,70,,5550,2,,,0,30,,5551,2,,,0,70,,5552,2,,,0,30,,5553,2,,,0,70,,5554,2,,,0,30,,5555,2,,,0,70,,5556,2,,,0,30,,5557,2,,,0,70,,5558,2,,,0,30,,5559,2,,,0,70,,5560,2,,,0,30,,5561,2,,,0,70,,5562,2,,,0,30,,5563,2,,,0,70,,5564,2,,,0,30,,5565,2,,,0,70,,5566,2,,,0,95,,5567,2,,,0,100,,5568,2,,,0,100,,5569,2,,,0,100,,5570,2,,,0,100,,5571,2,,,0
8701,'236.0.2',606,,5572,2,,,0,100,,5573,2,,,0,100,,5574,2,,,0,100,,5575,2,,,0,100,,5576,2,,,0,100,,5577,2,,,0,100,,5578,2,,,0,100,,5579,2,,,0,100,,5580,2,,,0,100,,5581,2,,,0,100,,5582,2,,,0,100,,5583,2,,,0,100,,5584,2,,,0,100,,5585,2,,,0,100,,5586,2,,,0,100,,5587,2,,,0,100,,5588,2,,,0,99,,5589,2,,,0
8701,'236.0.3',626,,5590,2,,,0,30,,5591,2,,,0,55,,5592,2,,,0,30,,5593,2,,,0,70,,5594,2,,,0,30,,5595,2,,,0,70,,5596,2,,,0,30,,5597,2,,,0,70,,5598,2,,,0,30,,5599,2,,,0,70,,5600,2,,,0,30,,5601,2,,,0,70,,5602,2,,,0,30,,5603,2,,,0,70,,5604,2,,,0,30,,5605,2,,,0,70,,5606,2,,,0,30,,5607,2,,,0,70,,5608,2,,,0,30,,5609,2,,,0,70,,5610,2,,,0,30,,5611,2,,,0,70,,5612,2,,,0,30,,5613,2,,,0,70,,5614,2,,,0,30,,5615,2,,,0,90,,5616,2,,,0,100,,5617,2,,,0,100,,5618,2,,,0,100,,5619,2,,,0,100,,5620,2,,,0
18201,'236.0.3',522,,6194,2,,,0,15,,6195,2,,,0,15,,6196,2,,,0,55,,6197,2,,,0,15,,6198,2,,,0,13,,6199,2,,,0,15,,6200,2,,,0,55,,6206,2,,,0,15,,6201,2,,,0,15,,6202,2,,,0,15,,6203,2,,,0,55,,6205,2,,,0,15,,6204,2,,,0
18500,'236.0.3',1546,,6220,12,,,0,55,,6221,12,,,0,15,,6222,12,,,0,20,,6223,12,,,0,15,,6224,12,,,0,60,,6225,12,,,0,15,,6226,12,,,0,15,,6227,12,,,0,8,,6228,12,,,0,8,,6231,12,,,0,55,,6229,12,,,0,15,,6232,12,,,0,15,,6230,12,,,0,15,,6233,12,,,0
18600,'236.0.3',1553,,6246,12,,,0,75,,6247,12,,,0,74,,6248,12,,,0,29,,6251,12,,,0,22,,6249,12,,,0,66,,6250,12,,,0
