5801,'236.0.1',613,,3884,20,,,0,100,,3885,20,,,0,100,,3886,20,,,0,100,,3887,20,,,0,100,,3888,20,,,0,100,,3889,20,,,0,100,,3890,20,,,0,100,,3891,20,,,0,100,,3892,20,,,0,100,,3893,20,,,0,100,,3894,20,,,0,100,,3895,20,,,0,100,,3896,20,,,0,100,,3897,20,,,0,100,,3898,20,,,0,100,,3899,20,,,0,100,,3900,20,,,0
5801,'236.0.2',713,,3901,20,,,0,100,,3902,20,,,0,100,,3903,20,,,0,100,,3904,20,,,0,100,,3905,20,,,0,100,,3906,20,,,0,100,,3907,20,,,0,100,,3908,20,,,0,100,,3909,20,,,0,100,,3910,20,,,0,100,,3911,20,,,0,100,,3912,20,,,0,100,,3913,20,,,0,100,,3914,20,,,0,100,,3915,20,,,0,100,,3916,20,,,0
5801,'236.0.3',608,,3917,20,,,0,30,,3918,20,,,0,280,,3919,20,,,0,100,,3920,20,,,0,100,,3921,20,,,0,100,,3922,20,,,0,100,,3923,20,,,0,100,,3924,20,,,0,100,,3925,20,,,0,30,,3926,20,,,0,70,,3927,20,,,0,30,,3928,20,,,0,70,,3929,20,,,0,100,,3930,20,,,0,100,,3931,20,,,0,100,,3932,20,,,0,100,,3933,20,,,0,100,,3934,20,,,0,100,,3935,20,,,0
6301,'236.0.1',750,,4316,30,,,0,100,,4317,30,,,0,100,,4318,30,,,0,100,,4319,30,,,0,100,,4320,30,,,0,100,,4321,30,,,0,100,,4322,30,,,0,100,,4323,30,,,0,100,,4324,30,,,0,100,,4325,30,,,0,100,,4326,30,,,0,100,,4327,30,,,0,97,,4328,30,,,0,100,,4329,30,,,0,100,,4330,30,,,0,100,,4331,30,,,0
6301,'236.0.2',719,,4332,30,,,0,100,,4333,30,,,0,100,,4334,30,,,0,100,,4335,30,,,0,100,,4336,30,,,0,100,,4337,30,,,0,100,,4338,30,,,0,100,,4339,30,,,0,98,,4340,30,,,0,100,,4341,30,,,0,100,,4342,30,,,0,100,,4343,30,,,0,100,,4344,30,,,0,100,,4345,30,,,0,100,,4346,30,,,0
6301,'236.0.3',641,,4347,30,,,0,70,,4348,30,,,0,30,,4349,30,,,0,70,,4350,30,,,0,30,,4351,30,,,0,70,,4352,30,,,0,30,,4353,30,,,0,16,,4354,30,,,0,100,,4355,30,,,0,100,,4356,30,,,0,100,,4357,30,,,0,100,,4358,30,,,0,100,,4359,30,,,0,155,,4360,30,,,0,30,,4361,30,,,0,68,,4362,30,,,0,30,,4363,30,,,0,70,,4364,30,,,0,30,,4365,30,,,0,70,,4366,30,,,0,100,,4367,30,,,0,100,,4368,30,,,0,100,,4369,30,,,0,100,,4370,30,,,0
6700,'236.0.1',804,,4539,13,,,0,100,,4540,13,,,0,104,,4541,13,,,0,102,,4542,13,,,0,100,,4543,13,,,0,100,,4544,13,,,0,100,,4545,13,,,0,100,,4546,13,,,0,100,,4547,13,,,0,100,,4548,13,,,0,100,,4549,13,,,0,95,,4550,13,,,0,99,,4551,13,,,0,100,,4552,13,,,0,100,,4553,13,,,0,100,,4554,13,,,0
6700,'236.0.2',802,,4555,13,,,0,100,,4556,13,,,0,100,,4557,13,,,0,106,,4558,13,,,0,101,,4559,13,,,0,100,,4560,13,,,0,100,,4561,13,,,0,100,,4562,13,,,0,100,,4563,13,,,0,100,,4564,13,,,0,97,,4565,13,,,0,99,,4566,13,,,0,100,,4567,13,,,0,100,,4568,13,,,0,97,,4569,13,,,0,100,,4570,13,,,0
6700,'236.0.3',616,,4571,13,,,0,30,,4572,13,,,0,70,,4573,13,,,0,30,,4574,13,,,0,70,,4575,13,,,0,30,,4576,13,,,0,70,,4577,13,,,0,100,,4578,13,,,0,98,,4579,13,,,0,100,,4580,13,,,0,100,,4581,13,,,0,100,,4582,13,,,0,99,,4583,13,,,0,30,,4584,13,,,0,70,,4585,13,,,0,30,,4586,13,,,0,70,,4587,13,,,0,31,,4588,13,,,0,73,,4589,13,,,0,30,,4590,13,,,0,100,,4591,13,,,0,100,,4592,13,,,0,100,,4593,13,,,0,100,,4594,13,,,0
15801,'236.0.3',708,,6133,20,,,0,30,,6136,20,,,0,70,,6134,20,,,0,30,,6135,20,,,0
