8200,'236.0.1',606,,4912,2,,,0,100,,4913,2,,,0,100,,4914,2,,,0,100,,4915,2,,,0,100,,4916,2,,,0,100,,4917,2,,,0,100,,4918,2,,,0,100,,4919,2,,,0,100,,4920,2,,,0,100,,4921,2,,,0,100,,4922,2,,,0,100,,4923,2,,,0,100,,4924,2,,,0,100,,4925,2,,,0,100,,4926,2,,,0,100,,4927,2,,,0,100,,4928,2,,,0
8200,'236.0.2',608,,4929,2,,,0,100,,4930,2,,,0,100,,4931,2,,,0,100,,4932,2,,,0,100,,4933,2,,,0,100,,4934,2,,,0,100,,4935,2,,,0,100,,4936,2,,,0,100,,4937,2,,,0,100,,4938,2,,,0,100,,4939,2,,,0,100,,4940,2,,,0,100,,4941,2,,,0,100,,4942,2,,,0,100,,4943,2,,,0,100,,4944,2,,,0
8200,'236.0.3',556,,4945,2,,,0,64,,4946,2,,,0,28,,4947,2,,,0,70,,4948,2,,,0,30,,4949,2,,,0,93,,4950,2,,,0,69,,4951,2,,,0,100,,4952,2,,,0,100,,4953,2,,,0,100,,4954,2,,,0,100,,4955,2,,,0,100,,4956,2,,,0,100,,4957,2,,,0,430,,4958,2,,,0,100,,4959,2,,,0,100,,4960,2,,,0,100,,4961,2,,,0
8400,'236.0.1',658,,5114,15,,,0,100,,5115,15,,,0,100,,5116,15,,,0,100,,5117,15,,,0,100,,5118,15,,,0,97,,5119,15,,,0,100,,5120,15,,,0,100,,5121,15,,,0,100,,5122,15,,,0,100,,5123,15,,,0,100,,5124,15,,,0,100,,5125,15,,,0,98,,5126,15,,,0,105,,5127,15,,,0,100,,5128,15,,,0,100,,5129,15,,,0,100,,5130,15,,,0
8400,'236.0.2',703,,5131,15,,,0,100,,5132,15,,,0,100,,5133,15,,,0,100,,5134,15,,,0,100,,5135,15,,,0,56,,5136,15,,,0,100,,5137,15,,,0,100,,5138,15,,,0,100,,5139,15,,,0,100,,5140,15,,,0,144,,5141,15,,,0,100,,5142,15,,,0,100,,5143,15,,,0,100,,5144,15,,,0,99,,5145,15,,,0,100,,5146,15,,,0,100,,5147,15,,,0
8400,'236.0.3',610,,5178,15,,,0,30,,5148,15,,,0,70,,5149,15,,,0,31,,5150,15,,,0,71,,5151,15,,,0,30,,5152,15,,,0,70,,5153,15,,,0,100,,5154,15,,,0,100,,5155,15,,,0,100,,5156,15,,,0,100,,5157,15,,,0,100,,5158,15,,,0,104,,5159,15,,,0,30,,5160,15,,,0,55,,5161,15,,,0,15,,5162,15,,,0,15,,5163,15,,,0,15,,5164,15,,,0,55,,5165,15,,,0,15,,5166,15,,,0,15,,5167,15,,,0,14,,5168,15,,,0,55,,5169,15,,,0,12,,5170,15,,,0,15,,5179,15,,,0,15,,5171,15,,,0,98,,5172,15,,,0,100,,5173,15,,,0,100,,5174,15,,,0,100,,5175,15,,,0,103,,5176,15,,,0,103,,5177,15,,,0
8800,'236.0.1',715,,5621,12,,,0,100,,5622,12,,,0,100,,5623,12,,,0,100,,5624,12,,,0,100,,5625,12,,,0,100,,5626,12,,,0,100,,5627,12,,,0,100,,5628,12,,,0,100,,5629,12,,,0,100,,5630,12,,,0,100,,5631,12,,,0,100,,5632,12,,,0,100,,5633,12,,,0,100,,5634,12,,,0,100,,5635,12,,,0,100,,5636,12,,,0
8800,'236.0.2',715,,5637,12,,,0,100,,5638,12,,,0,100,,5639,12,,,0,100,,5640,12,,,0,100,,5641,12,,,0,100,,5642,12,,,0,100,,5643,12,,,0,100,,5644,12,,,0,100,,5645,12,,,0,100,,5646,12,,,0,100,,5647,12,,,0,100,,5648,12,,,0,100,,5649,12,,,0,100,,5650,12,,,0,100,,5651,12,,,0
8800,'236.0.3',633,,5652,12,,,0,100,,5653,12,,,0,100,,5654,12,,,0,100,,5655,12,,,0,100,,5656,12,,,0,100,,5657,12,,,0,100,,5658,12,,,0,100,,5659,12,,,0,100,,5660,12,,,0,100,,5661,12,,,0,100,,5662,12,,,0,100,,5663,12,,,0,75,,5664,12,,,0,40,,5665,12,,,0,100,,5666,12,,,0,100,,5667,12,,,0,100,,5668,12,,,0
18200,'236.0.3',1530,,6179,21,,,0,15,,6180,21,,,0,57,,6181,21,,,0,18,,6182,21,,,0,14,,6183,21,,,0,17,,6184,21,,,0,55,,6185,21,,,0,13,,6186,21,,,0,13,,6187,21,,,0,15,,6188,21,,,0,11,,6189,21,,,0,55,,6190,21,,,0,15,,6192,21,,,0,14,,6191,21,,,0,16,,6193,21,,,0
