500,'236.0.1',643,,1401,11,,,0,60,,1402,11,,,0,20,,1403,11,,,0,20,,1404,11,,,0,60,,1405,11,,,0,20,,1406,11,,,0,20,,1407,11,,,0,61,,1408,11,,,0,20,,1409,11,,,0,20,,1410,11,,,0,60,,1411,11,,,0,20,,1412,11,,,0,20,,1413,11,,,0,61,,1414,11,,,0,20,,1415,11,,,0,20,,1416,11,,,0,60,,1417,11,,,0,20,,1418,11,,,0,20,,1419,11,,,0,60,,1420,11,,,0,20,,1421,11,,,0,20,,1422,11,,,0,60,,1423,11,,,0,20,,1424,11,,,0,20,,1425,11,,,0,59,,1426,11,,,0,20,,1427,11,,,0,20,,1428,11,,,0,60,,1429,11,,,0,20,,1430,11,,,0,20,,1431,11,,,0,60,,1432,11,,,0,20,,1433,11,,,0,20,,1434,11,,,0,60,,1435,11,,,0,20,,1436,11,,,0,20,,1437,11,,,0,60,,1438,11,,,0,20,,1439,11,,,0,20,,1440,11,,,0,60,,1441,11,,,0,20,,1442,11,,,0,20,,1443,11,,,0,60,,1444,11,,,0,20,,1445,11,,,0,20,,1446,11,,,0,60,,1447,11,,,0,20,,1448,11,,,0,30,,1449,11,,,0,70,,1450,11,,,0,30,,1451,11,,,0,70,,1452,11,,,0,30,,1453,11,,,0,70,,1454,11,,,0
500,'236.0.2',643,,1455,11,,,0,70,,1456,11,,,0,30,,1457,11,,,0,70,,1458,11,,,0,30,,1459,11,,,0,70,,1460,11,,,0,30,,1461,11,,,0,71,,1462,11,,,0,30,,1463,11,,,0,70,,1464,11,,,0,30,,1465,11,,,0,70,,1466,11,,,0,30,,1467,11,,,0,70,,1468,11,,,0,30,,1469,11,,,0,70,,1470,11,,,0,30,,1471,11,,,0,70,,1472,11,,,0,30,,1473,11,,,0,70,,1474,11,,,0,30,,1475,11,,,0,70,,1476,11,,,0,30,,1477,11,,,0,70,,1478,11,,,0,30,,1479,11,,,0,70,,1480,11,,,0,30,,1481,11,,,0,70,,1482,11,,,0,30,,1483,11,,,0,70,,1484,11,,,0,30,,1485,11,,,0,70,,1486,11,,,0,30,,1487,11,,,0,70,,1488,11,,,0,30,,1489,11,,,0,70,,1490,11,,,0
500,'236.0.3',543,,1491,11,,,0,70,,1492,11,,,0,15,,1493,11,,,0,15,,1494,11,,,0,15,,1495,11,,,0,55,,1496,11,,,0,15,,1497,11,,,0,15,,1498,11,,,0,15,,1499,11,,,0,55,,1500,11,,,0,15,,1501,11,,,0,15,,1502,11,,,0,15,,1503,11,,,0,56,,1504,11,,,0,15,,1505,11,,,0,15,,1506,11,,,0,15,,1507,11,,,0,55,,1508,11,,,0,15,,1509,11,,,0,15,,1510,11,,,0,15,,1511,11,,,0,57,,1512,11,,,0,15,,1513,11,,,0,15,,1514,11,,,0,55,,1515,11,,,0,15,,1516,11,,,0,15,,1517,11,,,0,15,,1518,11,,,0,55,,1519,11,,,0,15,,1520,11,,,0,15,,1521,11,,,0,15,,1522,11,,,0,55,,1523,11,,,0,15,,1524,11,,,0,15,,1525,11,,,0,15,,1526,11,,,0,55,,1527,11,,,0,14,,1528,11,,,0,15,,1529,11,,,0,15,,1530,11,,,0,55,,1531,11,,,0,15,,1532,11,,,0,15,,1533,11,,,0,15,,1534,11,,,0,55,,1535,11,,,0,15,,1536,11,,,0,15,,1537,11,,,0,15,,1538,11,,,0,55,,1539,11,,,0,15,,1540,11,,,0,15,,1541,11,,,0,15,,1542,11,,,0,60,,1543,11,,,0,15,,1544,11,,,0,20,,1545,11,,,0,60,,1546,11,,,0,19,,1547,11,,,0,20,,1548,11,,,0,20,,1549,11,,,0,60,,1550,11,,,0,20,,1551,11,,,0,20,,1552,11,,,0,75,,1553,11,,,0,70,,1554,11,,,0,30,,1555,11,,,0,70,,1556,11,,,0,30,,1557,11,,,0,70,,1558,11,,,0
6200,'236.0.1',703,,4150,3,,,0,100,,4151,3,,,0,100,,4152,3,,,0,100,,4153,3,,,0,100,,4154,3,,,0,100,,4155,3,,,0,100,,4156,3,,,0,100,,4157,3,,,0,100,,4158,3,,,0,100,,4159,3,,,0,100,,4160,3,,,0,100,,4161,3,,,0,100,,4162,3,,,0,100,,4163,3,,,0,100,,4164,3,,,0,100,,4165,3,,,0
6200,'236.0.2',703,,4166,3,,,0,100,,4167,3,,,0,100,,4168,3,,,0,100,,4169,3,,,0,100,,4170,3,,,0,100,,4171,3,,,0,100,,4172,3,,,0,100,,4173,3,,,0,100,,4174,3,,,0,100,,4175,3,,,0,100,,4176,3,,,0,100,,4177,3,,,0,100,,4178,3,,,0,100,,4179,3,,,0,100,,4180,3,,,0,100,,4181,3,,,0
6200,'236.0.3',612,,4182,3,,,0,30,,4183,3,,,0,70,,4184,3,,,0,30,,4185,3,,,0,70,,4186,3,,,0,30,,4187,3,,,0,70,,4188,3,,,0,100,,4189,3,,,0,100,,4190,3,,,0,100,,4191,3,,,0,100,,4192,3,,,0,100,,4193,3,,,0,100,,4194,3,,,0,30,,4195,3,,,0,70,,4196,3,,,0,30,,4197,3,,,0,70,,4198,3,,,0,30,,4199,3,,,0,70,,4200,3,,,0,30,,4201,3,,,0,100,,4202,3,,,0,100,,4203,3,,,0,100,,4204,3,,,0,100,,4205,3,,,0
15800,'236.0.3',1605,,6129,11,,,0,32,,6130,11,,,0,72,,6131,11,,,0,28,,6132,11,,,0
15900,'236.0.3',1524,,6137,11,,,0,20,,6138,11,,,0,64,,6139,11,,,0,21,,6140,11,,,0,22,,6141,11,,,0,61,,6144,11,,,0,16,,6145,11,,,0,20,,6142,11,,,0,58,,6143,11,,,0
16101,'236.0.3',1528,,6166,11,,,0,73,,6161,11,,,0,33,,6162,11,,,0,72,,6163,11,,,0,29,,6164,11,,,0,66,,6165,11,,,0
16500,'236.0.3',1546,,6167,11,,,0,75,,6168,11,,,0,32,,6169,11,,,0,71,,6170,11,,,0,27,,6171,11,,,0,65,,6172,11,,,0
1000601,'236.0.3',536,,6531,3,,,0,70,,6532,3,,,0,30,,6533,3,,,0,70,,6534,3,,,0,29,,6535,3,,,0,70,,6536,3,,,0,30,,6537,3,,,0,70,,6538,3,,,0,15,,6539,3,,,0,30,,6540,3,,,0,70,,6541,3,,,0,30,,6542,3,,,0,70,,6543,3,,,0,30,,6544,3,,,0,70,,6545,3,,,0,30,,6546,3,,,0,70,,6547,3,,,0,30,,6548,3,,,0,70,,6549,3,,,0,30,,6550,3,,,0,55,,6551,3,,,0,30,,6552,3,,,0,70,,6553,3,,,0,30,,6554,3,,,0,70,,6555,3,,,0,30,,6556,3,,,0,71,,6557,3,,,0,30,,6558,3,,,0
1016800,'236.0.3',1520,,7458,11,,,0,32,,7459,11,,,0,73,,7460,11,,,0,33,,7461,11,,,0,70,,7462,11,,,0,26,,7463,11,,,0,70,,7464,11,,,0
2000601,'236.0.1',603,,7540,3,,,0,100,,7541,3,,,0,100,,7542,3,,,0,100,,7543,3,,,0,100,,7544,3,,,0,100,,7545,3,,,0,100,,7546,3,,,0,100,,7547,3,,,0,100,,7548,3,,,0,100,,7549,3,,,0,100,,7550,3,,,0,100,,7551,3,,,0,100,,7552,3,,,0,100,,7553,3,,,0,100,,7554,3,,,0,100,,7555,3,,,0,100,,7556,3,,,0,100,,7557,3,,,0,100,,7558,3,,,0
2000601,'236.0.2',603,,7560,3,,,0,100,,7561,3,,,0,100,,7562,3,,,0,100,,7563,3,,,0,100,,7564,3,,,0,100,,7565,3,,,0,100,,7566,3,,,0,100,,7567,3,,,0,100,,7568,3,,,0,100,,7569,3,,,0,100,,7570,3,,,0,100,,7571,3,,,0,100,,7572,3,,,0,100,,7573,3,,,0,100,,7574,3,,,0,100,,7575,3,,,0,100,,7576,3,,,0,100,,7577,3,,,0,100,,7578,3,,,0
2000601,'236.0.3',543,,7581,3,,,0,70,,7582,3,,,0,30,,7583,3,,,0,70,,7584,3,,,0,30,,7585,3,,,0,70,,7586,3,,,0,30,,7587,3,,,0,65,,7588,3,,,0,100,,7589,3,,,0,100,,7590,3,,,0,100,,7591,3,,,0,100,,7592,3,,,0,100,,7593,3,,,0,104,,7594,3,,,0,30,,7595,3,,,0,70,,7596,3,,,0,30,,7597,3,,,0,70,,7598,3,,,0,30,,7599,3,,,0,70,,7600,3,,,0,100,,7601,3,,,0,100,,7602,3,,,0,100,,7603,3,,,0,100,,7604,3,,,0,100,,7605,3,,,0,100,,7606,3,,,0
2016800,'236.0.3',1537,,8474,11,,,0,75,,8475,11,,,0,32,,8476,11,,,0,71,,8477,11,,,0,27,,8478,11,,,0,67,,8479,11,,,0
3000601,'236.0.1',633,,8554,3,,,0,100,,8555,3,,,0,100,,8556,3,,,0,100,,8557,3,,,0,100,,8558,3,,,0,100,,8559,3,,,0,100,,8560,3,,,0,100,,8561,3,,,0,100,,8562,3,,,0,100,,8563,3,,,0,100,,8564,3,,,0,100,,8565,3,,,0,100,,8566,3,,,0,100,,8567,3,,,0,100,,8568,3,,,0,100,,8569,3,,,0,100,,8570,3,,,0,100,,8571,3,,,0,100,,8572,3,,,0
3000601,'236.0.2',633,,8574,3,,,0,100,,8575,3,,,0,100,,8576,3,,,0,100,,8577,3,,,0,100,,8578,3,,,0,100,,8579,3,,,0,100,,8580,3,,,0,100,,8581,3,,,0,100,,8582,3,,,0,100,,8583,3,,,0,100,,8584,3,,,0,100,,8585,3,,,0,100,,8586,3,,,0,100,,8587,3,,,0,100,,8588,3,,,0,100,,8589,3,,,0,100,,8590,3,,,0,100,,8591,3,,,0,100,,8592,3,,,0
3000601,'236.0.3',558,,8594,3,,,0,70,,8595,3,,,0,30,,8596,3,,,0,70,,8597,3,,,0,30,,8598,3,,,0,70,,8599,3,,,0,30,,8600,3,,,0,80,,8601,3,,,0,100,,8602,3,,,0,100,,8603,3,,,0,100,,8604,3,,,0,100,,8605,3,,,0,100,,8606,3,,,0,89,,8607,3,,,0,30,,8608,3,,,0,70,,8609,3,,,0,30,,8610,3,,,0,70,,8611,3,,,0,30,,8612,3,,,0,70,,8613,3,,,0,116,,8614,3,,,0,100,,8615,3,,,0,100,,8616,3,,,0,100,,8617,3,,,0,100,,8618,3,,,0,100,,8619,3,,,0
