5901,'236.0.1',642,,17042,,,0,100,,17043,,,0,100,,17044,,,0,100,,17045,,,0,102,,17046,,,0,100,,17047,,,0,100,,17048,,,0,100,,17049,,,0,100,,17050,,,0,100,,17051,,,0,100,,17052,,,0,100,,17053,,,0,98,,17054,,,0,100,,17055,,,0,100,,17056,,,0,100,,17057,,,0,100,,17058,,,0,100,,17059,,,0
5901,'236.0.2',742,,17060,,,0,100,,17061,,,0,100,,17062,,,0,102,,17063,,,0,100,,17064,,,0,100,,17065,,,0,100,,17066,,,0,100,,17067,,,0,100,,17068,,,0,100,,17069,,,0,100,,17070,,,0,98,,17071,,,0,100,,17072,,,0,100,,17073,,,0,100,,17074,,,0,100,,17075,,,0
5901,'236.0.3',924,,17076,,,0,100,,17077,,,0,100,,17078,,,0,100,,17079,,,0,101,,17080,,,0,100,,17081,,,0,100,,17082,,,0,30,,17083,,,0,61,,17084,,,0,24,,17085,,,0,63,,17086,,,0,22,,17087,,,0,19,,17088,,,0,13,,17097,,,0,57,,17089,,,0,18,,17090,,,0,101,,17091,,,0,100,,17092,,,0,100,,17093,,,0,100,,17094,,,0,100,,17095,,,0,100,,17096,,,0
6300,'236.0.1',812,,17312,,,0,100,,17313,,,0,100,,17314,,,0,100,,17315,,,0,100,,17316,,,0,100,,17317,,,0,100,,17318,,,0,101,,17319,,,0,100,,17320,,,0,100,,17321,,,0,100,,17322,,,0,100,,17323,,,0,97,,17324,,,0,99,,17325,,,0,100,,17326,,,0,100,,17327,,,0
6300,'236.0.2',741,,17328,,,0,100,,17329,,,0,100,,17330,,,0,100,,17331,,,0,100,,17332,,,0,100,,17333,,,0,100,,17334,,,0,100,,17335,,,0,98,,17336,,,0,100,,17337,,,0,100,,17338,,,0,100,,17339,,,0,100,,17340,,,0,100,,17341,,,0,100,,17342,,,0
6300,'236.0.3',706,,17343,,,0,30,,17344,,,0,70,,17345,,,0,30,,17346,,,0,70,,17347,,,0,30,,17348,,,0,70,,17349,,,0,16,,17350,,,0,100,,17351,,,0,100,,17352,,,0,100,,17353,,,0,100,,17354,,,0,101,,17355,,,0,115,,17356,,,0,70,,17357,,,0,28,,17358,,,0,70,,17359,,,0,29,,17360,,,0,69,,17361,,,0,30,,17362,,,0,100,,17363,,,0,100,,17364,,,0,100,,17365,,,0
6801,'236.0.1',629,,17754,,,0,100,,17755,,,0,100,,17756,,,0,100,,17757,,,0,102,,17758,,,0,101,,17759,,,0,100,,17760,,,0,100,,17761,,,0,100,,17762,,,0,100,,17763,,,0,100,,17764,,,0,99,,17765,,,0,100,,17766,,,0,100,,17767,,,0,99,,17768,,,0,100,,17769,,,0,100,,17770,,,0,100,,17771,,,0,100,,17772,,,0
6801,'236.0.2',729,,17773,,,0,100,,17774,,,0,100,,17775,,,0,100,,17776,,,0,101,,17777,,,0,101,,17778,,,0,101,,17779,,,0,100,,17780,,,0,100,,17781,,,0,100,,17782,,,0,99,,17783,,,0,100,,17784,,,0,99,,17785,,,0,99,,17786,,,0,100,,17787,,,0,100,,17788,,,0
6801,'236.0.3',953,,17789,,,0,100,,17790,,,0,100,,17791,,,0,101,,17792,,,0,102,,17793,,,0,100,,17794,,,0,100,,17795,,,0,81,,17796,,,0,76,,17797,,,0,31,,17798,,,0,69,,17799,,,0,23,,17800,,,0,66,,17801,,,0,119,,17802,,,0,100,,17803,,,0,100,,17804,,,0,100,,17805,,,0,100,,17806,,,0
15901,'236.0.3',553,,19196,,,0,60,,19204,,,0,20,,19197,,,0,20,,19198,,,0,60,,19199,,,0,20,,19200,,,0,20,,19201,,,0,61,,19202,,,0,19,,19203,,,0
40100,'236.0.1',755,,19504,,,0,501,,19505,,,0,600,,19506,,,0
40100,'236.0.2',754,,19507,,,0,501,,19508,,,0,600,,19509,,,0
40100,'236.0.3',620,,19511,,,0,136,,19515,,,0,175,,19516,,,0,175,,19513,,,0,615,,19510,,,0,179,,19514,,,0,139,,19512,,,0
1016801,'236.0.3',620,,20515,,,0,30,,20516,,,0,70,,20517,,,0,30,,20518,,,0,70,,20519,,,0,30,,20520,,,0
2016801,'236.0.3',607,,21530,,,0,30,,21531,,,0,70,,21532,,,0,30,,21533,,,0,70,,21534,,,0,30,,21535,,,0
