100,'236.0.1',613,,13052,,,0,15,,13053,,,0,15,,13054,,,0,15,,13055,,,0,55,,13056,,,0,15,,13057,,,0,15,,13058,,,0,15,,13059,,,0,58,,13060,,,0,15,,13061,,,0,15,,13062,,,0,55,,13063,,,0,15,,13064,,,0,16,,13065,,,0,17,,13066,,,0,55,,13067,,,0,15,,13068,,,0,15,,13069,,,0,15,,13070,,,0,58,,13071,,,0,16,,13072,,,0,15,,13073,,,0,15,,13074,,,0,55,,13075,,,0,15,,13076,,,0,15,,13077,,,0,15,,13078,,,0,55,,13079,,,0,15,,13080,,,0,15,,13081,,,0,15,,13082,,,0,55,,13083,,,0,15,,13084,,,0,15,,13085,,,0,15,,13086,,,0,55,,13087,,,0,15,,13088,,,0,15,,13089,,,0,15,,13090,,,0,55,,13091,,,0,15,,13092,,,0,15,,13093,,,0,15,,13094,,,0,55,,13095,,,0,15,,13096,,,0,15,,13097,,,0,15,,13098,,,0,55,,13099,,,0,15,,13100,,,0,15,,13101,,,0,15,,13102,,,0,55,,13103,,,0,13,,13104,,,0,14,,13105,,,0,15,,13106,,,0,55,,13107,,,0,15,,13108,,,0,15,,13109,,,0,15,,13110,,,0,55,,13111,,,0,15,,13112,,,0,15,,13113,,,0,15,,13114,,,0,55,,13115,,,0,13,,13116,,,0,13,,13117,,,0,15,,13118,,,0,55,,13119,,,0,15,,13120,,,0,15,,13121,,,0,15,,13122,,,0,55,,13123,,,0,15,,13124,,,0,15,,13125,,,0,15,,13126,,,0,55,,13127,,,0
100,'236.0.2',614,,13128,,,0,15,,13129,,,0,15,,13130,,,0,15,,13131,,,0,55,,13132,,,0,15,,13133,,,0,15,,13134,,,0,15,,13135,,,0,55,,13136,,,0,15,,13137,,,0,18,,13138,,,0,55,,13139,,,0,15,,13140,,,0,15,,13141,,,0,15,,13142,,,0,55,,13143,,,0,16,,13144,,,0,17,,13145,,,0,15,,13146,,,0,55,,13147,,,0,15,,13148,,,0,15,,13149,,,0,15,,13150,,,0,57,,13151,,,0,16,,13152,,,0,15,,13153,,,0,15,,13154,,,0,55,,13155,,,0,15,,13156,,,0,15,,13157,,,0,15,,13158,,,0,55,,13159,,,0,15,,13160,,,0,15,,13161,,,0,15,,13162,,,0,55,,13163,,,0,15,,13164,,,0,15,,13165,,,0,15,,13166,,,0,55,,13167,,,0,15,,13168,,,0,15,,13169,,,0,15,,13170,,,0,55,,13171,,,0,15,,13172,,,0,15,,13173,,,0,15,,13174,,,0,55,,13175,,,0,15,,13176,,,0,13,,13177,,,0,13,,13178,,,0,55,,13179,,,0,15,,13180,,,0,15,,13181,,,0,15,,13182,,,0,55,,13183,,,0,15,,13184,,,0,15,,13185,,,0,70,,13186,,,0,30,,13187,,,0,70,,13188,,,0,27,,13189,,,0,70,,13190,,,0,30,,13191,,,0,70,,13192,,,0
100,'236.0.3',624,,13194,,,0,10,,13195,,,0,10,,13196,,,0,10,,13197,,,0,50,,13198,,,0,10,,13199,,,0,10,,13200,,,0,11,,13201,,,0,13,,13202,,,0,53,,13203,,,0,10,,13204,,,0,10,,13205,,,0,10,,13206,,,0,10,,13207,,,0,10,,13208,,,0,50,,13209,,,0,10,,13210,,,0,10,,13211,,,0,9,,13212,,,0,9,,13213,,,0,9,,13214,,,0,10,,13215,,,0,50,,13216,,,0,10,,13217,,,0,10,,13218,,,0,10,,13219,,,0,10,,13220,,,0,10,,13221,,,0,50,,13222,,,0,10,,13223,,,0,10,,13224,,,0,10,,13225,,,0,10,,13226,,,0,10,,13227,,,0,50,,13228,,,0,10,,13229,,,0,10,,13230,,,0,10,,13231,,,0,10,,13232,,,0,10,,13233,,,0,50,,13234,,,0,10,,13235,,,0,10,,13236,,,0,10,,13237,,,0,10,,13238,,,0,10,,13239,,,0,50,,13240,,,0,10,,13241,,,0,10,,13242,,,0,10,,13243,,,0,10,,13244,,,0,10,,13245,,,0,50,,13246,,,0,11,,13247,,,0,11,,13248,,,0,12,,13249,,,0,10,,13250,,,0,50,,13251,,,0,10,,13252,,,0,10,,13253,,,0,10,,13254,,,0,10,,13255,,,0,10,,13256,,,0,50,,13257,,,0,10,,13258,,,0,10,,13259,,,0,10,,13260,,,0,10,,13261,,,0,10,,13262,,,0,49,,13263,,,0,8,,13264,,,0,7,,13265,,,0,8,,13266,,,0,10,,13267,,,0,10,,13268,,,0,10,,13269,,,0,50,,13270,,,0,10,,13271,,,0,10,,13272,,,0,10,,13273,,,0,10,,13274,,,0,10,,13275,,,0,50,,13276,,,0,10,,13277,,,0,10,,13278,,,0,10,,13279,,,0,10,,13280,,,0,10,,13281,,,0,50,,13282,,,0,10,,13283,,,0,10,,13284,,,0,10,,13285,,,0,10,,13286,,,0,10,,13287,,,0,50,,13288,,,0,10,,13289,,,0,8,,13290,,,0,15,,13291,,,0,15,,13292,,,0,55,,13293,,,0,15,,13294,,,0,15,,13295,,,0,15,,13296,,,0,55,,13297,,,0,15,,13298,,,0,15,,13299,,,0,15,,13300,,,0
13501,'236.0.3',1525,,19130,,,0,30,,19131,,,0,70,,19132,,,0,30,,19133,,,0,70,,19134,,,0,30,,19135,,,0,70,,19136,,,0
13601,'236.0.3',1515,,19145,,,0,30,,19146,,,0,70,,19147,,,0,15,,19148,,,0,15,,19149,,,0,70,,19150,,,0,30,,19151,,,0,70,,19152,,,0
13701,'236.0.3',1535,,19159,,,0,70,,19160,,,0,30,,19161,,,0,70,,19162,,,0,30,,19163,,,0,70,,19164,,,0
13801,'236.0.3',1540,,19172,,,0,70,,19173,,,0,30,,19174,,,0,70,,19175,,,0,30,,19176,,,0,70,,19177,,,0,20,,19178,,,0
15800,'236.0.3',1550,,19179,,,0,71,,19180,,,0,31,,19181,,,0,70,,19182,,,0
15900,'236.0.3',1512,,19187,,,0,20,,19188,,,0,21,,19189,,,0,61,,19190,,,0,20,,19191,,,0,21,,19194,,,0,59,,19195,,,0,20,,19192,,,0,19,,19193,,,0
16101,'236.0.3',1516,,19216,,,0,30,,19211,,,0,72,,19212,,,0,31,,19213,,,0,70,,19214,,,0,28,,19215,,,0
16500,'236.0.3',1529,,19217,,,0,72,,19218,,,0,30,,19219,,,0,71,,19220,,,0,30,,19221,,,0,70,,19222,,,0
19200,'236.0.3',1522,,19308,,,0,30,,19309,,,0,70,,19310,,,0,30,,19311,,,0,70,,19312,,,0,30,,19313,,,0
19401,'236.0.3',1543,,19324,,,0,70,,19325,,,0,31,,19326,,,0,70,,19327,,,0
19600,'236.0.3',1544,,19328,,,0,70,,19329,,,0,30,,19330,,,0,71,,19331,,,0
1001000,'236.0.3',634,,20119,,,0,19,,20120,,,0,59,,20121,,,0,28,,20122,,,0,18,,20123,,,0,60,,20124,,,0,20,,20125,,,0,20,,20126,,,0,60,,20127,,,0,500,,20128,,,0,19,,20129,,,0,20,,20130,,,0,60,,20131,,,0,20,,20132,,,0,63,,20133,,,0,20,,20134,,,0,20,,20135,,,0,60,,20136,,,0,10,,20137,,,0,29,,20138,,,0,20,,20139,,,0,60,,20140,,,0,16,,20141,,,0
1016800,'236.0.3',1508,,20508,,,0,30,,20509,,,0,72,,20510,,,0,31,,20511,,,0,70,,20512,,,0,29,,20513,,,0,70,,20514,,,0
2000700,'236.0.1',620,,20657,,,0,20,,20658,,,0,60,,20659,,,0,20,,20660,,,0,20,,20661,,,0,60,,20662,,,0,20,,20663,,,0,20,,20664,,,0,60,,20665,,,0,20,,20666,,,0,20,,20667,,,0,60,,20668,,,0,20,,20669,,,0,20,,20670,,,0,60,,20671,,,0,20,,20672,,,0,20,,20673,,,0,60,,20674,,,0,20,,20675,,,0,20,,20676,,,0,60,,20677,,,0,20,,20678,,,0,20,,20679,,,0,60,,20680,,,0,20,,20681,,,0,20,,20682,,,0,60,,20683,,,0,20,,20684,,,0,20,,20685,,,0,60,,20686,,,0,20,,20687,,,0,20,,20688,,,0,60,,20689,,,0,20,,20690,,,0,20,,20691,,,0,60,,20692,,,0,20,,20693,,,0,20,,20694,,,0,60,,20695,,,0,20,,20696,,,0,20,,20697,,,0,60,,20698,,,0,20,,20699,,,0,20,,20700,,,0,60,,20701,,,0,20,,20702,,,0,20,,20703,,,0,60,,20704,,,0,20,,20705,,,0,20,,20706,,,0,60,,20707,,,0,20,,20708,,,0,20,,20709,,,0,60,,20710,,,0
2000700,'236.0.2',620,,20711,,,0,30,,20712,,,0,70,,20713,,,0,30,,20714,,,0,70,,20715,,,0,30,,20716,,,0,70,,20717,,,0,30,,20718,,,0,70,,20719,,,0,30,,20720,,,0,70,,20721,,,0,30,,20722,,,0,70,,20723,,,0,30,,20724,,,0,70,,20725,,,0,30,,20726,,,0,70,,20727,,,0,30,,20728,,,0,70,,20729,,,0,30,,20730,,,0,70,,20731,,,0,30,,20732,,,0,70,,20733,,,0,30,,20734,,,0,70,,20735,,,0,30,,20736,,,0,70,,20737,,,0,30,,20738,,,0,70,,20739,,,0,30,,20740,,,0,70,,20741,,,0,30,,20742,,,0,70,,20743,,,0,30,,20744,,,0,70,,20745,,,0,30,,20746,,,0
2000700,'236.0.3',611,,20747,,,0,15,,20748,,,0,15,,20749,,,0,15,,20750,,,0,55,,20751,,,0,15,,20752,,,0,15,,20753,,,0,60,,20754,,,0,19,,20755,,,0,15,,20756,,,0,15,,20757,,,0,55,,20758,,,0,14,,20759,,,0,13,,20760,,,0,15,,20761,,,0,55,,20762,,,0,15,,20763,,,0,15,,20764,,,0,15,,20765,,,0,55,,20766,,,0,15,,20767,,,0,15,,20768,,,0,15,,20769,,,0,55,,20770,,,0,15,,20771,,,0,15,,20772,,,0,15,,20773,,,0,55,,20774,,,0,15,,20775,,,0,15,,20776,,,0,15,,20777,,,0,55,,20778,,,0,15,,20779,,,0,15,,20780,,,0,15,,20781,,,0,55,,20782,,,0,15,,20783,,,0,17,,20784,,,0,15,,20785,,,0,55,,20786,,,0,15,,20787,,,0,15,,20788,,,0,15,,20789,,,0,55,,20790,,,0,15,,20791,,,0,15,,20792,,,0,12,,20793,,,0,54,,20794,,,0,15,,20795,,,0,15,,20796,,,0,15,,20797,,,0,55,,20798,,,0,12,,20799,,,0,13,,20800,,,0,15,,20801,,,0,15,,20802,,,0,55,,20803,,,0,15,,20804,,,0,15,,20805,,,0,15,,20806,,,0,55,,20807,,,0,15,,20808,,,0,15,,20809,,,0,15,,20810,,,0,55,,20811,,,0,15,,20812,,,0,15,,20813,,,0,15,,20814,,,0,55,,20815,,,0,30,,20816,,,0,70,,20817,,,0,30,,20818,,,0,70,,20819,,,0
2000701,'236.0.1',620,,20820,4,,0,20,,20821,4,,0,60,,20822,4,,0,20,,20823,4,,0,20,,20824,4,,0,60,,20825,4,,0,20,,20826,4,,0,20,,20827,4,,0,60,,20828,4,,0,20,,20829,4,,0,20,,20830,4,,0,60,,20831,4,,0,20,,20832,4,,0,20,,20833,4,,0,60,,20834,4,,0,20,,20835,4,,0,20,,20836,4,,0,60,,20837,4,,0,20,,20838,4,,0,20,,20839,4,,0,60,,20840,4,,0,20,,20841,4,,0,20,,20842,4,,0,60,,20843,4,,0,20,,20844,4,,0,20,,20845,4,,0,60,,20846,4,,0,20,,20847,4,,0,20,,20848,4,,0,60,,20849,4,,0,20,,20850,4,,0,20,,20851,4,,0,60,,20852,4,,0,20,,20853,4,,0,20,,20854,4,,0,60,,20855,4,,0,20,,20856,4,,0,20,,20857,4,,0,60,,20858,4,,0,20,,20859,4,,0,20,,20860,4,,0,60,,20861,4,,0,20,,20862,4,,0,20,,20863,4,,0,60,,20864,4,,0,20,,20865,4,,0,20,,20866,4,,0,60,,20867,4,,0,20,,20868,4,,0,20,,20869,4,,0,60,,20870,4,,0,20,,20871,4,,0,20,,20872,4,,0,60,,20873,4,,0
2000701,'236.0.2',620,,20874,4,,0,30,,20875,4,,0,70,,20876,4,,0,30,,20877,4,,0,70,,20878,4,,0,30,,20879,4,,0,70,,20880,4,,0,30,,20881,4,,0,70,,20882,4,,0,30,,20883,4,,0,70,,20884,4,,0,30,,20885,4,,0,70,,20886,4,,0,30,,20887,4,,0,70,,20888,4,,0,30,,20889,4,,0,70,,20890,4,,0,30,,20891,4,,0,70,,20892,4,,0,30,,20893,4,,0,70,,20894,4,,0,30,,20895,4,,0,70,,20896,4,,0,30,,20897,4,,0,70,,20898,4,,0,30,,20899,4,,0,70,,20900,4,,0,30,,20901,4,,0,70,,20902,4,,0,30,,20903,4,,0,70,,20904,4,,0,30,,20905,4,,0,70,,20906,4,,0,30,,20907,4,,0,70,,20908,4,,0,30,,20909,4,,0
2000701,'236.0.3',611,,20910,4,,0,15,,20911,4,,0,15,,20912,4,,0,15,,20913,4,,0,55,,20914,4,,0,15,,20915,4,,0,15,,20916,4,,0,60,,20917,4,,0,19,,20918,4,,0,15,,20919,4,,0,15,,20920,4,,0,55,,20921,4,,0,14,,20922,4,,0,13,,20923,4,,0,15,,20924,4,,0,55,,20925,4,,0,15,,20926,4,,0,15,,20927,4,,0,15,,20928,4,,0,55,,20929,4,,0,15,,20930,4,,0,15,,20931,4,,0,15,,20932,4,,0,55,,20933,4,,0,15,,20934,4,,0,15,,20935,4,,0,15,,20936,4,,0,55,,20937,4,,0,15,,20938,4,,0,15,,20939,4,,0,15,,20940,4,,0,55,,20941,4,,0,15,,20942,4,,0,15,,20943,4,,0,15,,20944,4,,0,55,,20945,4,,0,15,,20946,4,,0,17,,20947,4,,0,15,,20948,4,,0,55,,20949,4,,0,15,,20950,4,,0,15,,20951,4,,0,15,,20952,4,,0,55,,20953,4,,0,15,,20954,4,,0,15,,20955,4,,0,12,,20956,4,,0,54,,20957,4,,0,15,,20958,4,,0,15,,20959,4,,0,15,,20960,4,,0,55,,20961,4,,0,12,,20962,4,,0,13,,20963,4,,0,15,,20964,4,,0,15,,20965,4,,0,55,,20966,4,,0,15,,20967,4,,0,15,,20968,4,,0,15,,20969,4,,0,55,,20970,4,,0,15,,20971,4,,0,15,,20972,4,,0,15,,20973,4,,0,55,,20974,4,,0,15,,20975,4,,0,15,,20976,4,,0,15,,20977,4,,0,55,,20978,4,,0,30,,20979,4,,0,70,,20980,4,,0,30,,20981,4,,0,70,,20982,4,,0
2001000,'236.0.1',643,,21122,,,0,85,,21123,,,0,30,,21124,,,0,70,,21125,,,0,30,,21126,,,0,70,,21127,,,0,73,,21128,,,0,30,,21129,,,0,70,,21130,,,0,32,,21131,,,0,70,,21132,,,0,30,,21133,,,0,70,,21134,,,0,30,,21135,,,0,70,,21136,,,0,30,,21137,,,0,70,,21138,,,0,30,,21139,,,0,70,,21140,,,0,30,,21141,,,0,70,,21142,,,0,30,,21143,,,0,70,,21144,,,0,30,,21145,,,0,68,,21146,,,0,30,,21147,,,0,70,,21148,,,0,45,,21149,,,0,98,,21150,,,0,100,,21151,,,0,100,,21152,,,0
2001000,'236.0.2',643,,21153,,,0,115,,21154,,,0,70,,21155,,,0,30,,21156,,,0,70,,21157,,,0,72,,21158,,,0,30,,21159,,,0,70,,21160,,,0,30,,21161,,,0,70,,21162,,,0,30,,21163,,,0,70,,21164,,,0,30,,21165,,,0,71,,21166,,,0,30,,21167,,,0,70,,21168,,,0,30,,21169,,,0,70,,21170,,,0,30,,21171,,,0,70,,21172,,,0,30,,21173,,,0,70,,21174,,,0,45,,21175,,,0,97,,21176,,,0,100,,21177,,,0,100,,21178,,,0,100,,21179,,,0,100,,21180,,,0,100,,21181,,,0
2001000,'236.0.3',556,,21182,,,0,91,,21183,,,0,60,,21184,,,0,20,,21185,,,0,20,,21186,,,0,63,,21187,,,0,21,,21188,,,0,20,,21189,,,0,60,,21190,,,0,37,,21191,,,0,70,,21192,,,0,30,,21193,,,0,70,,21194,,,0,30,,21195,,,0,70,,21196,,,0,30,,21197,,,0,70,,21198,,,0,30,,21199,,,0,65,,21200,,,0,17,,21201,,,0,20,,21202,,,0,60,,21203,,,0,20,,21204,,,0,23,,21205,,,0,60,,21206,,,0,20,,21207,,,0,20,,21208,,,0,60,,21209,,,0,19,,21210,,,0,20,,21211,,,0,60,,21212,,,0,16,,21213,,,0,23,,21214,,,0,60,,21215,,,0,24,,21216,,,0,70,,21217,,,0,30,,21218,,,0,70,,21219,,,0,30,,21220,,,0
2016800,'236.0.3',1525,,21524,,,0,32,,21525,,,0,70,,21526,,,0,31,,21527,,,0,70,,21528,,,0,28,,21529,,,0
3001000,'236.0.1',613,,21671,,,0,100,,21672,,,0,30,,21673,,,0,70,,21674,,,0,30,,21675,,,0,70,,21676,,,0,33,,21677,,,0,70,,21678,,,0,30,,21679,,,0,70,,21680,,,0,32,,21681,,,0,70,,21682,,,0,30,,21683,,,0,70,,21684,,,0,30,,21685,,,0,70,,21686,,,0,30,,21687,,,0,70,,21688,,,0,30,,21689,,,0,70,,21690,,,0,30,,21691,,,0,70,,21692,,,0,30,,21693,,,0,70,,21694,,,0,28,,21695,,,0,70,,21696,,,0,100,,21697,,,0,100,,21698,,,0,98,,21699,,,0,100,,21700,,,0,100,,21701,,,0
3001000,'236.0.2',613,,21703,,,0,100,,21704,,,0,30,,21705,,,0,70,,21706,,,0,30,,21707,,,0,70,,21708,,,0,30,,21709,,,0,72,,21710,,,0,30,,21711,,,0,70,,21712,,,0,30,,21713,,,0,70,,21714,,,0,30,,21715,,,0,70,,21716,,,0,30,,21717,,,0,71,,21718,,,0,30,,21719,,,0,70,,21720,,,0,30,,21721,,,0,70,,21722,,,0,30,,21723,,,0,70,,21724,,,0,30,,21725,,,0,70,,21726,,,0,100,,21727,,,0,97,,21728,,,0,100,,21729,,,0,100,,21730,,,0,100,,21731,,,0
3001000,'236.0.3',601,,21735,,,0,19,,21736,,,0,20,,21737,,,0,19,,21738,,,0,58,,21739,,,0,17,,21740,,,0,18,,21741,,,0,73,,21742,,,0,20,,21743,,,0,60,,21744,,,0,28,,21745,,,0,70,,21746,,,0,30,,21747,,,0,70,,21748,,,0,30,,21749,,,0,70,,21750,,,0,30,,21751,,,0,70,,21752,,,0,30,,21753,,,0,70,,21754,,,0,20,,21755,,,0,20,,21756,,,0,60,,21757,,,0,20,,21758,,,0,20,,21759,,,0,63,,21760,,,0,20,,21761,,,0,20,,21762,,,0,60,,21763,,,0,19,,21764,,,0,20,,21765,,,0,60,,21766,,,0,16,,21767,,,0,20,,21768,,,0,60,,21769,,,0,19,,21770,,,0,30,,21771,,,0,70,,21772,,,0,30,,21773,,,0,70,,21774,,,0,30,,21775,,,0,67,,21776,,,0,30,,21777,,,0,70,,21778,,,0,30,,21779,,,0,70,,21780,,,0
