200,'236.0.1',607,,13547,,,0,100,,13548,,,0,100,,13549,,,0,15,,13550,,,0,15,,13551,,,0,15,,13552,,,0,55,,13553,,,0,15,,13554,,,0,15,,13555,,,0,15,,13556,,,0,55,,13557,,,0,15,,13558,,,0,15,,13559,,,0,15,,13560,,,0,55,,13561,,,0,15,,13562,,,0,15,,13563,,,0,15,,13564,,,0,55,,13565,,,0,15,,13566,,,0,15,,13567,,,0,15,,13568,,,0,55,,13569,,,0,15,,13570,,,0,15,,13571,,,0,15,,13572,,,0,55,,13573,,,0,15,,13574,,,0,15,,13575,,,0,15,,13576,,,0,55,,13577,,,0,15,,13578,,,0,15,,13579,,,0,15,,13580,,,0,55,,13581,,,0,15,,13582,,,0,15,,13583,,,0,15,,13584,,,0,55,,13585,,,0,15,,13586,,,0,15,,13587,,,0,15,,13588,,,0,55,,13589,,,0,15,,13590,,,0,15,,13591,,,0,15,,13592,,,0,55,,13593,,,0,15,,13594,,,0,30,,13595,,,0,70,,13596,,,0,30,,13597,,,0,70,,13598,,,0,30,,13599,,,0,70,,13600,,,0,30,,13601,,,0,70,,13602,,,0,30,,13603,,,0,70,,13604,,,0
200,'236.0.2',557,,13605,,,0,100,,13606,,,0,100,,13607,,,0,70,,13608,,,0,20,,13609,,,0,60,,13610,,,0,20,,13611,,,0,20,,13612,,,0,60,,13613,,,0,20,,13614,,,0,20,,13615,,,0,60,,13616,,,0,20,,13617,,,0,20,,13618,,,0,60,,13619,,,0,20,,13620,,,0,20,,13621,,,0,60,,13622,,,0,20,,13623,,,0,20,,13624,,,0,60,,13625,,,0,20,,13626,,,0,20,,13627,,,0,60,,13628,,,0,20,,13629,,,0,20,,13630,,,0,60,,13631,,,0,20,,13632,,,0,20,,13633,,,0,60,,13634,,,0,20,,13635,,,0,20,,13636,,,0,60,,13637,,,0,30,,13638,,,0,70,,13639,,,0,30,,13640,,,0,70,,13641,,,0,30,,13642,,,0,70,,13643,,,0,30,,13644,,,0,70,,13645,,,0,30,,13646,,,0,70,,13647,,,0,30,,13648,,,0,70,,13649,,,0
200,'236.0.3',537,,13650,,,0,70,,13651,,,0,30,,13652,,,0,15,,13653,,,0,55,,13654,,,0,15,,13655,,,0,15,,13656,,,0,15,,13657,,,0,55,,13658,,,0,15,,13659,,,0,15,,13660,,,0,15,,13661,,,0,55,,13662,,,0,15,,13663,,,0,15,,13664,,,0,15,,13665,,,0,55,,13666,,,0,15,,13667,,,0,15,,13668,,,0,15,,13669,,,0,55,,13670,,,0,15,,13671,,,0,15,,13672,,,0,15,,13673,,,0,55,,13674,,,0,15,,13675,,,0,15,,13676,,,0,15,,13677,,,0,55,,13678,,,0,15,,13679,,,0,15,,13680,,,0,15,,13681,,,0,55,,13682,,,0,15,,13683,,,0,15,,13684,,,0,15,,13685,,,0,55,,13686,,,0,15,,13687,,,0,15,,13688,,,0,15,,13689,,,0,55,,13690,,,0,15,,13691,,,0,15,,13692,,,0,15,,13693,,,0,55,,13694,,,0,15,,13695,,,0,15,,13696,,,0,15,,13697,,,0,55,,13698,,,0,15,,13699,,,0,15,,13700,,,0,15,,13701,,,0,70,,13702,,,0,30,,13703,,,0,70,,13704,,,0,30,,13705,,,0,70,,13706,,,0,30,,13707,,,0,70,,13708,,,0,30,,13709,,,0,70,,13710,,,0,30,,13711,,,0,70,,13712,,,0
801,'236.0.1',623,,14893,4,,0,30,,14894,4,,0,70,,14895,4,,0,30,,14896,4,,0,73,,14897,4,,0,33,,14898,4,,0,70,,14899,4,,0,72,,14900,4,,0,34,,14901,4,,0,74,,14902,4,,0,30,,14903,4,,0,70,,14904,4,,0,30,,14905,4,,0,72,,14906,4,,0,31,,14907,4,,0,71,,14908,4,,0,30,,14909,4,,0,70,,14910,4,,0,30,,14911,4,,0,70,,14912,4,,0,30,,14913,4,,0,70,,14914,4,,0,30,,14915,4,,0,67,,14916,4,,0,28,,14917,4,,0,69,,14918,4,,0,30,,14919,4,,0,64,,14920,4,,0,25,,14921,4,,0,29,,14922,4,,0,70,,14923,4,,0,30,,14924,4,,0,70,,14925,4,,0,30,,14926,4,,0,70,,14927,4,,0,30,,14928,4,,0,70,,14929,4,,0,100,,14930,4,,0
801,'236.0.2',629,,14931,4,,0,30,,14932,4,,0,70,,14933,4,,0,30,,14934,4,,0,70,,14935,4,,0,30,,14936,4,,0,72,,14937,4,,0,75,,14938,4,,0,30,,14939,4,,0,73,,14940,4,,0,33,,14941,4,,0,70,,14942,4,,0,30,,14943,4,,0,70,,14944,4,,0,30,,14945,4,,0,70,,14946,4,,0,30,,14947,4,,0,70,,14948,4,,0,30,,14949,4,,0,70,,14950,4,,0,30,,14951,4,,0,70,,14952,4,,0,30,,14953,4,,0,70,,14954,4,,0,25,,14955,4,,0,68,,14956,4,,0,30,,14957,4,,0,70,,14958,4,,0,30,,14959,4,,0,70,,14960,4,,0,25,,14961,4,,0,27,,14962,4,,0,70,,14963,4,,0,30,,14964,4,,0,100,,14965,4,,0,100,,14966,4,,0
801,'236.0.3',618,,14967,4,,0,30,,14968,4,,0,74,,14969,4,,0,24,,14970,4,,0,70,,14971,4,,0,20,,14972,4,,0,20,,14973,4,,0,60,,14974,4,,0,16,,14975,4,,0,16,,14976,4,,0,57,,14977,4,,0,20,,14978,4,,0,20,,14979,4,,0,60,,14980,4,,0,20,,14981,4,,0,20,,14982,4,,0,60,,14983,4,,0,20,,14984,4,,0,20,,14985,4,,0,60,,14986,4,,0,20,,14987,4,,0,20,,14988,4,,0,60,,14989,4,,0,20,,14990,4,,0,20,,14991,4,,0,60,,14992,4,,0,25,,14993,4,,0,20,,14994,4,,0,63,,14995,4,,0,33,,14996,4,,0,70,,14997,4,,0,30,,14998,4,,0,70,,14999,4,,0,16,,15000,4,,0,25,,15001,4,,0,68,,15002,4,,0,30,,15003,4,,0,70,,15004,4,,0,30,,15005,4,,0,69,,15006,4,,0,26,,15007,4,,0,69,,15008,4,,0,30,,15009,4,,0,70,,15010,4,,0,30,,15011,4,,0,70,,15012,4,,0,30,,15013,4,,0,70,,15014,4,,0
2901,'236.0.1',637,,16018,,,0,70,,16019,,,0,30,,16020,,,0,70,,16021,,,0,30,,16022,,,0,70,,16023,,,0,30,,16024,,,0,70,,16025,,,0,32,,16026,,,0,68,,16027,,,0,30,,16028,,,0,70,,16029,,,0,30,,16030,,,0,70,,16031,,,0,30,,16032,,,0,70,,16033,,,0,30,,16034,,,0,70,,16035,,,0,30,,16036,,,0,70,,16037,,,0,30,,16038,,,0,70,,16039,,,0,30,,16040,,,0,70,,16041,,,0,30,,16042,,,0,70,,16043,,,0,30,,16044,,,0,100,,16045,,,0,100,,16046,,,0,100,,16047,,,0,100,,16048,,,0,81,,16049,,,0
2901,'236.0.2',635,,16050,,,0,70,,16051,,,0,30,,16052,,,0,70,,16053,,,0,30,,16054,,,0,70,,16055,,,0,30,,16056,,,0,71,,16057,,,0,29,,16058,,,0,70,,16059,,,0,30,,16060,,,0,70,,16061,,,0,30,,16062,,,0,70,,16063,,,0,30,,16064,,,0,70,,16065,,,0,30,,16066,,,0,70,,16067,,,0,30,,16068,,,0,70,,16069,,,0,30,,16070,,,0,70,,16071,,,0,30,,16072,,,0,70,,16073,,,0,30,,16074,,,0,100,,16075,,,0,100,,16076,,,0,100,,16077,,,0,100,,16078,,,0,100,,16079,,,0,83,,16080,,,0
2901,'236.0.3',621,,16081,,,0,15,,16082,,,0,15,,16083,,,0,55,,16084,,,0,15,,16085,,,0,15,,16086,,,0,15,,16087,,,0,55,,16088,,,0,15,,16089,,,0,14,,16090,,,0,16,,16091,,,0,70,,16092,,,0,30,,16093,,,0,70,,16094,,,0,30,,16095,,,0,70,,16096,,,0,30,,16097,,,0,70,,16098,,,0,30,,16099,,,0,70,,16100,,,0,30,,16101,,,0,70,,16102,,,0,30,,16103,,,0,70,,16104,,,0,15,,16105,,,0,15,,16106,,,0,55,,16107,,,0,15,,16108,,,0,15,,16109,,,0,15,,16110,,,0,55,,16111,,,0,15,,16112,,,0,15,,16113,,,0,15,,16114,,,0,55,,16115,,,0,15,,16116,,,0,15,,16117,,,0,15,,16118,,,0,70,,16119,,,0,30,,16120,,,0,70,,16121,,,0,30,,16122,,,0,70,,16123,,,0,30,,16124,,,0,70,,16125,,,0,100,,16126,,,0,94,,16127,,,0
9300,'236.0.3',1518,,19069,,,0,26,,19070,,,0,76,,19071,,,0,23,,19072,,,0,79,,19073,,,0,22,,19074,,,0,73,,19075,,,0
12300,'236.0.3',648,,19082,4,,0,70,,19084,4,,0,111,,19085,4,,0,29,,19086,4,,0,66,,19083,4,,0
12300,'236.1141.3',756,,19087,4,,0
12300,'236.1143.3',756,,19088,4,,0
12700,'236.0.3',650,,19102,4,,0,58,,19103,4,,0,23,,19104,4,,0,11,,19105,4,,0,9,,19106,4,,0,60,,19107,4,,0,15,,19108,4,,0,15,,19109,4,,0,5,,19110,4,,0
18200,'236.0.3',1500,,19229,,,0,15,,19230,,,0,15,,19231,,,0,15,,19232,,,0,55,,19233,,,0,15,,19234,,,0,15,,19235,,,0,15,,19236,,,0,55,,19237,,,0,15,,19238,,,0,15,,19239,,,0,15,,19240,,,0,55,,19242,,,0,14,,19241,,,0,16,,19243,,,0
18300,'236.0.3',1504,,19257,,,0,30,,19258,,,0,72,,19259,,,0,31,,19260,,,0,68,,19261,,,0,28,,19262,,,0,69,,19263,,,0
18500,'236.0.3',1512,,19270,,,0,15,,19271,,,0,15,,19272,,,0,17,,19273,,,0,55,,19274,,,0,16,,19275,,,0,15,,19276,,,0,55,,19277,,,0,11,,19278,,,0,14,,19281,,,0,15,,19279,,,0,15,,19282,,,0,55,,19280,,,0,15,,19283,,,0
18600,'236.0.3',1519,,19296,,,0,31,,19297,,,0,71,,19298,,,0,31,,19301,,,0,66,,19299,,,0,29,,19300,,,0
1000901,'236.0.1',724,,20023,4,,0,100,,20024,4,,0,104,,20025,4,,0,100,,20026,4,,0,100,,20027,4,,0,100,,20028,4,,0,100,,20029,4,,0,100,,20030,4,,0,100,,20031,4,,0,100,,20032,4,,0,100,,20033,4,,0,95,,20034,4,,0,100,,20035,4,,0,100,,20036,4,,0,97,,20037,4,,0,100,,20038,4,,0,100,,20039,4,,0,100,,20040,4,,0
1000901,'236.0.2',717,,20041,4,,0,98,,20042,4,,0,106,,20043,4,,0,100,,20044,4,,0,104,,20045,4,,0,100,,20046,4,,0,100,,20047,4,,0,100,,20048,4,,0,100,,20049,4,,0,100,,20050,4,,0,100,,20051,4,,0,100,,20052,4,,0,100,,20053,4,,0,96,,20054,4,,0,96,,20055,4,,0,100,,20056,4,,0,98,,20057,4,,0,99,,20058,4,,0
1000901,'236.0.3',608,,20059,4,,0,27,,20060,4,,0,65,,20061,4,,0,10,,20062,4,,0,7,,20063,4,,0,17,,20064,4,,0,23,,20065,4,,0,45,,20066,4,,0,15,,20067,4,,0,10,,20068,4,,0,20,,20069,4,,0,10,,20070,4,,0,59,,20071,4,,0,9,,20072,4,,0,8,,20073,4,,0,10,,20074,4,,0,65,,20075,4,,0,15,,20076,4,,0,15,,20077,4,,0,70,,20078,4,,0,15,,20079,4,,0,15,,20080,4,,0,70,,20081,4,,0,15,,20082,4,,0,15,,20083,4,,0,70,,20084,4,,0,15,,20085,4,,0,15,,20086,4,,0,70,,20087,4,,0,15,,20088,4,,0,15,,20089,4,,0,70,,20090,4,,0,18,,20091,4,,0,15,,20092,4,,0,69,,20093,4,,0,25,,20094,4,,0,5,,20095,4,,0,65,,20096,4,,0,10,,20097,4,,0,20,,20098,4,,0,10,,20099,4,,0,60,,20100,4,,0,10,,20101,4,,0,17,,20102,4,,0,9,,20103,4,,0,17,,20104,4,,0,50,,20105,4,,0,25,,20106,4,,0,70,,20107,4,,0,31,,20108,4,,0,69,,20109,4,,0,25,,20110,4,,0,25,,20111,4,,0,70,,20112,4,,0,35,,20113,4,,0,60,,20114,4,,0,40,,20115,4,,0,60,,20116,4,,0,40,,20117,4,,0,60,,20118,4,,0
2000901,'236.0.1',654,,21052,4,,0,100,,21053,4,,0,99,,21054,4,,0,105,,21055,4,,0,100,,21056,4,,0,100,,21057,4,,0,100,,21058,4,,0,100,,21059,4,,0,100,,21060,4,,0,100,,21061,4,,0,100,,21062,4,,0,100,,21063,4,,0,95,,21064,4,,0,100,,21065,4,,0,97,,21066,4,,0,100,,21067,4,,0,100,,21068,4,,0,100,,21069,4,,0,100,,21070,4,,0
2000901,'236.0.2',647,,21071,4,,0,100,,21072,4,,0,98,,21073,4,,0,106,,21074,4,,0,100,,21075,4,,0,104,,21076,4,,0,100,,21077,4,,0,100,,21078,4,,0,100,,21079,4,,0,100,,21080,4,,0,100,,21081,4,,0,100,,21082,4,,0,100,,21083,4,,0,100,,21084,4,,0,92,,21085,4,,0,100,,21086,4,,0,100,,21087,4,,0,96,,21088,4,,0,100,,21089,4,,0
2000901,'236.0.3',620,,21090,4,,0,30,,21091,4,,0,72,,21092,4,,0,85,,21093,4,,0,30,,21094,4,,0,69,,21095,4,,0,18,,21096,4,,0,29,,21097,4,,0,100,,21098,4,,0,100,,21099,4,,0,100,,21100,4,,0,100,,21101,4,,0,100,,21102,4,,0,102,,21103,4,,0,70,,21104,4,,0,30,,21105,4,,0,70,,21106,4,,0,30,,21107,4,,0,70,,21108,4,,0,24,,21109,4,,0,69,,21110,4,,0,30,,21111,4,,0,70,,21112,4,,0,30,,21113,4,,0,70,,21114,4,,0,24,,21115,4,,0,62,,21116,4,,0,30,,21117,4,,0,100,,21118,4,,0,100,,21119,4,,0
