801,'236.0.1',552,,1843,46,,,0,70,,1844,46,,,0,30,,1845,46,,,0,70,,1846,46,,,0,30,,1847,46,,,0,73,,1848,46,,,0,30,,1849,46,,,0,70,,1850,46,,,0,30,,1851,46,,,0,74,,1852,46,,,0,30,,1853,46,,,0,70,,1854,46,,,0,30,,1855,46,,,0,70,,1856,46,,,0,30,,1857,46,,,0,71,,1858,46,,,0,70,,1859,46,,,0,30,,1860,46,,,0,70,,1861,46,,,0,30,,1862,46,,,0,70,,1863,46,,,0,30,,1864,46,,,0,70,,1865,46,,,0,30,,1866,46,,,0,29,,1867,46,,,0,69,,1868,46,,,0,30,,1869,46,,,0,70,,1870,46,,,0,25,,1871,46,,,0,69,,1872,46,,,0,30,,1873,46,,,0,70,,1874,46,,,0,30,,1875,46,,,0,70,,1876,46,,,0,30,,1877,46,,,0,70,,1878,46,,,0,30,,1879,46,,,0,100,,1880,46,,,0
801,'236.0.2',556,,1881,46,,,0,70,,1882,46,,,0,30,,1883,46,,,0,70,,1884,46,,,0,30,,1885,46,,,0,70,,1886,46,,,0,30,,1887,46,,,0,75,,1888,46,,,0,70,,1889,46,,,0,30,,1890,46,,,0,70,,1891,46,,,0,30,,1892,46,,,0,70,,1893,46,,,0,30,,1894,46,,,0,70,,1895,46,,,0,30,,1896,46,,,0,70,,1897,46,,,0,30,,1898,46,,,0,70,,1899,46,,,0,30,,1900,46,,,0,70,,1901,46,,,0,30,,1902,46,,,0,70,,1903,46,,,0,30,,1904,46,,,0,70,,1905,46,,,0,28,,1906,46,,,0,30,,1907,46,,,0,70,,1908,46,,,0,30,,1909,46,,,0,70,,1910,46,,,0,30,,1911,46,,,0,67,,1912,46,,,0,30,,1913,46,,,0,70,,1914,46,,,0,100,,1915,46,,,0,100,,1916,46,,,0
801,'236.0.3',542,,1917,46,,,0,70,,1918,46,,,0,30,,1919,46,,,0,60,,1920,46,,,0,22,,1921,46,,,0,20,,1922,46,,,0,60,,1923,46,,,0,20,,1924,46,,,0,20,,1925,46,,,0,60,,1926,46,,,0,18,,1927,46,,,0,20,,1928,46,,,0,60,,1929,46,,,0,20,,1930,46,,,0,20,,1931,46,,,0,60,,1932,46,,,0,20,,1933,46,,,0,20,,1934,46,,,0,60,,1935,46,,,0,20,,1936,46,,,0,20,,1937,46,,,0,60,,1938,46,,,0,20,,1939,46,,,0,20,,1940,46,,,0,60,,1941,46,,,0,20,,1942,46,,,0,20,,1943,46,,,0,60,,1944,46,,,0,22,,1945,46,,,0,33,,1946,46,,,0,70,,1947,46,,,0,30,,1948,46,,,0,70,,1949,46,,,0,30,,1950,46,,,0,66,,1951,46,,,0,28,,1952,46,,,0,70,,1953,46,,,0,30,,1954,46,,,0,70,,1955,46,,,0,30,,1956,46,,,0,67,,1957,46,,,0,29,,1958,46,,,0,70,,1959,46,,,0,30,,1960,46,,,0,70,,1961,46,,,0,30,,1962,46,,,0,70,,1963,46,,,0,30,,1964,46,,,0
9001,'236.0.1',616,,5813,32,,,0,30,,5814,32,,,0,70,,5815,32,,,0,25,,5816,32,,,0,70,,5817,32,,,0,30,,5818,32,,,0,70,,5819,32,,,0,25,,5820,32,,,0,71,,5821,32,,,0,31,,5822,32,,,0,70,,5823,32,,,0,30,,5824,32,,,0,70,,5825,32,,,0,30,,5826,32,,,0,70,,5827,32,,,0,30,,5828,32,,,0,70,,5829,32,,,0,30,,5830,32,,,0,70,,5831,32,,,0,30,,5832,32,,,0,70,,5833,32,,,0,30,,5834,32,,,0,70,,5835,32,,,0,35,,5836,32,,,0,68,,5837,32,,,0,29,,5838,32,,,0,70,,5839,32,,,0,30,,5840,32,,,0,70,,5841,32,,,0,100,,5842,32,,,0,100,,5843,32,,,0,100,,5844,32,,,0,100,,5845,32,,,0
9001,'236.0.2',603,,5846,32,,,0,100,,5847,32,,,0,100,,5848,32,,,0,100,,5849,32,,,0,56,,5850,32,,,0,142,,5851,32,,,0,100,,5852,32,,,0,102,,5853,32,,,0,100,,5854,32,,,0,98,,5855,32,,,0,100,,5856,32,,,0,100,,5857,32,,,0,58,,5858,32,,,0,143,,5859,32,,,0,105,,5860,32,,,0,98,,5861,32,,,0,100,,5862,32,,,0,99,,5863,32,,,0
9001,'236.0.3',547,,5864,32,,,0,70,,5865,32,,,0,30,,5866,32,,,0,60,,5898,32,,,0,13,,5867,32,,,0,15,,5899,32,,,0,10,,5868,32,,,0,55,,5900,32,,,0,15,,5869,32,,,0,17,,5901,32,,,0,13,,5870,32,,,0,55,,5902,32,,,0,15,,5871,32,,,0,30,,5872,32,,,0,65,,5873,32,,,0,30,,5874,32,,,0,70,,5875,32,,,0,30,,5876,32,,,0,70,,5877,32,,,0,30,,5878,32,,,0,70,,5879,32,,,0,30,,5880,32,,,0,70,,5881,32,,,0,30,,5882,32,,,0,70,,5883,32,,,0,32,,5884,32,,,0,61,,5903,32,,,0,22,,5885,32,,,0,8,,5904,32,,,0,25,,5886,32,,,0,55,,5905,32,,,0,15,,5887,32,,,0,15,,5906,32,,,0,13,,5888,32,,,0,53,,5907,32,,,0,13,,5889,32,,,0,12,,5908,32,,,0,13,,5890,32,,,0,12,,5909,32,,,0,53,,5891,32,,,0,30,,5892,32,,,0,69,,5893,32,,,0,30,,5894,32,,,0,100,,5895,32,,,0,100,,5896,32,,,0,100,,5897,32,,,0
9101,'236.0.1',810,,5964,35,,,0,100,,5965,35,,,0,100,,5966,35,,,0,100,,5967,35,,,0,100,,5968,35,,,0,100,,5969,35,,,0,100,,5970,35,,,0,100,,5971,35,,,0,100,,5972,35,,,0,100,,5973,35,,,0,100,,5974,35,,,0,100,,5975,35,,,0,100,,5976,35,,,0,100,,5977,35,,,0,100,,5978,35,,,0,100,,5979,35,,,0
9101,'236.0.2',839,,5980,35,,,0,100,,5981,35,,,0,100,,5982,35,,,0,100,,5983,35,,,0,100,,5984,35,,,0,100,,5985,35,,,0,100,,5986,35,,,0,100,,5987,35,,,0,100,,5988,35,,,0,100,,5989,35,,,0,100,,5990,35,,,0,100,,5991,35,,,0,100,,5992,35,,,0,100,,5993,35,,,0,100,,5994,35,,,0
9101,'236.0.3',613,,5995,35,,,0,30,,5996,35,,,0,76,,5997,35,,,0,24,,5998,35,,,0,70,,5999,35,,,0,37,,6000,35,,,0,68,,6001,35,,,0,29,,6002,35,,,0,100,,6003,35,,,0,103,,6004,35,,,0,100,,6005,35,,,0,99,,6006,35,,,0,108,,6007,35,,,0,101,,6008,35,,,0,71,,6009,35,,,0,30,,6010,35,,,0,72,,6011,35,,,0,70,,6012,35,,,0,24,,6013,35,,,0,94,,6014,35,,,0,100,,6015,35,,,0,100,,6016,35,,,0,100,,6017,35,,,0,100,,6018,35,,,0
9301,'236.0.3',619,,6026,32,,,0,30,,6027,32,,,0,69,,6028,32,,,0,30,,6029,32,,,0,71,,6030,32,,,0,30,,6031,32,,,0
