801,'236.0.1',556,,1843,51,,,0,70,,1844,51,,,0,30,,1845,51,,,0,70,,1846,51,,,0,30,,1847,51,,,0,73,,1848,51,,,0,30,,1849,51,,,0,70,,1850,51,,,0,71,,1851,51,,,0,34,,1852,51,,,0,70,,1853,51,,,0,30,,1854,51,,,0,70,,1855,51,,,0,30,,1856,51,,,0,71,,1857,51,,,0,31,,1858,51,,,0,70,,1859,51,,,0,30,,1860,51,,,0,70,,1861,51,,,0,30,,1862,51,,,0,70,,1863,51,,,0,30,,1864,51,,,0,70,,1865,51,,,0,30,,1866,51,,,0,68,,1867,51,,,0,29,,1868,51,,,0,70,,1869,51,,,0,29,,1870,51,,,0,25,,1871,51,,,0,69,,1872,51,,,0,30,,1873,51,,,0,70,,1874,51,,,0,30,,1875,51,,,0,70,,1876,51,,,0,30,,1877,51,,,0,70,,1878,51,,,0,30,,1879,51,,,0,100,,1880,51,,,0
801,'236.0.2',600,,1881,51,,,0,30,,1882,51,,,0,70,,1883,51,,,0,30,,1884,51,,,0,70,,1885,51,,,0,30,,1886,51,,,0,70,,1887,51,,,0,35,,1888,51,,,0,70,,1889,51,,,0,30,,1890,51,,,0,71,,1891,51,,,0,30,,1892,51,,,0,70,,1893,51,,,0,30,,1894,51,,,0,70,,1895,51,,,0,30,,1896,51,,,0,70,,1897,51,,,0,30,,1898,51,,,0,70,,1899,51,,,0,30,,1900,51,,,0,70,,1901,51,,,0,30,,1902,51,,,0,70,,1903,51,,,0,30,,1904,51,,,0,69,,1905,51,,,0,28,,1906,51,,,0,70,,1907,51,,,0,30,,1908,51,,,0,70,,1909,51,,,0,30,,1910,51,,,0,70,,1911,51,,,0,27,,1912,51,,,0,70,,1913,51,,,0,30,,1914,51,,,0,100,,1915,51,,,0,100,,1916,51,,,0
801,'236.0.3',546,,1917,51,,,0,70,,1918,51,,,0,30,,1919,51,,,0,60,,1920,51,,,0,25,,1921,51,,,0,20,,1922,51,,,0,60,,1923,51,,,0,20,,1924,51,,,0,20,,1925,51,,,0,59,,1926,51,,,0,17,,1927,51,,,0,20,,1928,51,,,0,60,,1929,51,,,0,20,,1930,51,,,0,20,,1931,51,,,0,60,,1932,51,,,0,20,,1933,51,,,0,20,,1934,51,,,0,60,,1935,51,,,0,20,,1936,51,,,0,20,,1937,51,,,0,60,,1938,51,,,0,20,,1939,51,,,0,20,,1940,51,,,0,60,,1941,51,,,0,20,,1942,51,,,0,20,,1943,51,,,0,60,,1944,51,,,0,23,,1945,51,,,0,73,,1946,51,,,0,30,,1947,51,,,0,70,,1948,51,,,0,30,,1949,51,,,0,69,,1950,51,,,0,25,,1951,51,,,0,28,,1952,51,,,0,70,,1953,51,,,0,30,,1954,51,,,0,70,,1955,51,,,0,30,,1956,51,,,0,67,,1957,51,,,0,29,,1958,51,,,0,70,,1959,51,,,0,30,,1960,51,,,0,70,,1961,51,,,0,30,,1962,51,,,0,70,,1963,51,,,0,30,,1964,51,,,0
3900,'236.0.1',617,,3078,27,,,0,30,,3079,27,,,0,70,,3080,27,,,0,30,,3081,27,,,0,70,,3082,27,,,0,30,,3083,27,,,0,70,,3084,27,,,0,30,,3085,27,,,0,70,,3086,27,,,0,31,,3087,27,,,0,70,,3088,27,,,0,30,,3089,27,,,0,70,,3090,27,,,0,30,,3091,27,,,0,70,,3092,27,,,0,30,,3093,27,,,0,70,,3094,27,,,0,30,,3095,27,,,0,70,,3096,27,,,0,30,,3097,27,,,0,70,,3098,27,,,0,30,,3099,27,,,0,70,,3100,27,,,0,30,,3101,27,,,0,70,,3102,27,,,0,30,,3103,27,,,0,70,,3104,27,,,0,30,,3105,27,,,0,70,,3106,27,,,0,30,,3107,27,,,0,70,,3108,27,,,0,30,,3109,27,,,0,70,,3110,27,,,0,30,,3111,27,,,0,70,,3112,27,,,0
3900,'236.0.2',618,,3113,27,,,0,100,,3114,27,,,0,100,,3115,27,,,0,100,,3116,27,,,0,100,,3117,27,,,0,100,,3118,27,,,0,101,,3119,27,,,0,100,,3120,27,,,0,100,,3121,27,,,0,100,,3122,27,,,0,100,,3123,27,,,0,100,,3124,27,,,0,100,,3125,27,,,0,100,,3126,27,,,0,100,,3127,27,,,0,100,,3128,27,,,0
3900,'236.0.3',621,,3129,27,,,0,30,,3130,27,,,0,72,,3131,27,,,0,31,,3132,27,,,0,70,,3133,27,,,0,29,,3134,27,,,0,68,,3135,27,,,0,30,,3136,27,,,0,70,,3137,27,,,0,30,,3138,27,,,0,70,,3139,27,,,0,30,,3140,27,,,0,70,,3141,27,,,0,30,,3142,27,,,0,70,,3143,27,,,0,30,,3144,27,,,0,70,,3145,27,,,0,30,,3146,27,,,0,73,,3147,27,,,0,30,,3148,27,,,0,70,,3149,27,,,0,30,,3150,27,,,0,70,,3151,27,,,0,30,,3152,27,,,0,67,,3153,27,,,0,30,,3154,27,,,0,100,,3155,27,,,0,100,,3156,27,,,0,100,,3157,27,,,0,100,,3158,27,,,0
9001,'236.0.1',619,,5813,37,,,0,30,,5814,37,,,0,70,,5815,37,,,0,25,,5816,37,,,0,70,,5817,37,,,0,30,,5818,37,,,0,70,,5819,37,,,0,25,,5820,37,,,0,72,,5821,37,,,0,31,,5822,37,,,0,70,,5823,37,,,0,30,,5824,37,,,0,70,,5825,37,,,0,30,,5826,37,,,0,70,,5827,37,,,0,30,,5828,37,,,0,70,,5829,37,,,0,30,,5830,37,,,0,70,,5831,37,,,0,30,,5832,37,,,0,70,,5833,37,,,0,30,,5834,37,,,0,70,,5835,37,,,0,35,,5836,37,,,0,67,,5837,37,,,0,29,,5838,37,,,0,70,,5839,37,,,0,30,,5840,37,,,0,70,,5841,37,,,0,100,,5842,37,,,0,100,,5843,37,,,0,100,,5844,37,,,0,100,,5845,37,,,0
9001,'236.0.2',606,,5846,37,,,0,100,,5847,37,,,0,100,,5848,37,,,0,100,,5849,37,,,0,97,,5850,37,,,0,102,,5851,37,,,0,100,,5852,37,,,0,102,,5853,37,,,0,100,,5854,37,,,0,98,,5855,37,,,0,100,,5856,37,,,0,100,,5857,37,,,0,98,,5858,37,,,0,103,,5859,37,,,0,105,,5860,37,,,0,98,,5861,37,,,0,99,,5862,37,,,0,99,,5863,37,,,0
9001,'236.0.3',552,,5864,37,,,0,70,,5865,37,,,0,30,,5866,37,,,0,61,,5898,37,,,0,13,,5867,37,,,0,15,,5899,37,,,0,10,,5868,37,,,0,55,,5900,37,,,0,15,,5869,37,,,0,16,,5901,37,,,0,11,,5870,37,,,0,55,,5902,37,,,0,15,,5871,37,,,0,30,,5872,37,,,0,65,,5873,37,,,0,30,,5874,37,,,0,70,,5875,37,,,0,30,,5876,37,,,0,70,,5877,37,,,0,30,,5878,37,,,0,70,,5879,37,,,0,30,,5880,37,,,0,70,,5881,37,,,0,30,,5882,37,,,0,71,,5883,37,,,0,33,,5884,37,,,0,61,,5903,37,,,0,22,,5885,37,,,0,8,,5904,37,,,0,65,,5886,37,,,0,15,,5905,37,,,0,15,,5887,37,,,0,14,,5906,37,,,0,12,,5888,37,,,0,53,,5907,37,,,0,13,,5889,37,,,0,12,,5908,37,,,0,13,,5890,37,,,0,52,,5909,37,,,0,13,,5891,37,,,0,30,,5892,37,,,0,69,,5893,37,,,0,30,,5894,37,,,0,100,,5895,37,,,0,100,,5896,37,,,0,100,,5897,37,,,0
9101,'236.0.1',814,,5964,40,,,0,100,,5965,40,,,0,101,,5966,40,,,0,100,,5967,40,,,0,100,,5968,40,,,0,100,,5969,40,,,0,100,,5970,40,,,0,100,,5971,40,,,0,100,,5972,40,,,0,100,,5973,40,,,0,100,,5974,40,,,0,99,,5975,40,,,0,100,,5976,40,,,0,100,,5977,40,,,0,100,,5978,40,,,0,100,,5979,40,,,0
9101,'236.0.2',843,,5980,40,,,0,100,,5981,40,,,0,101,,5982,40,,,0,100,,5983,40,,,0,100,,5984,40,,,0,100,,5985,40,,,0,100,,5986,40,,,0,100,,5987,40,,,0,100,,5988,40,,,0,99,,5989,40,,,0,100,,5990,40,,,0,100,,5991,40,,,0,100,,5992,40,,,0,100,,5993,40,,,0,100,,5994,40,,,0
9101,'236.0.3',617,,5995,40,,,0,30,,5996,40,,,0,77,,5997,40,,,0,24,,5998,40,,,0,70,,5999,40,,,0,37,,6000,40,,,0,67,,6001,40,,,0,29,,6002,40,,,0,100,,6003,40,,,0,103,,6004,40,,,0,100,,6005,40,,,0,99,,6006,40,,,0,149,,6007,40,,,0,101,,6008,40,,,0,31,,6009,40,,,0,70,,6010,40,,,0,32,,6011,40,,,0,70,,6012,40,,,0,23,,6013,40,,,0,94,,6014,40,,,0,100,,6015,40,,,0,100,,6016,40,,,0,100,,6017,40,,,0,100,,6018,40,,,0
9301,'236.0.3',623,,6026,37,,,0,30,,6027,37,,,0,71,,6028,37,,,0,31,,6029,37,,,0,71,,6030,37,,,0,28,,6031,37,,,0
