800,'236.0.1',602,,1718,32,,,0,30,,1719,32,,,0,70,,1720,32,,,0,30,,1721,32,,,0,70,,1722,32,,,0,23,,1723,32,,,0,22,,1724,32,,,0,70,,1725,32,,,0,30,,1726,32,,,0,70,,1727,32,,,0,31,,1728,32,,,0,69,,1729,32,,,0,30,,1730,32,,,0,70,,1731,32,,,0,30,,1732,32,,,0,70,,1733,32,,,0,30,,1734,32,,,0,70,,1735,32,,,0,32,,1736,32,,,0,70,,1737,32,,,0,30,,1738,32,,,0,70,,1739,32,,,0,30,,1740,32,,,0,70,,1741,32,,,0,30,,1742,32,,,0,70,,1743,32,,,0,30,,1744,32,,,0,70,,1745,32,,,0,30,,1746,32,,,0,70,,1747,32,,,0,30,,1748,32,,,0,70,,1749,32,,,0,30,,1750,32,,,0,70,,1751,32,,,0,26,,1752,32,,,0,69,,1753,32,,,0,30,,1754,32,,,0,100,,1755,32,,,0
800,'236.0.2',621,,1756,32,,,0,30,,1757,32,,,0,70,,1758,32,,,0,30,,1759,32,,,0,70,,1760,32,,,0,30,,1761,32,,,0,70,,1762,32,,,0,30,,1763,32,,,0,70,,1764,32,,,0,33,,1765,32,,,0,70,,1766,32,,,0,25,,1767,32,,,0,71,,1768,32,,,0,32,,1769,32,,,0,70,,1770,32,,,0,30,,1771,32,,,0,70,,1772,32,,,0,30,,1773,32,,,0,70,,1774,32,,,0,30,,1775,32,,,0,70,,1776,32,,,0,35,,1777,32,,,0,69,,1778,32,,,0,30,,1779,32,,,0,70,,1780,32,,,0,29,,1781,32,,,0,68,,1782,32,,,0,30,,1783,32,,,0,69,,1784,32,,,0,29,,1785,32,,,0,70,,1786,32,,,0,30,,1787,32,,,0,70,,1788,32,,,0,30,,1789,32,,,0,100,,1790,32,,,0,100,,1791,32,,,0
800,'236.0.3',551,,1794,32,,,0,70,,1795,32,,,0,30,,1796,32,,,0,76,,1797,32,,,0,32,,1798,32,,,0,71,,1799,32,,,0,70,,1800,32,,,0,30,,1801,32,,,0,70,,1802,32,,,0,20,,1803,32,,,0,20,,1804,32,,,0,60,,1805,32,,,0,20,,1806,32,,,0,20,,1807,32,,,0,60,,1808,32,,,0,20,,1809,32,,,0,20,,1810,32,,,0,60,,1811,32,,,0,20,,1812,32,,,0,20,,1813,32,,,0,60,,1814,32,,,0,20,,1815,32,,,0,20,,1816,32,,,0,60,,1817,32,,,0,28,,1818,32,,,0,24,,1819,32,,,0,60,,1820,32,,,0,20,,1821,32,,,0,20,,1822,32,,,0,60,,1823,32,,,0,20,,1824,32,,,0,20,,1825,32,,,0,59,,1826,32,,,0,26,,1827,32,,,0,10,,1842,32,,,0,10,,1828,32,,,0,70,,1829,32,,,0,30,,1830,32,,,0,70,,1831,32,,,0,30,,1832,32,,,0,68,,1833,32,,,0,29,,1834,32,,,0,70,,1835,32,,,0,30,,1836,32,,,0,70,,1837,32,,,0,30,,1838,32,,,0,70,,1839,32,,,0,30,,1840,32,,,0,70,,1841,32,,,0
3901,'236.0.1',628,,3159,12,,,0,30,,3160,12,,,0,70,,3161,12,,,0,30,,3162,12,,,0,71,,3163,12,,,0,71,,3164,12,,,0,30,,3165,12,,,0,70,,3166,12,,,0,30,,3167,12,,,0,70,,3168,12,,,0,30,,3169,12,,,0,70,,3170,12,,,0,30,,3171,12,,,0,70,,3172,12,,,0,30,,3173,12,,,0,70,,3174,12,,,0,30,,3175,12,,,0,70,,3176,12,,,0,30,,3177,12,,,0,70,,3178,12,,,0,30,,3179,12,,,0,70,,3180,12,,,0,30,,3181,12,,,0,70,,3182,12,,,0,30,,3183,12,,,0,70,,3184,12,,,0,30,,3185,12,,,0,70,,3186,12,,,0,30,,3187,12,,,0,70,,3188,12,,,0,30,,3189,12,,,0,70,,3190,12,,,0,30,,3191,12,,,0,70,,3192,12,,,0,30,,3193,12,,,0
3901,'236.0.2',658,,3194,12,,,0,100,,3195,12,,,0,100,,3196,12,,,0,101,,3197,12,,,0,141,,3198,12,,,0,100,,3199,12,,,0,100,,3200,12,,,0,100,,3201,12,,,0,100,,3202,12,,,0,100,,3203,12,,,0,100,,3204,12,,,0,100,,3205,12,,,0,100,,3206,12,,,0,100,,3207,12,,,0,100,,3208,12,,,0,100,,3209,12,,,0
3901,'236.0.3',612,,3210,12,,,0,30,,3211,12,,,0,71,,3212,12,,,0,30,,3213,12,,,0,70,,3214,12,,,0,30,,3215,12,,,0,70,,3216,12,,,0,30,,3217,12,,,0,70,,3218,12,,,0,30,,3219,12,,,0,70,,3220,12,,,0,30,,3221,12,,,0,70,,3222,12,,,0,30,,3223,12,,,0,70,,3224,12,,,0,30,,3225,12,,,0,70,,3226,12,,,0,30,,3227,12,,,0,70,,3228,12,,,0,35,,3229,12,,,0,70,,3230,12,,,0,30,,3231,12,,,0,70,,3232,12,,,0,30,,3233,12,,,0,65,,3234,12,,,0,100,,3235,12,,,0,100,,3236,12,,,0,100,,3237,12,,,0,100,,3238,12,,,0,100,,3239,12,,,0
9000,'236.0.1',627,,5717,27,,,0,25,,5718,27,,,0,70,,5719,27,,,0,30,,5720,27,,,0,70,,5721,27,,,0,25,,5722,27,,,0,70,,5723,27,,,0,30,,5724,27,,,0,65,,5725,27,,,0,33,,5726,27,,,0,70,,5727,27,,,0,30,,5728,27,,,0,70,,5729,27,,,0,27,,5730,27,,,0,70,,5731,27,,,0,30,,5732,27,,,0,70,,5733,27,,,0,30,,5734,27,,,0,70,,5735,27,,,0,30,,5736,27,,,0,70,,5737,27,,,0,33,,5738,27,,,0,70,,5739,27,,,0,30,,5740,27,,,0,70,,5741,27,,,0,30,,5742,27,,,0,70,,5743,27,,,0,30,,5744,27,,,0,70,,5745,27,,,0,104,,5746,27,,,0,100,,5747,27,,,0,100,,5748,27,,,0,100,,5749,27,,,0
9000,'236.0.2',615,,5750,27,,,0,100,,5751,27,,,0,100,,5752,27,,,0,95,,5753,27,,,0,97,,5754,27,,,0,99,,5755,27,,,0,102,,5756,27,,,0,100,,5757,27,,,0,98,,5758,27,,,0,100,,5759,27,,,0,100,,5760,27,,,0,100,,5761,27,,,0,103,,5762,27,,,0,104,,5763,27,,,0,101,,5764,27,,,0,100,,5765,27,,,0,100,,5766,27,,,0,100,,5767,27,,,0
9000,'236.0.3',611,,5801,27,,,0,15,,5800,27,,,0,15,,5768,27,,,0,15,,5802,27,,,0,55,,5769,27,,,0,15,,5803,27,,,0,15,,5770,27,,,0,15,,5804,27,,,0,60,,5771,27,,,0,30,,5772,27,,,0,65,,5773,27,,,0,31,,5774,27,,,0,69,,5775,27,,,0,30,,5776,27,,,0,70,,5777,27,,,0,27,,5778,27,,,0,71,,5779,27,,,0,30,,5780,27,,,0,70,,5781,27,,,0,30,,5782,27,,,0,70,,5783,27,,,0,35,,5784,27,,,0,57,,5805,27,,,0,15,,5785,27,,,0,15,,5806,27,,,0,15,,5786,27,,,0,55,,5807,27,,,0,15,,5787,27,,,0,15,,5808,27,,,0,15,,5812,27,,,0,55,,5809,27,,,0,15,,5788,27,,,0,15,,5810,27,,,0,15,,5789,27,,,0,10,,5811,27,,,0,52,,5790,27,,,0,35,,5791,27,,,0,70,,5792,27,,,0,30,,5793,27,,,0,70,,5794,27,,,0,30,,5795,27,,,0,100,,5796,27,,,0,98,,5797,27,,,0,100,,5798,27,,,0,100,,5799,27,,,0
9100,'236.0.1',718,,5910,10,,,0,100,,5911,10,,,0,100,,5912,10,,,0,100,,5913,10,,,0,100,,5914,10,,,0,100,,5915,10,,,0,100,,5916,10,,,0,100,,5917,10,,,0,100,,5918,10,,,0,100,,5919,10,,,0,100,,5920,10,,,0,100,,5921,10,,,0,100,,5922,10,,,0,100,,5923,10,,,0,100,,5924,10,,,0,100,,5925,10,,,0
9100,'236.0.2',747,,5926,10,,,0,100,,5927,10,,,0,100,,5928,10,,,0,100,,5929,10,,,0,100,,5930,10,,,0,100,,5931,10,,,0,100,,5932,10,,,0,100,,5933,10,,,0,100,,5934,10,,,0,100,,5935,10,,,0,100,,5936,10,,,0,100,,5937,10,,,0,100,,5938,10,,,0,100,,5939,10,,,0,100,,5940,10,,,0
9100,'236.0.3',628,,5941,10,,,0,24,,5942,10,,,0,67,,5943,10,,,0,36,,5944,10,,,0,69,,5945,10,,,0,31,,5946,10,,,0,100,,5947,10,,,0,103,,5948,10,,,0,100,,5949,10,,,0,99,,5950,10,,,0,100,,5951,10,,,0,100,,5952,10,,,0,70,,5953,10,,,0,30,,5954,10,,,0,70,,5955,10,,,0,30,,5956,10,,,0,70,,5957,10,,,0,31,,5958,10,,,0,70,,5959,10,,,0,98,,5960,10,,,0,100,,5961,10,,,0,100,,5962,10,,,0,100,,5963,10,,,0
9300,'236.0.3',1534,,6019,18,,,0,66,,6020,18,,,0,40,,6021,18,,,0,63,,6022,18,,,0,36,,6023,18,,,0,20,,6024,18,,,0,71,,6025,18,,,0
