1000600,'220.0.3',523,,9557,,,0,30,,9558,,,0,70,,9559,,,0,30,,9560,,,0,70,,9561,,,0,30,,9562,,,0,70,,9563,,,0,30,,9564,,,0,70,,9565,,,0,17,,9566,,,0,70,,9567,,,0,30,,9568,,,0,70,,9569,,,0,30,,9570,,,0,70,,9571,,,0,30,,9572,,,0,70,,9573,,,0,30,,9574,,,0,70,,9575,,,0,30,,9576,,,0,70,,9577,,,0,15,,9578,,,0,30,,9579,,,0,70,,9580,,,0,30,,9581,,,0,70,,9582,,,0,30,,9583,,,0,70,,9584,,,0
1000600,'220.0.4',523,,9585,,,0,30,,9586,,,0,70,,9587,,,0,30,,9588,,,0,70,,9589,,,0,30,,9590,,,0,70,,9591,,,0,30,,9592,,,0,70,,9593,,,0,17,,9594,,,0,70,,9595,,,0,30,,9596,,,0,70,,9597,,,0,30,,9598,,,0,70,,9599,,,0,30,,9600,,,0,70,,9601,,,0,30,,9602,,,0,70,,9603,,,0,30,,9604,,,0,70,,9605,,,0,15,,9606,,,0,30,,9607,,,0,70,,9608,,,0,30,,9609,,,0,70,,9610,,,0,30,,9611,,,0,70,,9612,,,0
1000601,'220.0.3',545,,9613,4,,0,70,,9614,4,,0,30,,9615,4,,0,70,,9616,4,,0,30,,9617,4,,0,70,,9618,4,,0,30,,9619,4,,0,70,,9620,4,,0,15,,9621,4,,0,70,,9622,4,,0,30,,9623,4,,0,70,,9624,4,,0,30,,9625,4,,0,70,,9626,4,,0,30,,9627,4,,0,70,,9628,4,,0,30,,9629,4,,0,70,,9630,4,,0,30,,9631,4,,0,70,,9632,4,,0,15,,9633,4,,0,30,,9634,4,,0,70,,9635,4,,0,30,,9636,4,,0,70,,9637,4,,0,30,,9638,4,,0,70,,9639,4,,0,30,,9640,4,,0
1000601,'220.0.4',545,,9641,4,,0,70,,9642,4,,0,30,,9643,4,,0,70,,9644,4,,0,30,,9645,4,,0,70,,9646,4,,0,30,,9647,4,,0,70,,9648,4,,0,15,,9649,4,,0,70,,9650,4,,0,30,,9651,4,,0,70,,9652,4,,0,30,,9653,4,,0,70,,9654,4,,0,30,,9655,4,,0,70,,9656,4,,0,30,,9657,4,,0,70,,9658,4,,0,30,,9659,4,,0,70,,9660,4,,0,15,,9661,4,,0,30,,9662,4,,0,70,,9663,4,,0,30,,9664,4,,0,70,,9665,4,,0,30,,9666,4,,0,70,,9667,4,,0,30,,9668,4,,0
2000600,'220.0.3',628,,11097,,,0,30,,11098,,,0,72,,11099,,,0,72,,11100,,,0,29,,11101,,,0,70,,11102,,,0,30,,11103,,,0,25,,11104,,,0,100,,11105,,,0,100,,11106,,,0,101,,11107,,,0,100,,11108,,,0,100,,11109,,,0,145,,11110,,,0,30,,11111,,,0,69,,11112,,,0,30,,11113,,,0,70,,11114,,,0,29,,11115,,,0,29,,11116,,,0,96,,11117,,,0,100,,11118,,,0
2000600,'220.0.4',628,,11125,,,0,30,,11126,,,0,72,,11127,,,0,72,,11128,,,0,29,,11129,,,0,70,,11130,,,0,30,,11131,,,0,25,,11132,,,0,100,,11133,,,0,100,,11134,,,0,101,,11135,,,0,100,,11136,,,0,100,,11137,,,0,145,,11138,,,0,30,,11139,,,0,69,,11140,,,0,30,,11141,,,0,70,,11142,,,0,29,,11143,,,0,29,,11144,,,0,96,,11145,,,0,100,,11146,,,0
2000601,'220.0.3',551,,11194,,,0,70,,11195,,,0,31,,11196,,,0,70,,11197,,,0,30,,11198,,,0,70,,11199,,,0,31,,11200,,,0,65,,11201,,,0,100,,11202,,,0,100,,11203,,,0,100,,11204,,,0,100,,11205,,,0,100,,11206,,,0,104,,11207,,,0,30,,11208,,,0,70,,11209,,,0,30,,11210,,,0,69,,11211,,,0,30,,11212,,,0,70,,11213,,,0,100,,11214,,,0,100,,11215,,,0,100,,11216,,,0
2000601,'220.0.4',551,,11222,,,0,70,,11223,,,0,31,,11224,,,0,70,,11225,,,0,30,,11226,,,0,70,,11227,,,0,31,,11228,,,0,65,,11229,,,0,100,,11230,,,0,100,,11231,,,0,100,,11232,,,0,100,,11233,,,0,100,,11234,,,0,104,,11235,,,0,30,,11236,,,0,70,,11237,,,0,30,,11238,,,0,69,,11239,,,0,30,,11240,,,0,70,,11241,,,0,100,,11242,,,0,100,,11243,,,0,100,,11244,,,0
3000600,'220.0.3',617,,12577,,,0,30,,12578,,,0,69,,12579,,,0,30,,12580,,,0,70,,12581,,,0,30,,12582,,,0,73,,12583,,,0,30,,12584,,,0,81,,12585,,,0,100,,12586,,,0,100,,12587,,,0,101,,12588,,,0,100,,12589,,,0,100,,12590,,,0,90,,12591,,,0,29,,12592,,,0,70,,12593,,,0,30,,12594,,,0,69,,12595,,,0,27,,12596,,,0,69,,12597,,,0,116,,12598,,,0,100,,12599,,,0,100,,12600,,,0
3000600,'220.0.4',617,,12604,,,0,30,,12605,,,0,69,,12606,,,0,30,,12607,,,0,70,,12608,,,0,30,,12609,,,0,73,,12610,,,0,30,,12611,,,0,81,,12612,,,0,100,,12613,,,0,100,,12614,,,0,101,,12615,,,0,100,,12616,,,0,100,,12617,,,0,90,,12618,,,0,29,,12619,,,0,70,,12620,,,0,30,,12621,,,0,69,,12622,,,0,27,,12623,,,0,69,,12624,,,0,116,,12625,,,0,100,,12626,,,0,100,,12627,,,0
3000601,'220.0.3',606,,12673,,,0,30,,12674,,,0,70,,12675,,,0,31,,12676,,,0,70,,12677,,,0,30,,12678,,,0,70,,12679,,,0,40,,12680,,,0,100,,12681,,,0,100,,12682,,,0,101,,12683,,,0,100,,12684,,,0,100,,12685,,,0,89,,12686,,,0,70,,12687,,,0,30,,12688,,,0,70,,12689,,,0,30,,12690,,,0,69,,12691,,,0,30,,12692,,,0,116,,12693,,,0,100,,12694,,,0,100,,12695,,,0
3000601,'220.0.4',606,,12700,,,0,30,,12701,,,0,70,,12702,,,0,31,,12703,,,0,70,,12704,,,0,30,,12705,,,0,70,,12706,,,0,40,,12707,,,0,100,,12708,,,0,100,,12709,,,0,101,,12710,,,0,100,,12711,,,0,100,,12712,,,0,89,,12713,,,0,70,,12714,,,0,30,,12715,,,0,70,,12716,,,0,30,,12717,,,0,69,,12718,,,0,30,,12719,,,0,116,,12720,,,0,100,,12721,,,0,100,,12722,,,0
