8200,'236.0.1',627,,4912,32,,,0,100,,4913,32,,,0,100,,4914,32,,,0,100,,4915,32,,,0,100,,4916,32,,,0,100,,4917,32,,,0,100,,4918,32,,,0,100,,4919,32,,,0,100,,4920,32,,,0,100,,4921,32,,,0,100,,4922,32,,,0,100,,4923,32,,,0,100,,4924,32,,,0,100,,4925,32,,,0,100,,4926,32,,,0,100,,4927,32,,,0,100,,4928,32,,,0
8200,'236.0.2',629,,4929,32,,,0,100,,4930,32,,,0,100,,4931,32,,,0,100,,4932,32,,,0,100,,4933,32,,,0,100,,4934,32,,,0,100,,4935,32,,,0,100,,4936,32,,,0,100,,4937,32,,,0,100,,4938,32,,,0,100,,4939,32,,,0,100,,4940,32,,,0,100,,4941,32,,,0,100,,4942,32,,,0,100,,4943,32,,,0,100,,4944,32,,,0
8200,'236.0.3',615,,4945,32,,,0,27,,4946,32,,,0,69,,4947,32,,,0,30,,4948,32,,,0,70,,4949,32,,,0,92,,4950,32,,,0,28,,4951,32,,,0,100,,4952,32,,,0,100,,4953,32,,,0,100,,4954,32,,,0,100,,4955,32,,,0,100,,4956,32,,,0,103,,4957,32,,,0,466,,4958,32,,,0,100,,4959,32,,,0,100,,4960,32,,,0,100,,4961,32,,,0
8400,'236.0.1',709,,5114,31,,,0,100,,5115,31,,,0,100,,5116,31,,,0,100,,5117,31,,,0,102,,5118,31,,,0,97,,5119,31,,,0,100,,5120,31,,,0,100,,5121,31,,,0,100,,5122,31,,,0,100,,5123,31,,,0,100,,5124,31,,,0,100,,5125,31,,,0,97,,5126,31,,,0,105,,5127,31,,,0,100,,5128,31,,,0,100,,5129,31,,,0,100,,5130,31,,,0
8400,'236.0.2',714,,5131,31,,,0,100,,5132,31,,,0,100,,5133,31,,,0,100,,5134,31,,,0,101,,5135,31,,,0,96,,5136,31,,,0,100,,5137,31,,,0,100,,5138,31,,,0,100,,5139,31,,,0,100,,5140,31,,,0,104,,5141,31,,,0,100,,5142,31,,,0,100,,5143,31,,,0,100,,5144,31,,,0,98,,5145,31,,,0,100,,5146,31,,,0,100,,5147,31,,,0
8400,'236.0.3',622,,5178,31,,,0,30,,5148,31,,,0,70,,5149,31,,,0,31,,5150,31,,,0,71,,5151,31,,,0,30,,5152,31,,,0,70,,5153,31,,,0,101,,5154,31,,,0,100,,5155,31,,,0,100,,5156,31,,,0,100,,5157,31,,,0,100,,5158,31,,,0,108,,5159,31,,,0,70,,5160,31,,,0,15,,5161,31,,,0,15,,5162,31,,,0,15,,5163,31,,,0,55,,5164,31,,,0,15,,5165,31,,,0,15,,5166,31,,,0,11,,5167,31,,,0,14,,5168,31,,,0,55,,5169,31,,,0,12,,5170,31,,,0,15,,5179,31,,,0,14,,5171,31,,,0,98,,5172,31,,,0,100,,5173,31,,,0,100,,5174,31,,,0,100,,5175,31,,,0,103,,5176,31,,,0,103,,5177,31,,,0
8501,'236.0.1',635,,5304,20,,,0,100,,5305,20,,,0,101,,5306,20,,,0,101,,5307,20,,,0,101,,5308,20,,,0,102,,5309,20,,,0,100,,5310,20,,,0,100,,5311,20,,,0,100,,5312,20,,,0,98,,5313,20,,,0,100,,5314,20,,,0,100,,5315,20,,,0,99,,5316,20,,,0,99,,5317,20,,,0,99,,5318,20,,,0,100,,5319,20,,,0,100,,5320,20,,,0
8501,'236.0.2',639,,5321,20,,,0,100,,5322,20,,,0,101,,5323,20,,,0,100,,5324,20,,,0,100,,5325,20,,,0,102,,5326,20,,,0,100,,5327,20,,,0,100,,5328,20,,,0,100,,5329,20,,,0,101,,5330,20,,,0,98,,5331,20,,,0,100,,5332,20,,,0,100,,5333,20,,,0,98,,5334,20,,,0,100,,5335,20,,,0,100,,5336,20,,,0
8501,'236.0.3',853,,5337,20,,,0,101,,5338,20,,,0,101,,5339,20,,,0,101,,5340,20,,,0,100,,5341,20,,,0,100,,5342,20,,,0,100,,5343,20,,,0,100,,5344,20,,,0,52,,5345,20,,,0,16,,5346,20,,,0,15,,5347,20,,,0,61,,5348,20,,,0,15,,5349,20,,,0,20,,5350,20,,,0,15,,5351,20,,,0,55,,5352,20,,,0,7,,5353,20,,,0,13,,5360,20,,,0,9,,5354,20,,,0,15,,5361,20,,,0,55,,5355,20,,,0,15,,5362,20,,,0,92,,5356,20,,,0,100,,5357,20,,,0,100,,5358,20,,,0,100,,5359,20,,,0
8601,'236.0.1',645,,5414,19,,,0,100,,5415,19,,,0,100,,5416,19,,,0,102,,5417,19,,,0,100,,5418,19,,,0,100,,5419,19,,,0,100,,5420,19,,,0,101,,5421,19,,,0,100,,5422,19,,,0,100,,5423,19,,,0,98,,5424,19,,,0,100,,5425,19,,,0,100,,5426,19,,,0,100,,5427,19,,,0,100,,5428,19,,,0,100,,5429,19,,,0,100,,5430,19,,,0
8601,'236.0.2',651,,5431,19,,,0,100,,5432,19,,,0,100,,5433,19,,,0,101,,5434,19,,,0,100,,5435,19,,,0,100,,5436,19,,,0,100,,5437,19,,,0,100,,5438,19,,,0,99,,5439,19,,,0,100,,5440,19,,,0,100,,5441,19,,,0,100,,5442,19,,,0,100,,5443,19,,,0,100,,5444,19,,,0,100,,5445,19,,,0,100,,5446,19,,,0
8601,'236.0.3',855,,5447,19,,,0,100,,5448,19,,,0,100,,5449,19,,,0,100,,5450,19,,,0,100,,5451,19,,,0,100,,5452,19,,,0,100,,5453,19,,,0,104,,5454,19,,,0,71,,5455,19,,,0,75,,5456,19,,,0,34,,5457,19,,,0,68,,5458,19,,,0,22,,5459,19,,,0,25,,5460,19,,,0,160,,5461,19,,,0,100,,5462,19,,,0,100,,5463,19,,,0,100,,5464,19,,,0
18200,'236.0.3',1554,,6179,53,,,0,55,,6180,53,,,0,17,,6181,53,,,0,18,,6182,53,,,0,14,,6183,53,,,0,57,,6184,53,,,0,14,,6185,53,,,0,11,,6186,53,,,0,12,,6187,53,,,0,55,,6188,53,,,0,11,,6189,53,,,0,15,,6190,53,,,0,15,,6192,53,,,0,54,,6191,53,,,0,16,,6193,53,,,0
18501,'236.0.3',555,,6234,20,,,0,55,,6244,20,,,0,15,,6235,20,,,0,15,,6236,20,,,0,15,,6237,20,,,0,55,,6243,20,,,0,15,,6238,20,,,0,15,,6239,20,,,0,15,,6240,20,,,0,55,,6241,20,,,0,15,,6242,20,,,0,15,,6245,20,,,0
18601,'236.0.3',603,,6252,19,,,0,30,,6253,19,,,0,70,,6254,19,,,0,30,,6255,19,,,0,70,,6256,19,,,0,30,,6257,19,,,0
