15800,'220.0.3',1602,,8901,,,0,32,,8902,,,0,72,,8903,,,0,28,,8904,,,0
15800,'220.0.4',1602,,8905,,,0,32,,8906,,,0,72,,8907,,,0,28,,8908,,,0
15801,'220.0.3',722,,8909,,,0,31,,8912,,,0,70,,8910,,,0,29,,8911,,,0
15801,'220.0.4',722,,8913,,,0,31,,8916,,,0,70,,8914,,,0,29,,8915,,,0
16100,'220.0.3',617,,8953,,,0,30,,8954,,,0,70,,8955,,,0,32,,8956,,,0,72,,8957,,,0,29,,8958,,,0
16100,'220.0.4',617,,8959,,,0,30,,8960,,,0,70,,8961,,,0,32,,8962,,,0,72,,8963,,,0,29,,8964,,,0
16101,'220.0.3',1525,,8970,,,0,33,,8965,,,0,73,,8966,,,0,72,,8967,,,0,29,,8968,,,0,26,,8969,,,0
16101,'220.0.4',1525,,8976,,,0,33,,8971,,,0,73,,8972,,,0,72,,8973,,,0,29,,8974,,,0,26,,8975,,,0
16500,'220.0.3',1543,,8977,,,0,75,,8978,,,0,32,,8979,,,0,71,,8980,,,0,27,,8981,,,0,65,,8982,,,0
16500,'220.0.4',1543,,8983,,,0,75,,8984,,,0,32,,8985,,,0,71,,8986,,,0,27,,8987,,,0,65,,8988,,,0
16501,'220.0.3',634,,8989,,,0,70,,8990,,,0,32,,8991,,,0,73,,8992,,,0,31,,8993,,,0,70,,8994,,,0
16501,'220.0.4',634,,8995,,,0,70,,8996,,,0,32,,8997,,,0,73,,8998,,,0,31,,8999,,,0,70,,9000,,,0
1016800,'220.0.3',1517,,11029,,,0,32,,11030,,,0,73,,11031,,,0,33,,11032,,,0,70,,11033,,,0,26,,11034,,,0,70,,11035,,,0
1016800,'220.0.4',1517,,11036,,,0,32,,11037,,,0,73,,11038,,,0,33,,11039,,,0,70,,11040,,,0,26,,11041,,,0,70,,11042,,,0
1016801,'220.0.3',639,,11043,,,0,70,,11044,,,0,32,,11045,,,0,72,,11046,,,0,29,,11047,,,0,68,,11048,,,0
1016801,'220.0.4',639,,11049,,,0,70,,11050,,,0,32,,11051,,,0,72,,11052,,,0,29,,11053,,,0,68,,11054,,,0
2016800,'220.0.3',1534,,12513,,,0,75,,12514,,,0,32,,12515,,,0,71,,12516,,,0,27,,12517,,,0,67,,12518,,,0
2016800,'220.0.4',1534,,12519,,,0,75,,12520,,,0,32,,12521,,,0,71,,12522,,,0,27,,12523,,,0,67,,12524,,,0
