800,'236.0.1',610,,1718,43,,,0,30,,1719,43,,,0,70,,1720,43,,,0,30,,1721,43,,,0,71,,1722,43,,,0,23,,1723,43,,,0,22,,1724,43,,,0,70,,1725,43,,,0,30,,1726,43,,,0,70,,1727,43,,,0,31,,1728,43,,,0,69,,1729,43,,,0,30,,1730,43,,,0,70,,1731,43,,,0,30,,1732,43,,,0,70,,1733,43,,,0,30,,1734,43,,,0,70,,1735,43,,,0,32,,1736,43,,,0,70,,1737,43,,,0,30,,1738,43,,,0,70,,1739,43,,,0,30,,1740,43,,,0,70,,1741,43,,,0,30,,1742,43,,,0,70,,1743,43,,,0,30,,1744,43,,,0,70,,1745,43,,,0,30,,1746,43,,,0,70,,1747,43,,,0,30,,1748,43,,,0,70,,1749,43,,,0,30,,1750,43,,,0,70,,1751,43,,,0,24,,1752,43,,,0,69,,1753,43,,,0,30,,1754,43,,,0,100,,1755,43,,,0
800,'236.0.2',628,,1756,43,,,0,30,,1757,43,,,0,70,,1758,43,,,0,30,,1759,43,,,0,70,,1760,43,,,0,30,,1761,43,,,0,70,,1762,43,,,0,30,,1763,43,,,0,71,,1764,43,,,0,74,,1765,43,,,0,30,,1766,43,,,0,25,,1767,43,,,0,71,,1768,43,,,0,72,,1769,43,,,0,30,,1770,43,,,0,70,,1771,43,,,0,30,,1772,43,,,0,70,,1773,43,,,0,30,,1774,43,,,0,70,,1775,43,,,0,30,,1776,43,,,0,75,,1777,43,,,0,29,,1778,43,,,0,70,,1779,43,,,0,29,,1780,43,,,0,69,,1781,43,,,0,28,,1782,43,,,0,70,,1783,43,,,0,27,,1784,43,,,0,29,,1785,43,,,0,70,,1786,43,,,0,30,,1787,43,,,0,70,,1788,43,,,0,30,,1789,43,,,0,100,,1790,43,,,0,100,,1791,43,,,0
800,'236.0.3',559,,1794,43,,,0,70,,1795,43,,,0,30,,1796,43,,,0,78,,1797,43,,,0,72,,1798,43,,,0,31,,1799,43,,,0,70,,1800,43,,,0,30,,1801,43,,,0,70,,1802,43,,,0,20,,1803,43,,,0,20,,1804,43,,,0,60,,1805,43,,,0,20,,1806,43,,,0,20,,1807,43,,,0,60,,1808,43,,,0,20,,1809,43,,,0,20,,1810,43,,,0,60,,1811,43,,,0,20,,1812,43,,,0,20,,1813,43,,,0,60,,1814,43,,,0,20,,1815,43,,,0,20,,1816,43,,,0,61,,1817,43,,,0,29,,1818,43,,,0,64,,1819,43,,,0,20,,1820,43,,,0,20,,1821,43,,,0,60,,1822,43,,,0,20,,1823,43,,,0,20,,1824,43,,,0,60,,1825,43,,,0,16,,1826,43,,,0,26,,1827,43,,,0,10,,1842,43,,,0,50,,1828,43,,,0,30,,1829,43,,,0,70,,1830,43,,,0,30,,1831,43,,,0,70,,1832,43,,,0,28,,1833,43,,,0,69,,1834,43,,,0,30,,1835,43,,,0,70,,1836,43,,,0,30,,1837,43,,,0,70,,1838,43,,,0,30,,1839,43,,,0,70,,1840,43,,,0,30,,1841,43,,,0
9000,'236.0.1',634,,5717,38,,,0,25,,5718,38,,,0,70,,5719,38,,,0,30,,5720,38,,,0,70,,5721,38,,,0,25,,5722,38,,,0,70,,5723,38,,,0,30,,5724,38,,,0,66,,5725,38,,,0,33,,5726,38,,,0,70,,5727,38,,,0,30,,5728,38,,,0,70,,5729,38,,,0,27,,5730,38,,,0,70,,5731,38,,,0,30,,5732,38,,,0,70,,5733,38,,,0,30,,5734,38,,,0,70,,5735,38,,,0,30,,5736,38,,,0,70,,5737,38,,,0,33,,5738,38,,,0,70,,5739,38,,,0,30,,5740,38,,,0,70,,5741,38,,,0,30,,5742,38,,,0,70,,5743,38,,,0,30,,5744,38,,,0,70,,5745,38,,,0,104,,5746,38,,,0,100,,5747,38,,,0,100,,5748,38,,,0,100,,5749,38,,,0
9000,'236.0.2',623,,5750,38,,,0,100,,5751,38,,,0,100,,5752,38,,,0,95,,5753,38,,,0,97,,5754,38,,,0,100,,5755,38,,,0,102,,5756,38,,,0,100,,5757,38,,,0,98,,5758,38,,,0,100,,5759,38,,,0,100,,5760,38,,,0,100,,5761,38,,,0,103,,5762,38,,,0,104,,5763,38,,,0,101,,5764,38,,,0,100,,5765,38,,,0,100,,5766,38,,,0,100,,5767,38,,,0
9000,'236.0.3',621,,5801,38,,,0,15,,5800,38,,,0,15,,5768,38,,,0,55,,5802,38,,,0,15,,5769,38,,,0,15,,5803,38,,,0,15,,5770,38,,,0,55,,5804,38,,,0,20,,5771,38,,,0,30,,5772,38,,,0,65,,5773,38,,,0,31,,5774,38,,,0,69,,5775,38,,,0,30,,5776,38,,,0,70,,5777,38,,,0,28,,5778,38,,,0,71,,5779,38,,,0,30,,5780,38,,,0,70,,5781,38,,,0,30,,5782,38,,,0,70,,5783,38,,,0,37,,5784,38,,,0,57,,5805,38,,,0,15,,5785,38,,,0,15,,5806,38,,,0,15,,5786,38,,,0,55,,5807,38,,,0,15,,5787,38,,,0,15,,5808,38,,,0,15,,5812,38,,,0,55,,5809,38,,,0,15,,5788,38,,,0,15,,5810,38,,,0,12,,5789,38,,,0,50,,5811,38,,,0,12,,5790,38,,,0,35,,5791,38,,,0,70,,5792,38,,,0,30,,5793,38,,,0,70,,5794,38,,,0,30,,5795,38,,,0,100,,5796,38,,,0,96,,5797,38,,,0,100,,5798,38,,,0,100,,5799,38,,,0
9100,'236.0.1',727,,5910,21,,,0,100,,5911,21,,,0,100,,5912,21,,,0,100,,5913,21,,,0,100,,5914,21,,,0,100,,5915,21,,,0,100,,5916,21,,,0,100,,5917,21,,,0,100,,5918,21,,,0,100,,5919,21,,,0,100,,5920,21,,,0,100,,5921,21,,,0,100,,5922,21,,,0,100,,5923,21,,,0,100,,5924,21,,,0,100,,5925,21,,,0
9100,'236.0.2',756,,5926,21,,,0,100,,5927,21,,,0,100,,5928,21,,,0,100,,5929,21,,,0,100,,5930,21,,,0,100,,5931,21,,,0,100,,5932,21,,,0,100,,5933,21,,,0,100,,5934,21,,,0,100,,5935,21,,,0,100,,5936,21,,,0,100,,5937,21,,,0,100,,5938,21,,,0,100,,5939,21,,,0,100,,5940,21,,,0
9100,'236.0.3',636,,5941,21,,,0,64,,5942,21,,,0,28,,5943,21,,,0,76,,5944,21,,,0,29,,5945,21,,,0,71,,5946,21,,,0,100,,5947,21,,,0,103,,5948,21,,,0,100,,5949,21,,,0,99,,5950,21,,,0,100,,5951,21,,,0,101,,5952,21,,,0,30,,5953,21,,,0,70,,5954,21,,,0,30,,5955,21,,,0,70,,5956,21,,,0,30,,5957,21,,,0,71,,5958,21,,,0,30,,5959,21,,,0,97,,5960,21,,,0,100,,5961,21,,,0,100,,5962,21,,,0,100,,5963,21,,,0
9300,'236.0.3',1544,,6019,29,,,0,67,,6020,29,,,0,42,,6021,29,,,0,62,,6022,29,,,0,35,,6023,29,,,0,59,,6024,29,,,0,30,,6025,29,,,0
