2400,'236.0.1',608,,2343,16,,,0,30,,2344,16,,,0,70,,2345,16,,,0,30,,2346,16,,,0,70,,2347,16,,,0,30,,2348,16,,,0,70,,2349,16,,,0,30,,2350,16,,,0,71,,2351,16,,,0,30,,2352,16,,,0,70,,2353,16,,,0,30,,2354,16,,,0,70,,2355,16,,,0,30,,2356,16,,,0,70,,2357,16,,,0,30,,2358,16,,,0,70,,2359,16,,,0,30,,2360,16,,,0,70,,2361,16,,,0,30,,2362,16,,,0,70,,2363,16,,,0,30,,2364,16,,,0,70,,2365,16,,,0,30,,2366,16,,,0,70,,2367,16,,,0,29,,2368,16,,,0,70,,2369,16,,,0,30,,2370,16,,,0,70,,2371,16,,,0,30,,2372,16,,,0,70,,2373,16,,,0,30,,2374,16,,,0,70,,2375,16,,,0,30,,2376,16,,,0,70,,2377,16,,,0,30,,2378,16,,,0
2400,'236.0.2',608,,2379,16,,,0,30,,2380,16,,,0,70,,2381,16,,,0,30,,2382,16,,,0,70,,2383,16,,,0,30,,2384,16,,,0,70,,2385,16,,,0,31,,2386,16,,,0,70,,2387,16,,,0,30,,2388,16,,,0,70,,2389,16,,,0,30,,2390,16,,,0,70,,2391,16,,,0,30,,2392,16,,,0,70,,2393,16,,,0,30,,2394,16,,,0,70,,2395,16,,,0,30,,2396,16,,,0,70,,2397,16,,,0,30,,2398,16,,,0,70,,2399,16,,,0,30,,2400,16,,,0,70,,2401,16,,,0,30,,2402,16,,,0,70,,2403,16,,,0,29,,2404,16,,,0,70,,2405,16,,,0,30,,2406,16,,,0,70,,2407,16,,,0,30,,2408,16,,,0,70,,2409,16,,,0,30,,2410,16,,,0,70,,2411,16,,,0,30,,2412,16,,,0,70,,2413,16,,,0,30,,2414,16,,,0
2400,'236.0.3',609,,2415,16,,,0,30,,2416,16,,,0,66,,2417,16,,,0,29,,2418,16,,,0,70,,2419,16,,,0,34,,2420,16,,,0,71,,2421,16,,,0,30,,2422,16,,,0,70,,2423,16,,,0,30,,2424,16,,,0,70,,2425,16,,,0,30,,2426,16,,,0,70,,2427,16,,,0,30,,2428,16,,,0,70,,2429,16,,,0,30,,2430,16,,,0,70,,2431,16,,,0,30,,2432,16,,,0,70,,2433,16,,,0,30,,2434,16,,,0,70,,2435,16,,,0,30,,2436,16,,,0,70,,2437,16,,,0,30,,2438,16,,,0,70,,2439,16,,,0,30,,2440,16,,,0,69,,2441,16,,,0,30,,2442,16,,,0,70,,2443,16,,,0,30,,2444,16,,,0,70,,2445,16,,,0,30,,2446,16,,,0,70,,2447,16,,,0,30,,2448,16,,,0,70,,2449,16,,,0,30,,2450,16,,,0
12700,'236.0.3',622,,6052,10,,,0,18,,6053,10,,,0,19,,6054,10,,,0,48,,6055,10,,,0,8,,6056,10,,,0,17,,6057,10,,,0,13,,6058,10,,,0,55,,6059,10,,,0,5,,6060,10,,,0
1000901,'236.0.1',651,,6973,22,,,0,100,,6974,22,,,0,101,,6975,22,,,0,100,,6976,22,,,0,100,,6977,22,,,0,100,,6978,22,,,0,100,,6979,22,,,0,100,,6980,22,,,0,100,,6981,22,,,0,100,,6982,22,,,0,100,,6983,22,,,0,98,,6984,22,,,0,100,,6985,22,,,0,100,,6986,22,,,0,100,,6987,22,,,0,100,,6988,22,,,0,100,,6989,22,,,0,100,,6990,22,,,0
1000901,'236.0.2',651,,6991,22,,,0,98,,6992,22,,,0,101,,6993,22,,,0,100,,6994,22,,,0,100,,6995,22,,,0,100,,6996,22,,,0,100,,6997,22,,,0,100,,6998,22,,,0,100,,6999,22,,,0,100,,7000,22,,,0,100,,7001,22,,,0,100,,7002,22,,,0,100,,7003,22,,,0,100,,7004,22,,,0,99,,7005,22,,,0,100,,7006,22,,,0,100,,7007,22,,,0,100,,7008,22,,,0
1000901,'236.0.3',536,,7009,22,,,0,67,,7010,22,,,0,25,,7011,22,,,0,10,,7012,22,,,0,5,,7013,22,,,0,15,,7014,22,,,0,53,,7015,22,,,0,5,,7016,22,,,0,15,,7017,22,,,0,10,,7018,22,,,0,60,,7019,22,,,0,10,,7020,22,,,0,20,,7021,22,,,0,9,,7022,22,,,0,17,,7023,22,,,0,50,,7024,22,,,0,25,,7025,22,,,0,15,,7026,22,,,0,55,,7027,22,,,0,30,,7028,22,,,0,15,,7029,22,,,0,55,,7030,22,,,0,30,,7031,22,,,0,15,,7032,22,,,0,55,,7033,22,,,0,30,,7034,22,,,0,15,,7035,22,,,0,55,,7036,22,,,0,30,,7037,22,,,0,15,,7038,22,,,0,55,,7039,22,,,0,30,,7040,22,,,0,15,,7041,22,,,0,55,,7042,22,,,0,30,,7043,22,,,0,25,,7044,22,,,0,45,,7045,22,,,0,25,,7046,22,,,0,10,,7047,22,,,0,20,,7048,22,,,0,50,,7049,22,,,0,20,,7050,22,,,0,10,,7051,22,,,0,20,,7052,22,,,0,50,,7053,22,,,0,19,,7054,22,,,0,10,,7055,22,,,0,65,,7056,22,,,0,30,,7057,22,,,0,71,,7058,22,,,0,29,,7059,22,,,0,70,,7060,22,,,0,29,,7061,22,,,0,70,,7062,22,,,0,35,,7063,22,,,0,20,,7064,22,,,0,80,,7065,22,,,0,20,,7066,22,,,0,80,,7067,22,,,0,20,,7068,22,,,0
2000901,'236.0.1',621,,8002,38,,,0,100,,8003,38,,,0,99,,8004,38,,,0,102,,8005,38,,,0,100,,8006,38,,,0,100,,8007,38,,,0,100,,8008,38,,,0,100,,8009,38,,,0,100,,8010,38,,,0,100,,8011,38,,,0,100,,8012,38,,,0,100,,8013,38,,,0,98,,8014,38,,,0,100,,8015,38,,,0,100,,8016,38,,,0,100,,8017,38,,,0,100,,8018,38,,,0,100,,8019,38,,,0,100,,8020,38,,,0
2000901,'236.0.2',621,,8021,38,,,0,100,,8022,38,,,0,98,,8023,38,,,0,101,,8024,38,,,0,100,,8025,38,,,0,100,,8026,38,,,0,100,,8027,38,,,0,100,,8028,38,,,0,100,,8029,38,,,0,100,,8030,38,,,0,100,,8031,38,,,0,100,,8032,38,,,0,100,,8033,38,,,0,100,,8034,38,,,0,99,,8035,38,,,0,100,,8036,38,,,0,100,,8037,38,,,0,99,,8038,38,,,0,100,,8039,38,,,0
2000901,'236.0.3',548,,8040,38,,,0,70,,8041,38,,,0,30,,8042,38,,,0,73,,8043,38,,,0,30,,8044,38,,,0,70,,8045,38,,,0,27,,8046,38,,,0,69,,8047,38,,,0,100,,8048,38,,,0,100,,8049,38,,,0,100,,8050,38,,,0,100,,8051,38,,,0,100,,8052,38,,,0,100,,8053,38,,,0,30,,8054,38,,,0,70,,8055,38,,,0,30,,8056,38,,,0,70,,8057,38,,,0,30,,8058,38,,,0,70,,8059,38,,,0,29,,8060,38,,,0,70,,8061,38,,,0,30,,8062,38,,,0,70,,8063,38,,,0,30,,8064,38,,,0,70,,8065,38,,,0,23,,8066,38,,,0,70,,8067,38,,,0,100,,8068,38,,,0,100,,8069,38,,,0
