8200,'220.0.1',632,,7084,4,,0,100,,7085,4,,0,100,,7086,4,,0,100,,7087,4,,0,100,,7088,4,,0,100,,7089,4,,0,100,,7090,4,,0,100,,7091,4,,0,100,,7092,4,,0,100,,7093,4,,0,100,,7094,4,,0,100,,7095,4,,0,100,,7096,4,,0,100,,7097,4,,0,100,,7098,4,,0,100,,7099,4,,0,100,,7100,4,,0
8200,'220.0.2',634,,7101,4,,0,100,,7102,4,,0,100,,7103,4,,0,100,,7104,4,,0,100,,7105,4,,0,100,,7106,4,,0,100,,7107,4,,0,100,,7108,4,,0,100,,7109,4,,0,100,,7110,4,,0,100,,7111,4,,0,100,,7112,4,,0,100,,7113,4,,0,100,,7114,4,,0,100,,7115,4,,0,100,,7116,4,,0
8200,'220.0.3',620,,7117,4,,0,27,,7118,4,,0,69,,7119,4,,0,30,,7120,4,,0,70,,7121,4,,0,92,,7122,4,,0,28,,7123,4,,0,100,,7124,4,,0,100,,7125,4,,0,100,,7126,4,,0,100,,7127,4,,0,100,,7128,4,,0,104,,7129,4,,0,465,,7130,4,,0,100,,7131,4,,0,100,,7132,4,,0,100,,7133,4,,0
8200,'220.0.4',620,,7134,4,,0,27,,7135,4,,0,69,,7136,4,,0,30,,7137,4,,0,70,,7138,4,,0,92,,7139,4,,0,28,,7140,4,,0,100,,7141,4,,0,100,,7142,4,,0,100,,7143,4,,0,100,,7144,4,,0,100,,7145,4,,0,104,,7146,4,,0,465,,7147,4,,0,100,,7148,4,,0,100,,7149,4,,0,100,,7150,4,,0,100,,7151,4,,0,100,,7152,4,,0,30,,7153,4,,0
8201,'220.0.1',639,,7154,,,0,100,,7155,,,0,100,,7156,,,0,100,,7157,,,0,100,,7158,,,0,100,,7159,,,0,100,,7160,,,0,100,,7161,,,0,100,,7162,,,0,100,,7163,,,0,100,,7164,,,0,100,,7165,,,0,100,,7166,,,0,100,,7167,,,0,100,,7168,,,0,100,,7169,,,0,100,,7170,,,0
8201,'220.0.2',640,,7171,,,0,100,,7172,,,0,100,,7173,,,0,100,,7174,,,0,100,,7175,,,0,100,,7176,,,0,100,,7177,,,0,100,,7178,,,0,100,,7179,,,0,100,,7180,,,0,100,,7181,,,0,100,,7182,,,0,100,,7183,,,0,100,,7184,,,0,100,,7185,,,0,100,,7186,,,0
8201,'220.0.3',845,,7187,,,0,100,,7188,,,0,100,,7189,,,0,100,,7190,,,0,100,,7191,,,0,100,,7192,,,0,100,,7193,,,0,98,,7194,,,0,67,,7195,,,0,30,,7196,,,0,70,,7197,,,0,30,,7198,,,0,70,,7199,,,0,35,,7200,,,0,100,,7201,,,0,100,,7202,,,0,100,,7203,,,0,100,,7204,,,0
8201,'220.0.4',845,,7205,,,0,100,,7206,,,0,100,,7207,,,0,100,,7208,,,0,100,,7209,,,0,100,,7210,,,0,100,,7211,,,0,98,,7212,,,0,67,,7213,,,0,30,,7214,,,0,70,,7215,,,0,30,,7216,,,0,70,,7217,,,0,35,,7218,,,0,100,,7219,,,0,100,,7220,,,0,100,,7221,,,0,100,,7222,,,0,100,,7223,,,0,100,,7224,,,0,70,,7225,,,0
18200,'220.0.3',1600,,9001,4,,0,15,,9002,4,,0,17,,9003,4,,0,18,,9004,4,,0,54,,9005,4,,0,17,,9006,4,,0,14,,9007,4,,0,10,,9008,4,,0,12,,9009,4,,0,55,,9010,4,,0,11,,9011,4,,0,15,,9012,4,,0,15,,9014,4,,0,54,,9013,4,,0,16,,9015,4,,0
18200,'220.0.4',1600,,9016,4,,0,15,,9017,4,,0,17,,9018,4,,0,18,,9019,4,,0,54,,9020,4,,0,17,,9021,4,,0,14,,9022,4,,0,10,,9023,4,,0,12,,9024,4,,0,55,,9025,4,,0,11,,9026,4,,0,15,,9027,4,,0,15,,9029,4,,0,54,,9028,4,,0,16,,9030,4,,0
18201,'220.0.3',522,,9031,,,0,15,,9032,,,0,15,,9033,,,0,55,,9034,,,0,15,,9035,,,0,13,,9036,,,0,14,,9037,,,0,55,,9043,,,0,15,,9038,,,0,15,,9039,,,0,15,,9040,,,0,55,,9042,,,0,15,,9041,,,0
18201,'220.0.4',522,,9044,,,0,15,,9045,,,0,15,,9046,,,0,55,,9047,,,0,15,,9048,,,0,13,,9049,,,0,14,,9050,,,0,55,,9056,,,0,15,,9051,,,0,15,,9052,,,0,15,,9053,,,0,55,,9055,,,0,15,,9054,,,0
