2200,'236.0.1',616,,2127,5,,,0,30,,2128,5,,,0,70,,2129,5,,,0,30,,2130,5,,,0,70,,2131,5,,,0,30,,2132,5,,,0,70,,2133,5,,,0,31,,2134,5,,,0,70,,2135,5,,,0,30,,2136,5,,,0,70,,2137,5,,,0,35,,2138,5,,,0,70,,2139,5,,,0,30,,2140,5,,,0,70,,2141,5,,,0,30,,2142,5,,,0,70,,2143,5,,,0,30,,2144,5,,,0,70,,2145,5,,,0,30,,2146,5,,,0,70,,2147,5,,,0,30,,2148,5,,,0,70,,2149,5,,,0,30,,2150,5,,,0,70,,2151,5,,,0,25,,2152,5,,,0,70,,2153,5,,,0,30,,2154,5,,,0,69,,2155,5,,,0,30,,2156,5,,,0,70,,2157,5,,,0,30,,2158,5,,,0,70,,2159,5,,,0,30,,2160,5,,,0,70,,2161,5,,,0,30,,2162,5,,,0
2200,'236.0.2',636,,2163,5,,,0,70,,2164,5,,,0,30,,2165,5,,,0,70,,2166,5,,,0,30,,2167,5,,,0,70,,2168,5,,,0,30,,2169,5,,,0,70,,2170,5,,,0,30,,2171,5,,,0,70,,2172,5,,,0,31,,2173,5,,,0,70,,2174,5,,,0,30,,2175,5,,,0,70,,2176,5,,,0,30,,2177,5,,,0,70,,2178,5,,,0,30,,2179,5,,,0,70,,2180,5,,,0,30,,2181,5,,,0,70,,2182,5,,,0,30,,2183,5,,,0,70,,2184,5,,,0,30,,2185,5,,,0,70,,2186,5,,,0,30,,2187,5,,,0,70,,2188,5,,,0,30,,2189,5,,,0,70,,2190,5,,,0,29,,2191,5,,,0,70,,2192,5,,,0,30,,2193,5,,,0,70,,2194,5,,,0,30,,2195,5,,,0,70,,2196,5,,,0,30,,2197,5,,,0
2200,'236.0.3',626,,2198,5,,,0,30,,2199,5,,,0,70,,2200,5,,,0,30,,2201,5,,,0,70,,2202,5,,,0,30,,2203,5,,,0,70,,2204,5,,,0,27,,2205,5,,,0,70,,2206,5,,,0,30,,2207,5,,,0,75,,2208,5,,,0,26,,2209,5,,,0,70,,2210,5,,,0,30,,2211,5,,,0,70,,2212,5,,,0,30,,2213,5,,,0,70,,2214,5,,,0,33,,2215,5,,,0,70,,2216,5,,,0,32,,2217,5,,,0,70,,2218,5,,,0,30,,2219,5,,,0,70,,2220,5,,,0,30,,2221,5,,,0,68,,2222,5,,,0,27,,2223,5,,,0,70,,2224,5,,,0,30,,2225,5,,,0,70,,2226,5,,,0,30,,2227,5,,,0,70,,2228,5,,,0,30,,2229,5,,,0,70,,2230,5,,,0,30,,2231,5,,,0,70,,2232,5,,,0,30,,2233,5,,,0
2500,'236.0.1',735,,2560,5,,,0,100,,2561,5,,,0,100,,2562,5,,,0,100,,2563,5,,,0,100,,2564,5,,,0,100,,2565,5,,,0,100,,2566,5,,,0,100,,2567,5,,,0,100,,2568,5,,,0,100,,2569,5,,,0,100,,2570,5,,,0,100,,2571,5,,,0,100,,2572,5,,,0,100,,2573,5,,,0,100,,2574,5,,,0,100,,2575,5,,,0
2500,'236.0.2',835,,2577,5,,,0,100,,2578,5,,,0,100,,2579,5,,,0,100,,2580,5,,,0,100,,2581,5,,,0,100,,2582,5,,,0,100,,2583,5,,,0,100,,2584,5,,,0,100,,2585,5,,,0,100,,2586,5,,,0,100,,2587,5,,,0,100,,2588,5,,,0,100,,2589,5,,,0,100,,2590,5,,,0
2500,'236.0.3',538,,2591,5,,,0,70,,2592,5,,,0,30,,2593,5,,,0,70,,2594,5,,,0,30,,2595,5,,,0,70,,2596,5,,,0,30,,2597,5,,,0,70,,2598,5,,,0,100,,2599,5,,,0,100,,2600,5,,,0,100,,2601,5,,,0,100,,2602,5,,,0,100,,2603,5,,,0,100,,2604,5,,,0,31,,2605,5,,,0,70,,2606,5,,,0,30,,2607,5,,,0,69,,2608,5,,,0,30,,2609,5,,,0,70,,2610,5,,,0,30,,2611,5,,,0,70,,2612,5,,,0,100,,2613,5,,,0,100,,2614,5,,,0,100,,2615,5,,,0,100,,2616,5,,,0
41500,'236.0.3',613,,6479,5,,,0,100,,6480,5,,,0,100,,6481,5,,,0,100,,6482,5,,,0,533,,6486,5,,,0,101,,6483,5,,,0,99,,6484,5,,,0,100,,6485,5,,,0
1000900,'236.0.1',706,,6883,23,,,0,100,,6884,23,,,0,100,,6885,23,,,0,100,,6886,23,,,0,100,,6887,23,,,0,96,,6888,23,,,0,102,,6889,23,,,0,100,,6890,23,,,0,100,,6891,23,,,0,100,,6892,23,,,0,100,,6893,23,,,0,100,,6894,23,,,0,100,,6895,23,,,0,101,,6896,23,,,0,100,,6897,23,,,0,100,,6898,23,,,0,100,,6899,23,,,0,100,,6900,23,,,0
1000900,'236.0.2',705,,6901,23,,,0,96,,6902,23,,,0,100,,6903,23,,,0,100,,6904,23,,,0,105,,6905,23,,,0,100,,6906,23,,,0,100,,6907,23,,,0,100,,6908,23,,,0,100,,6909,23,,,0,100,,6910,23,,,0,100,,6911,23,,,0,100,,6912,23,,,0,100,,6913,23,,,0,100,,6914,23,,,0,99,,6915,23,,,0,100,,6916,23,,,0,100,,6917,23,,,0,100,,6918,23,,,0
1000900,'236.0.3',620,,6919,23,,,0,30,,6920,23,,,0,70,,6921,23,,,0,31,,6922,23,,,0,72,,6923,23,,,0,29,,6924,23,,,0,52,,6925,23,,,0,15,,6926,23,,,0,30,,6927,23,,,0,55,,6928,23,,,0,15,,6929,23,,,0,30,,6930,23,,,0,57,,6931,23,,,0,13,,6932,23,,,0,27,,6933,23,,,0,55,,6934,23,,,0,15,,6935,23,,,0,30,,6936,23,,,0,55,,6937,23,,,0,15,,6938,23,,,0,30,,6939,23,,,0,55,,6940,23,,,0,15,,6941,23,,,0,30,,6942,23,,,0,67,,6943,23,,,0,25,,6944,23,,,0,9,,6945,23,,,0,59,,6946,23,,,0,10,,6947,23,,,0,20,,6948,23,,,0,10,,6949,23,,,0,60,,6950,23,,,0,10,,6951,23,,,0,10,,6952,23,,,0,20,,6953,23,,,0,5,,6954,23,,,0,6,,6955,23,,,0,56,,6956,23,,,0,10,,6957,23,,,0,20,,6958,23,,,0,10,,6959,23,,,0,70,,6960,23,,,0,30,,6961,23,,,0,70,,6962,23,,,0,30,,6963,23,,,0,68,,6964,23,,,0,27,,6965,23,,,0,55,,6966,23,,,0,15,,6967,23,,,0,35,,6968,23,,,0,60,,6969,23,,,0,40,,6970,23,,,0,60,,6971,23,,,0,40,,6972,23,,,0
2000900,'236.0.1',636,,7933,23,,,0,100,,7934,23,,,0,100,,7935,23,,,0,100,,7936,23,,,0,100,,7937,23,,,0,100,,7938,23,,,0,98,,7939,23,,,0,100,,7940,23,,,0,100,,7941,23,,,0,100,,7942,23,,,0,100,,7943,23,,,0,100,,7944,23,,,0,100,,7945,23,,,0,101,,7946,23,,,0,100,,7947,23,,,0,100,,7948,23,,,0,100,,7949,23,,,0,100,,7950,23,,,0,100,,7951,23,,,0
2000900,'236.0.2',636,,7952,23,,,0,97,,7953,23,,,0,98,,7954,23,,,0,100,,7955,23,,,0,105,,7956,23,,,0,100,,7957,23,,,0,100,,7958,23,,,0,100,,7959,23,,,0,100,,7960,23,,,0,100,,7961,23,,,0,100,,7962,23,,,0,100,,7963,23,,,0,100,,7964,23,,,0,100,,7965,23,,,0,99,,7966,23,,,0,100,,7967,23,,,0,100,,7968,23,,,0,100,,7969,23,,,0,100,,7970,23,,,0
2000900,'236.0.3',534,,7971,5,,,0,70,,7972,5,,,0,31,,7973,23,,,0,70,,7974,23,,,0,30,,7975,23,,,0,69,,7976,23,,,0,30,,7977,23,,,0,100,,7978,23,,,0,100,,7979,23,,,0,98,,7980,23,,,0,96,,7981,23,,,0,100,,7982,23,,,0,100,,7983,23,,,0,28,,7984,23,,,0,71,,7985,23,,,0,29,,7986,23,,,0,70,,7987,23,,,0,30,,7988,23,,,0,79,,7989,23,,,0,67,,7990,23,,,0,30,,7991,23,,,0,70,,7992,23,,,0,30,,7993,23,,,0,70,,7994,23,,,0,30,,7995,23,,,0,69,,7996,23,,,0,27,,7997,23,,,0,100,,7998,23,,,0,100,,7999,23,,,0,100,,8000,23,,,0,100,,8001,23,,,0
