800,'220.0.1',614,,2509,,,0,30,,2510,,,0,70,,2511,,,0,30,,2512,,,0,72,,2513,,,0,23,,2514,,,0,62,,2515,,,0,30,,2516,,,0,70,,2517,,,0,30,,2518,,,0,71,,2519,,,0,29,,2520,,,0,70,,2521,,,0,30,,2522,,,0,70,,2523,,,0,30,,2524,,,0,70,,2525,,,0,30,,2526,,,0,72,,2527,,,0,30,,2528,,,0,70,,2529,,,0,30,,2530,,,0,70,,2531,,,0,30,,2532,,,0,70,,2533,,,0,29,,2534,,,0,70,,2535,,,0,30,,2536,,,0,70,,2537,,,0,30,,2538,,,0,70,,2539,,,0,30,,2540,,,0,70,,2541,,,0,30,,2542,,,0,24,,2543,,,0,69,,2544,,,0,30,,2545,,,0,100,,2546,,,0
800,'220.0.2',632,,2547,,,0,70,,2548,,,0,30,,2549,,,0,70,,2550,,,0,30,,2551,,,0,70,,2552,,,0,30,,2553,,,0,70,,2554,,,0,31,,2555,,,0,74,,2556,,,0,30,,2557,,,0,65,,2558,,,0,31,,2559,,,0,72,,2560,,,0,30,,2561,,,0,70,,2562,,,0,30,,2563,,,0,70,,2564,,,0,30,,2565,,,0,70,,2566,,,0,30,,2567,,,0,75,,2568,,,0,29,,2569,,,0,70,,2570,,,0,29,,2571,,,0,69,,2572,,,0,28,,2573,,,0,70,,2574,,,0,27,,2575,,,0,69,,2576,,,0,30,,2577,,,0,70,,2578,,,0,30,,2579,,,0,70,,2580,,,0,100,,2581,,,0,100,,2582,,,0
800,'220.0.3',604,,2585,,,0,30,,2586,,,0,70,,2587,,,0,39,,2588,,,0,72,,2589,,,0,31,,2590,,,0,70,,2591,,,0,30,,2592,,,0,70,,2593,,,0,20,,2594,,,0,20,,2595,,,0,60,,2596,,,0,20,,2597,,,0,20,,2598,,,0,60,,2599,,,0,20,,2600,,,0,20,,2601,,,0,60,,2602,,,0,20,,2603,,,0,20,,2604,,,0,60,,2605,,,0,20,,2606,,,0,20,,2607,,,0,61,,2608,,,0,29,,2609,,,0,64,,2610,,,0,20,,2611,,,0,20,,2612,,,0,60,,2613,,,0,20,,2614,,,0,20,,2615,,,0,60,,2616,,,0,15,,2617,,,0,26,,2618,,,0,50,,2633,,,0,10,,2619,,,0,30,,2620,,,0,70,,2621,,,0,30,,2622,,,0,69,,2623,,,0,28,,2624,,,0,69,,2625,,,0,30,,2626,,,0,70,,2627,,,0,30,,2628,,,0,70,,2629,,,0,30,,2630,,,0,70,,2631,,,0,30,,2632,,,0
800,'220.0.4',604,,2636,,,0,30,,2637,,,0,70,,2638,,,0,39,,2639,,,0,72,,2640,,,0,31,,2641,,,0,70,,2642,,,0,30,,2643,,,0,70,,2644,,,0,20,,2645,,,0,20,,2646,,,0,60,,2647,,,0,20,,2648,,,0,20,,2649,,,0,60,,2650,,,0,20,,2651,,,0,20,,2652,,,0,60,,2653,,,0,20,,2654,,,0,20,,2655,,,0,60,,2656,,,0,20,,2657,,,0,20,,2658,,,0,61,,2659,,,0,29,,2660,,,0,64,,2661,,,0,20,,2662,,,0,20,,2663,,,0,60,,2664,,,0,20,,2665,,,0,20,,2666,,,0,60,,2667,,,0,15,,2668,,,0,26,,2669,,,0,50,,2684,,,0,10,,2670,,,0,30,,2671,,,0,70,,2672,,,0,30,,2673,,,0,69,,2674,,,0,28,,2675,,,0,69,,2676,,,0,30,,2677,,,0,70,,2678,,,0,30,,2679,,,0,70,,2680,,,0,30,,2681,,,0,70,,2682,,,0,30,,2683,,,0
9100,'220.0.1',739,,8524,,,0,100,,8525,,,0,100,,8526,,,0,100,,8527,,,0,100,,8528,,,0,100,,8529,,,0,100,,8530,,,0,100,,8531,,,0,100,,8532,,,0,100,,8533,,,0,100,,8534,,,0,100,,8535,,,0,100,,8536,,,0,100,,8537,,,0,100,,8538,,,0,100,,8539,,,0
9100,'220.0.2',808,,8540,,,0,100,,8541,,,0,100,,8542,,,0,100,,8543,,,0,100,,8544,,,0,100,,8545,,,0,100,,8546,,,0,100,,8547,,,0,100,,8548,,,0,100,,8549,,,0,100,,8550,,,0,100,,8551,,,0,100,,8552,,,0,100,,8553,,,0,100,,8554,,,0
9100,'220.0.3',647,,8555,,,0,65,,8556,,,0,30,,8557,,,0,76,,8558,,,0,29,,8559,,,0,70,,8560,,,0,100,,8561,,,0,103,,8562,,,0,100,,8563,,,0,99,,8564,,,0,103,,8565,,,0,101,,8566,,,0,30,,8567,,,0,70,,8568,,,0,30,,8569,,,0,70,,8570,,,0,30,,8571,,,0,71,,8572,,,0,26,,8573,,,0,97,,8574,,,0,100,,8575,,,0,100,,8576,,,0,100,,8577,,,0
9100,'220.0.4',647,,8578,,,0,65,,8579,,,0,30,,8580,,,0,76,,8581,,,0,29,,8582,,,0,70,,8583,,,0,100,,8584,,,0,103,,8585,,,0,100,,8586,,,0,99,,8587,,,0,103,,8588,,,0,101,,8589,,,0,30,,8590,,,0,70,,8591,,,0,30,,8592,,,0,70,,8593,,,0,30,,8594,,,0,71,,8595,,,0,26,,8596,,,0,97,,8597,,,0,100,,8598,,,0,100,,8599,,,0,100,,8600,,,0,100,,8601,,,0,100,,8602,,,0,100,,8603,,,0
9300,'220.0.3',1549,,8685,,,0,68,,8686,,,0,42,,8687,,,0,62,,8688,,,0,35,,8689,,,0,58,,8690,,,0,30,,8691,,,0
9300,'220.0.4',1549,,8692,,,0,68,,8693,,,0,42,,8694,,,0,62,,8695,,,0,35,,8696,,,0,58,,8697,,,0,30,,8698,,,0
