9001,'236.0.1',634,,18863,,,0,70,,18864,,,0,30,,18865,,,0,25,,18866,,,0,71,,18867,,,0,70,,18868,,,0,30,,18869,,,0,26,,18870,,,0,74,,18871,,,0,71,,18872,,,0,30,,18873,,,0,70,,18874,,,0,30,,18875,,,0,70,,18876,,,0,30,,18877,,,0,70,,18878,,,0,30,,18879,,,0,70,,18880,,,0,30,,18881,,,0,70,,18882,,,0,30,,18883,,,0,70,,18884,,,0,30,,18885,,,0,74,,18886,,,0,25,,18887,,,0,29,,18888,,,0,70,,18889,,,0,30,,18890,,,0,70,,18891,,,0,99,,18892,,,0,100,,18893,,,0,100,,18894,,,0,100,,18895,,,0
9001,'236.0.2',621,,18896,,,0,100,,18897,,,0,100,,18898,,,0,100,,18899,,,0,100,,18900,,,0,102,,18901,,,0,100,,18902,,,0,102,,18903,,,0,100,,18904,,,0,98,,18905,,,0,100,,18906,,,0,99,,18907,,,0,98,,18908,,,0,103,,18909,,,0,105,,18910,,,0,98,,18911,,,0,97,,18912,,,0,99,,18913,,,0
9001,'236.0.3',608,,18914,,,0,30,,18915,,,0,73,,18916,,,0,24,,18948,,,0,13,,18917,,,0,55,,18949,,,0,10,,18918,,,0,16,,18950,,,0,15,,18919,,,0,13,,18951,,,0,51,,18920,,,0,15,,18952,,,0,15,,18921,,,0,70,,18922,,,0,25,,18923,,,0,70,,18924,,,0,30,,18925,,,0,70,,18926,,,0,30,,18927,,,0,70,,18928,,,0,30,,18929,,,0,70,,18930,,,0,30,,18931,,,0,70,,18932,,,0,32,,18933,,,0,73,,18934,,,0,21,,18953,,,0,22,,18935,,,0,8,,18954,,,0,65,,18936,,,0,15,,18955,,,0,14,,18937,,,0,52,,18956,,,0,12,,18938,,,0,13,,18957,,,0,13,,18939,,,0,12,,18958,,,0,53,,18940,,,0,12,,18959,,,0,13,,18941,,,0,70,,18942,,,0,26,,18943,,,0,30,,18944,,,0,100,,18945,,,0,100,,18946,,,0,100,,18947,,,0
13501,'236.0.3',1514,,19130,,,0,30,,19131,,,0,70,,19132,,,0,30,,19133,,,0,70,,19134,,,0,32,,19135,,,0,70,,19136,,,0
13601,'236.0.3',1504,,19145,,,0,30,,19146,,,0,70,,19147,,,0,14,,19148,,,0,15,,19149,,,0,70,,19150,,,0,33,,19151,,,0,70,,19152,,,0
13701,'236.0.3',1524,,19159,,,0,30,,19160,,,0,70,,19161,,,0,30,,19162,,,0,70,,19163,,,0,31,,19164,,,0
13801,'236.0.3',1529,,19172,,,0,30,,19173,,,0,69,,19174,,,0,30,,19175,,,0,73,,19176,,,0,70,,19177,,,0,20,,19178,,,0
15800,'236.0.3',1538,,19179,,,0,70,,19180,,,0,30,,19181,,,0,70,,19182,,,0
15900,'236.0.3',1500,,19187,,,0,20,,19188,,,0,21,,19189,,,0,60,,19190,,,0,20,,19191,,,0,20,,19194,,,0,60,,19195,,,0,20,,19192,,,0,20,,19193,,,0
16101,'236.0.3',1504,,19216,,,0,30,,19211,,,0,71,,19212,,,0,30,,19213,,,0,70,,19214,,,0,30,,19215,,,0
16500,'236.0.3',1517,,19217,,,0,31,,19218,,,0,70,,19219,,,0,30,,19220,,,0,70,,19221,,,0,30,,19222,,,0
1016800,'236.0.3',1456,,20508,,,0,70,,20509,,,0,31,,20510,,,0,70,,20511,,,0,30,,20512,,,0,70,,20513,,,0,30,,20514,,,0
2016800,'236.0.3',1513,,21524,,,0,31,,21525,,,0,70,,21526,,,0,30,,21527,,,0,70,,21528,,,0,30,,21529,,,0
