13501,'236.0.3',1514,,19130,,,0,30,,19131,,,0,69,,19132,,,0,30,,19133,,,0,70,,19134,,,0,33,,19135,,,0,70,,19136,,,0
13601,'236.0.3',1503,,19145,,,0,30,,19146,,,0,70,,19147,,,0,14,,19148,,,0,15,,19149,,,0,70,,19150,,,0,34,,19151,,,0,70,,19152,,,0
13701,'236.0.3',1524,,19159,,,0,30,,19160,,,0,69,,19161,,,0,30,,19162,,,0,71,,19163,,,0,31,,19164,,,0
13801,'236.0.3',1528,,19172,,,0,30,,19173,,,0,69,,19174,,,0,30,,19175,,,0,74,,19176,,,0,70,,19177,,,0,20,,19178,,,0
15800,'236.0.3',1537,,19179,,,0,70,,19180,,,0,30,,19181,,,0,70,,19182,,,0
15900,'236.0.3',1500,,19187,,,0,20,,19188,,,0,20,,19189,,,0,60,,19190,,,0,20,,19191,,,0,20,,19194,,,0,60,,19195,,,0,20,,19192,,,0,20,,19193,,,0
16101,'236.0.3',1504,,19216,,,0,30,,19211,,,0,70,,19212,,,0,30,,19213,,,0,70,,19214,,,0,30,,19215,,,0
16500,'236.0.3',1517,,19217,,,0,30,,19218,,,0,70,,19219,,,0,30,,19220,,,0,70,,19221,,,0,30,,19222,,,0
1000701,'236.0.1',627,,19771,,,0,20,,19772,,,0,60,,19773,,,0,20,,19774,,,0,20,,19775,,,0,60,,19776,,,0,20,,19777,,,0,21,,19778,,,0,60,,19779,,,0,20,,19780,,,0,20,,19781,,,0,60,,19782,,,0,20,,19783,,,0,20,,19784,,,0,61,,19785,,,0,20,,19786,,,0,20,,19787,,,0,60,,19788,,,0,20,,19789,,,0,20,,19790,,,0,60,,19791,,,0,20,,19792,,,0,20,,19793,,,0,60,,19794,,,0,20,,19795,,,0,20,,19796,,,0,60,,19797,,,0,20,,19798,,,0,20,,19799,,,0,60,,19800,,,0,20,,19801,,,0,20,,19802,,,0,60,,19803,,,0,20,,19804,,,0,20,,19805,,,0,60,,19806,,,0,20,,19807,,,0,20,,19808,,,0,60,,19809,,,0,19,,19810,,,0,20,,19811,,,0,60,,19812,,,0,20,,19813,,,0,20,,19814,,,0,60,,19815,,,0,20,,19816,,,0,20,,19817,,,0,60,,19818,,,0,20,,19819,,,0,20,,19820,,,0,60,,19821,,,0,20,,19822,,,0,20,,19823,,,0,60,,19824,,,0
1000701,'236.0.2',627,,19825,,,0,30,,19826,,,0,70,,19827,,,0,30,,19828,,,0,70,,19829,,,0,30,,19830,,,0,72,,19831,,,0,30,,19832,,,0,70,,19833,,,0,30,,19834,,,0,70,,19835,,,0,30,,19836,,,0,70,,19837,,,0,30,,19838,,,0,70,,19839,,,0,30,,19840,,,0,70,,19841,,,0,30,,19842,,,0,70,,19843,,,0,30,,19844,,,0,70,,19845,,,0,30,,19846,,,0,70,,19847,,,0,30,,19848,,,0,70,,19849,,,0,29,,19850,,,0,70,,19851,,,0,30,,19852,,,0,70,,19853,,,0,29,,19854,,,0,70,,19855,,,0,30,,19856,,,0,70,,19857,,,0,30,,19858,,,0,70,,19859,,,0,30,,19860,,,0
1000701,'236.0.3',612,,19861,,,0,15,,19862,,,0,15,,19863,,,0,15,,19864,,,0,55,,19865,,,0,17,,19866,,,0,20,,19867,,,0,55,,19868,,,0,15,,19869,,,0,15,,19870,,,0,15,,19871,,,0,55,,19872,,,0,15,,19873,,,0,15,,19874,,,0,15,,19875,,,0,52,,19876,,,0,14,,19877,,,0,15,,19878,,,0,15,,19879,,,0,55,,19880,,,0,15,,19881,,,0,15,,19882,,,0,15,,19883,,,0,56,,19884,,,0,15,,19885,,,0,15,,19886,,,0,15,,19887,,,0,55,,19888,,,0,15,,19889,,,0,15,,19890,,,0,15,,19891,,,0,55,,19892,,,0,15,,19893,,,0,15,,19894,,,0,15,,19895,,,0,56,,19896,,,0,17,,19897,,,0,15,,19898,,,0,15,,19899,,,0,55,,19900,,,0,15,,19901,,,0,15,,19902,,,0,15,,19903,,,0,55,,19904,,,0,15,,19905,,,0,13,,19906,,,0,14,,19907,,,0,55,,19908,,,0,13,,19909,,,0,15,,19910,,,0,15,,19911,,,0,15,,19912,,,0,55,,19913,,,0,15,,19914,,,0,15,,19915,,,0,13,,19916,,,0,55,,19917,,,0,15,,19918,,,0,15,,19919,,,0,15,,19920,,,0,55,,19921,,,0,15,,19922,,,0,15,,19923,,,0,15,,19924,,,0,53,,19925,,,0,15,,19926,,,0,15,,19927,,,0,15,,19928,,,0,55,,19929,,,0,30,,19930,,,0,70,,19931,,,0,30,,19932,,,0
1016800,'236.0.3',1456,,20508,,,0,70,,20509,,,0,30,,20510,,,0,70,,20511,,,0,30,,20512,,,0,70,,20513,,,0,30,,20514,,,0
2016800,'236.0.3',1513,,21524,,,0,30,,21525,,,0,70,,21526,,,0,30,,21527,,,0,70,,21528,,,0,30,,21529,,,0
