5900,'236.0.1',633,,16986,4,,0,100,,16987,4,,0,100,,16988,4,,0,100,,16989,4,,0,100,,16990,4,,0,100,,16991,4,,0,100,,16992,4,,0,100,,16993,4,,0,100,,16994,4,,0,100,,16995,4,,0,100,,16996,4,,0,100,,16997,4,,0,100,,16998,4,,0,100,,16999,4,,0,100,,17000,4,,0,100,,17001,4,,0,100,,17002,4,,0,100,,17003,4,,0
5900,'236.0.2',733,,17004,4,,0,100,,17005,4,,0,100,,17006,4,,0,100,,17007,4,,0,100,,17008,4,,0,100,,17009,4,,0,100,,17010,4,,0,100,,17011,4,,0,100,,17012,4,,0,100,,17013,4,,0,100,,17014,4,,0,100,,17015,4,,0,100,,17016,4,,0,100,,17017,4,,0,100,,17018,4,,0,100,,17019,4,,0
5900,'236.0.3',539,,17020,4,,0,20,,17041,4,,0,60,,17021,4,,0,20,,17022,4,,0,20,,17023,4,,0,60,,17024,4,,0,20,,17025,4,,0,62,,17026,4,,0,20,,17027,4,,0,93,,17028,4,,0,100,,17029,4,,0,100,,17030,4,,0,100,,17031,4,,0,100,,17032,4,,0,100,,17033,4,,0,100,,17034,4,,0,408,,17035,4,,0,100,,17036,4,,0,100,,17037,4,,0,100,,17038,4,,0,100,,17039,4,,0,100,,17040,4,,0
5901,'236.0.1',633,,17042,,,0,100,,17043,,,0,100,,17044,,,0,100,,17045,,,0,100,,17046,,,0,100,,17047,,,0,100,,17048,,,0,100,,17049,,,0,100,,17050,,,0,100,,17051,,,0,100,,17052,,,0,100,,17053,,,0,100,,17054,,,0,100,,17055,,,0,100,,17056,,,0,100,,17057,,,0,100,,17058,,,0,100,,17059,,,0
5901,'236.0.2',733,,17060,,,0,100,,17061,,,0,100,,17062,,,0,100,,17063,,,0,100,,17064,,,0,100,,17065,,,0,100,,17066,,,0,100,,17067,,,0,100,,17068,,,0,100,,17069,,,0,100,,17070,,,0,100,,17071,,,0,100,,17072,,,0,100,,17073,,,0,100,,17074,,,0,100,,17075,,,0
5901,'236.0.3',914,,17076,,,0,100,,17077,,,0,100,,17078,,,0,100,,17079,,,0,100,,17080,,,0,100,,17081,,,0,100,,17082,,,0,30,,17083,,,0,61,,17084,,,0,24,,17085,,,0,23,,17086,,,0,62,,17087,,,0,19,,17088,,,0,14,,17097,,,0,57,,17089,,,0,18,,17090,,,0,101,,17091,,,0,100,,17092,,,0,100,,17093,,,0,100,,17094,,,0,100,,17095,,,0,100,,17096,,,0
15900,'236.0.3',1544,,19187,4,,0,61,,19188,4,,0,24,,19189,4,,0,23,,19190,4,,0,62,,19191,4,,0,19,,19194,4,,0,11,,19195,4,,0,60,,19192,4,,0,18,,19193,4,,0
15901,'236.0.3',541,,19196,,,0,60,,19204,,,0,20,,19197,,,0,20,,19198,,,0,60,,19199,,,0,20,,19200,,,0,20,,19201,,,0,62,,19202,,,0,20,,19203,,,0
40101,'236.0.1',807,,19517,,,0,326,,19518,,,0,600,,19519,,,0
40101,'236.0.2',807,,19520,,,0,326,,19521,,,0,600,,19522,,,0
40101,'236.0.3',631,,19523,,,0,175,,19524,,,0,135,,19525,,,0,614,,19528,,,0,179,,19526,,,0,179,,19527,,,0
