8201,'236.0.1',701,,18012,,,0,100,,18013,,,0,100,,18014,,,0,100,,18015,,,0,100,,18016,,,0,100,,18017,,,0,100,,18018,,,0,100,,18019,,,0,100,,18020,,,0,100,,18021,,,0,100,,18022,,,0,100,,18023,,,0,100,,18024,,,0,100,,18025,,,0,100,,18026,,,0,100,,18027,,,0,100,,18028,,,0
8201,'236.0.2',702,,18029,,,0,100,,18030,,,0,100,,18031,,,0,100,,18032,,,0,100,,18033,,,0,100,,18034,,,0,100,,18035,,,0,100,,18036,,,0,100,,18037,,,0,100,,18038,,,0,100,,18039,,,0,100,,18040,,,0,100,,18041,,,0,100,,18042,,,0,100,,18043,,,0,100,,18044,,,0
8201,'236.0.3',907,,18045,,,0,100,,18046,,,0,100,,18047,,,0,100,,18048,,,0,100,,18049,,,0,100,,18050,,,0,100,,18051,,,0,101,,18052,,,0,27,,18053,,,0,70,,18054,,,0,30,,18055,,,0,70,,18056,,,0,28,,18057,,,0,75,,18058,,,0,100,,18059,,,0,100,,18060,,,0,100,,18061,,,0,100,,18062,,,0
8401,'236.0.1',613,,18230,,,0,100,,18231,,,0,100,,18232,,,0,100,,18233,,,0,101,,18234,,,0,100,,18235,,,0,100,,18236,,,0,101,,18237,,,0,100,,18238,,,0,100,,18239,,,0,100,,18240,,,0,99,,18241,,,0,100,,18242,,,0,100,,18243,,,0,99,,18244,,,0,100,,18245,,,0,100,,18246,,,0
8401,'236.0.2',617,,18247,,,0,100,,18248,,,0,100,,18249,,,0,102,,18250,,,0,100,,18251,,,0,100,,18252,,,0,100,,18253,,,0,100,,18254,,,0,100,,18255,,,0,100,,18256,,,0,100,,18257,,,0,100,,18258,,,0,99,,18259,,,0,100,,18260,,,0,100,,18261,,,0,100,,18262,,,0,100,,18263,,,0
8401,'236.0.3',519,,18264,,,0,30,,18265,,,0,70,,18266,,,0,15,,18267,,,0,15,,18295,,,0,55,,18268,,,0,15,,18269,,,0,15,,18270,,,0,15,,18271,,,0,55,,18272,,,0,15,,18273,,,0,15,,18274,,,0,15,,18275,,,0,56,,18296,,,0,15,,18276,,,0,100,,18277,,,0,100,,18278,,,0,100,,18279,,,0,100,,18280,,,0,100,,18281,,,0,100,,18282,,,0,30,,18283,,,0,71,,18284,,,0,30,,18285,,,0,70,,18286,,,0,30,,18287,,,0,68,,18288,,,0,100,,18289,,,0,99,,18290,,,0,100,,18291,,,0,100,,18292,,,0,100,,18293,,,0,100,,18294,,,0
8801,'236.0.1',729,,18719,,,0,100,,18720,,,0,100,,18721,,,0,100,,18722,,,0,101,,18723,,,0,100,,18724,,,0,100,,18725,,,0,100,,18726,,,0,100,,18727,,,0,100,,18728,,,0,100,,18729,,,0,99,,18730,,,0,99,,18731,,,0,100,,18732,,,0,100,,18733,,,0,100,,18734,,,0
8801,'236.0.2',729,,18735,,,0,100,,18736,,,0,100,,18737,,,0,100,,18738,,,0,101,,18739,,,0,100,,18740,,,0,100,,18741,,,0,100,,18742,,,0,100,,18743,,,0,100,,18744,,,0,100,,18745,,,0,100,,18746,,,0,99,,18747,,,0,100,,18748,,,0,100,,18749,,,0
8801,'236.0.3',651,,18750,,,0,100,,18751,,,0,100,,18752,,,0,100,,18753,,,0,100,,18754,,,0,100,,18755,,,0,100,,18756,,,0,100,,18757,,,0,101,,18758,,,0,100,,18759,,,0,100,,18760,,,0,99,,18761,,,0,73,,18762,,,0,92,,18763,,,0,100,,18764,,,0,100,,18765,,,0,100,,18766,,,0
18201,'236.0.3',544,,19244,,,0,15,,19245,,,0,55,,19246,,,0,15,,19247,,,0,15,,19248,,,0,15,,19249,,,0,55,,19250,,,0,15,,19256,,,0,15,,19251,,,0,15,,19252,,,0,55,,19253,,,0,15,,19255,,,0,15,,19254,,,0
