1001000,'220.0.3',628,,10445,,,0,19,,10446,,,0,59,,10447,,,0,28,,10448,,,0,18,,10449,,,0,59,,10450,,,0,20,,10451,,,0,20,,10452,,,0,60,,10453,,,0,500,,10454,,,0,19,,10455,,,0,20,,10456,,,0,60,,10457,,,0,20,,10458,,,0,21,,10459,,,0,60,,10460,,,0,20,,10461,,,0,20,,10462,,,0,50,,10463,,,0,30,,10464,,,0,20,,10465,,,0,60,,10466,,,0,18,,10467,,,0
1001000,'220.0.4',628,,10468,,,0,19,,10469,,,0,59,,10470,,,0,28,,10471,,,0,18,,10472,,,0,59,,10473,,,0,20,,10474,,,0,20,,10475,,,0,60,,10476,,,0,500,,10477,,,0,19,,10478,,,0,20,,10479,,,0,60,,10480,,,0,20,,10481,,,0,21,,10482,,,0,60,,10483,,,0,20,,10484,,,0,20,,10485,,,0,50,,10486,,,0,30,,10487,,,0,20,,10488,,,0,60,,10489,,,0,18,,10490,,,0
2001000,'220.0.1',638,,11927,,,0,85,,11928,,,0,30,,11929,,,0,70,,11930,,,0,30,,11931,,,0,70,,11932,,,0,31,,11933,,,0,70,,11934,,,0,30,,11935,,,0,71,,11936,,,0,30,,11937,,,0,70,,11938,,,0,30,,11939,,,0,70,,11940,,,0,30,,11941,,,0,70,,11942,,,0,30,,11943,,,0,70,,11944,,,0,30,,11945,,,0,70,,11946,,,0,30,,11947,,,0,70,,11948,,,0,30,,11949,,,0,70,,11950,,,0,29,,11951,,,0,70,,11952,,,0,30,,11953,,,0,85,,11954,,,0,99,,11955,,,0,100,,11956,,,0,100,,11957,,,0
2001000,'220.0.2',638,,11958,,,0,115,,11959,,,0,70,,11960,,,0,30,,11961,,,0,70,,11962,,,0,31,,11963,,,0,70,,11964,,,0,30,,11965,,,0,70,,11966,,,0,30,,11967,,,0,70,,11968,,,0,30,,11969,,,0,70,,11970,,,0,30,,11971,,,0,70,,11972,,,0,30,,11973,,,0,70,,11974,,,0,30,,11975,,,0,70,,11976,,,0,30,,11977,,,0,70,,11978,,,0,30,,11979,,,0,85,,11980,,,0,99,,11981,,,0,100,,11982,,,0,100,,11983,,,0,100,,11984,,,0,100,,11985,,,0,100,,11986,,,0
2001000,'220.0.3',550,,11987,,,0,91,,11988,,,0,60,,11989,,,0,20,,11990,,,0,20,,11991,,,0,62,,11992,,,0,21,,11993,,,0,20,,11994,,,0,60,,11995,,,0,37,,11996,,,0,70,,11997,,,0,30,,11998,,,0,70,,11999,,,0,30,,12000,,,0,70,,12001,,,0,30,,12002,,,0,70,,12003,,,0,30,,12004,,,0,65,,12005,,,0,17,,12006,,,0,20,,12007,,,0,60,,12008,,,0,20,,12009,,,0,21,,12010,,,0,60,,12011,,,0,20,,12012,,,0,20,,12013,,,0,60,,12014,,,0,20,,12015,,,0,20,,12016,,,0,60,,12017,,,0,18,,12018,,,0,23,,12019,,,0,60,,12020,,,0,24,,12021,,,0,30,,12022,,,0,70,,12023,,,0,30,,12024,,,0,70,,12025,,,0
2001000,'220.0.4',550,,12026,,,0,91,,12027,,,0,60,,12028,,,0,20,,12029,,,0,20,,12030,,,0,62,,12031,,,0,21,,12032,,,0,20,,12033,,,0,60,,12034,,,0,37,,12035,,,0,70,,12036,,,0,30,,12037,,,0,70,,12038,,,0,30,,12039,,,0,70,,12040,,,0,30,,12041,,,0,70,,12042,,,0,30,,12043,,,0,65,,12044,,,0,17,,12045,,,0,20,,12046,,,0,60,,12047,,,0,20,,12048,,,0,21,,12049,,,0,60,,12050,,,0,20,,12051,,,0,20,,12052,,,0,60,,12053,,,0,20,,12054,,,0,20,,12055,,,0,60,,12056,,,0,18,,12057,,,0,23,,12058,,,0,60,,12059,,,0,24,,12060,,,0,30,,12061,,,0,70,,12062,,,0,30,,12063,,,0,70,,12064,,,0
3001000,'220.0.1',608,,12728,,,0,100,,12729,,,0,30,,12730,,,0,70,,12731,,,0,30,,12732,,,0,70,,12733,,,0,31,,12734,,,0,70,,12735,,,0,30,,12736,,,0,70,,12737,,,0,31,,12738,,,0,70,,12739,,,0,30,,12740,,,0,70,,12741,,,0,30,,12742,,,0,70,,12743,,,0,30,,12744,,,0,70,,12745,,,0,30,,12746,,,0,70,,12747,,,0,30,,12748,,,0,70,,12749,,,0,30,,12750,,,0,70,,12751,,,0,29,,12752,,,0,70,,12753,,,0,100,,12754,,,0,100,,12755,,,0,99,,12756,,,0,100,,12757,,,0,100,,12758,,,0
3001000,'220.0.2',608,,12760,,,0,100,,12761,,,0,30,,12762,,,0,70,,12763,,,0,30,,12764,,,0,70,,12765,,,0,30,,12766,,,0,71,,12767,,,0,30,,12768,,,0,70,,12769,,,0,30,,12770,,,0,70,,12771,,,0,30,,12772,,,0,70,,12773,,,0,30,,12774,,,0,70,,12775,,,0,30,,12776,,,0,70,,12777,,,0,30,,12778,,,0,70,,12779,,,0,30,,12780,,,0,70,,12781,,,0,30,,12782,,,0,70,,12783,,,0,100,,12784,,,0,99,,12785,,,0,100,,12786,,,0,100,,12787,,,0,100,,12788,,,0
3001000,'220.0.3',555,,12792,,,0,59,,12793,,,0,20,,12794,,,0,19,,12795,,,0,58,,12796,,,0,17,,12797,,,0,18,,12798,,,0,72,,12799,,,0,20,,12800,,,0,20,,12801,,,0,68,,12802,,,0,30,,12803,,,0,70,,12804,,,0,30,,12805,,,0,70,,12806,,,0,30,,12807,,,0,70,,12808,,,0,30,,12809,,,0,70,,12810,,,0,30,,12811,,,0,60,,12812,,,0,20,,12813,,,0,20,,12814,,,0,60,,12815,,,0,20,,12816,,,0,21,,12817,,,0,60,,12818,,,0,20,,12819,,,0,20,,12820,,,0,60,,12821,,,0,20,,12822,,,0,20,,12823,,,0,58,,12824,,,0,20,,12825,,,0,20,,12826,,,0,59,,12827,,,0,30,,12828,,,0,70,,12829,,,0,30,,12830,,,0,70,,12831,,,0,30,,12832,,,0,68,,12833,,,0,30,,12834,,,0,70,,12835,,,0,30,,12836,,,0,70,,12837,,,0
3001000,'220.0.4',555,,12841,,,0,59,,12842,,,0,20,,12843,,,0,19,,12844,,,0,58,,12845,,,0,17,,12846,,,0,18,,12847,,,0,72,,12848,,,0,20,,12849,,,0,20,,12850,,,0,68,,12851,,,0,30,,12852,,,0,70,,12853,,,0,30,,12854,,,0,70,,12855,,,0,30,,12856,,,0,70,,12857,,,0,30,,12858,,,0,70,,12859,,,0,30,,12860,,,0,60,,12861,,,0,20,,12862,,,0,20,,12863,,,0,60,,12864,,,0,20,,12865,,,0,21,,12866,,,0,60,,12867,,,0,20,,12868,,,0,20,,12869,,,0,60,,12870,,,0,20,,12871,,,0,20,,12872,,,0,58,,12873,,,0,20,,12874,,,0,20,,12875,,,0,59,,12876,,,0,30,,12877,,,0,70,,12878,,,0,30,,12879,,,0,70,,12880,,,0,30,,12881,,,0,68,,12882,,,0,30,,12883,,,0,70,,12884,,,0,30,,12885,,,0,70,,12886,,,0,30,,12887,,,0,70,,12888,,,0
