2100,'236.0.1',552,,1965,1,,,0,70,,1966,1,,,0,31,,1967,1,,,0,70,,1968,1,,,0,30,,1969,1,,,0,70,,1970,1,,,0,30,,1971,1,,,0,70,,1972,1,,,0,30,,1973,1,,,0,71,,1974,1,,,0,30,,1975,1,,,0,70,,1976,1,,,0,33,,1977,1,,,0,71,,1978,1,,,0,30,,1979,1,,,0,70,,1980,1,,,0,30,,1981,1,,,0,70,,1982,1,,,0,30,,1983,1,,,0,70,,1984,1,,,0,30,,1985,1,,,0,70,,1986,1,,,0,30,,1987,1,,,0,70,,1988,1,,,0,30,,1989,1,,,0,66,,1990,1,,,0,30,,1991,1,,,0,70,,1992,1,,,0,30,,1993,1,,,0,74,,1994,1,,,0,30,,1995,1,,,0,70,,1996,1,,,0,30,,1997,1,,,0,100,,1998,1,,,0,100,,1999,1,,,0
2100,'236.0.2',658,,2000,1,,,0,100,,2001,1,,,0,100,,2002,1,,,0,100,,2003,1,,,0,142,,2004,1,,,0,100,,2005,1,,,0,100,,2006,1,,,0,100,,2007,1,,,0,100,,2008,1,,,0,100,,2009,1,,,0,100,,2010,1,,,0,100,,2011,1,,,0,100,,2012,1,,,0,101,,2013,1,,,0,100,,2014,1,,,0,100,,2015,1,,,0,100,,2016,1,,,0,100,,2017,1,,,0
2100,'236.0.3',532,,2018,1,,,0,71,,2019,1,,,0,30,,2020,1,,,0,69,,2021,1,,,0,30,,2022,1,,,0,70,,2023,1,,,0,30,,2024,1,,,0,70,,2025,1,,,0,100,,2026,1,,,0,57,,2027,1,,,0,142,,2028,1,,,0,100,,2029,1,,,0,100,,2030,1,,,0,100,,2031,1,,,0,35,,2032,1,,,0,70,,2033,1,,,0,30,,2034,1,,,0,74,,2035,1,,,0,30,,2036,1,,,0,66,,2037,1,,,0,31,,2038,1,,,0,68,,2039,1,,,0,30,,2040,1,,,0,70,,2041,1,,,0,49,,2042,1,,,0,100,,2043,1,,,0,100,,2044,1,,,0,100,,2045,1,,,0
2101,'236.0.1',551,,2046,10,4,,0,70,,2047,10,4,,0,30,,2048,48,4,,0,70,,2049,48,4,,0,30,,2050,48,4,,0,70,,2051,48,4,,0,30,,2052,48,4,,0,70,,2053,48,4,,0,31,,2054,48,4,,0,70,,2055,48,4,,0,30,,2056,48,4,,0,70,,2057,48,4,,0,34,,2058,48,4,,0,70,,2059,48,4,,0,30,,2060,48,4,,0,70,,2061,48,4,,0,30,,2062,48,4,,0,70,,2063,48,4,,0,30,,2064,48,4,,0,70,,2065,48,4,,0,30,,2066,48,4,,0,70,,2067,48,4,,0,30,,2068,48,4,,0,70,,2069,48,4,,0,29,,2070,48,4,,0,67,,2071,48,4,,0,30,,2072,48,4,,0,70,,2073,48,4,,0,30,,2074,48,4,,0,74,,2075,48,4,,0,30,,2076,48,4,,0,70,,2077,48,4,,0,30,,2078,48,4,,0,100,,2079,48,4,,0,100,,2080,48,4,,0
2101,'236.0.2',656,,2081,48,4,,0,100,,2082,48,4,,0,100,,2083,48,4,,0,100,,2084,48,4,,0,102,,2085,48,4,,0,100,,2086,48,4,,0,100,,2087,48,4,,0,100,,2088,48,4,,0,100,,2089,48,4,,0,100,,2090,48,4,,0,100,,2091,48,4,,0,100,,2092,48,4,,0,100,,2093,48,4,,0,101,,2094,48,4,,0,100,,2095,48,4,,0,100,,2096,48,4,,0,100,,2097,48,4,,0,100,,2098,48,4,,0
2101,'236.0.3',530,,2099,10,4,,0,71,,2100,48,4,,0,30,,2101,48,4,,0,70,,2102,48,4,,0,29,,2103,48,4,,0,70,,2104,48,4,,0,30,,2105,48,4,,0,70,,2106,48,4,,0,100,,2107,48,4,,0,59,,2108,48,4,,0,100,,2109,48,4,,0,100,,2110,48,4,,0,100,,2111,48,4,,0,100,,2112,48,4,,0,75,,2113,48,4,,0,70,,2114,48,4,,0,30,,2115,48,4,,0,74,,2116,48,4,,0,30,,2117,48,4,,0,66,,2118,48,4,,0,29,,2119,48,4,,0,70,,2120,48,4,,0,30,,2121,48,4,,0,70,,2122,48,4,,0,49,,2123,48,4,,0,100,,2124,48,4,,0,100,,2125,48,4,,0,100,,2126,48,4,,0
12300,'236.0.3',605,,6032,1,,,0,30,,6034,1,,,0,100,,6035,1,,,0,70,,6036,1,,,0,30,,6033,1,,,0
12300,'236.1141.3',705,,6037,1,,,0
12300,'236.1143.3',705,,6038,1,,,0
12301,'236.0.3',605,,6040,10,4,,0,30,,6042,10,4,,0,70,,6043,10,4,,0,30,,6045,10,4,,0,70,,6046,10,4,,0,30,,6041,10,4,,0,774,,6047,44,4,,0,30,,6049,44,4,,0,70,,6050,44,4,,0,30,,6039,44,4,,0,67,,6044,44,4,,0,26,,6048,44,4,,0,70,,6051,44,4,,0
