5801,'236.0.1',614,,3884,22,,,0,100,,3885,22,,,0,100,,3886,22,,,0,100,,3887,22,,,0,100,,3888,22,,,0,100,,3889,22,,,0,100,,3890,22,,,0,100,,3891,22,,,0,100,,3892,22,,,0,100,,3893,22,,,0,100,,3894,22,,,0,100,,3895,22,,,0,100,,3896,22,,,0,100,,3897,22,,,0,100,,3898,22,,,0,100,,3899,22,,,0,100,,3900,22,,,0
5801,'236.0.2',714,,3901,22,,,0,100,,3902,22,,,0,100,,3903,22,,,0,100,,3904,22,,,0,100,,3905,22,,,0,100,,3906,22,,,0,100,,3907,22,,,0,100,,3908,22,,,0,100,,3909,22,,,0,100,,3910,22,,,0,100,,3911,22,,,0,100,,3912,22,,,0,100,,3913,22,,,0,100,,3914,22,,,0,100,,3915,22,,,0,100,,3916,22,,,0
5801,'236.0.3',609,,3917,22,,,0,30,,3918,22,,,0,280,,3919,22,,,0,100,,3920,22,,,0,100,,3921,22,,,0,100,,3922,22,,,0,100,,3923,22,,,0,100,,3924,22,,,0,100,,3925,22,,,0,30,,3926,22,,,0,70,,3927,22,,,0,30,,3928,22,,,0,70,,3929,22,,,0,100,,3930,22,,,0,100,,3931,22,,,0,100,,3932,22,,,0,100,,3933,22,,,0,100,,3934,22,,,0,100,,3935,22,,,0
6301,'236.0.1',751,,4316,32,,,0,100,,4317,32,,,0,100,,4318,32,,,0,100,,4319,32,,,0,100,,4320,32,,,0,100,,4321,32,,,0,100,,4322,32,,,0,100,,4323,32,,,0,100,,4324,32,,,0,100,,4325,32,,,0,100,,4326,32,,,0,100,,4327,32,,,0,97,,4328,32,,,0,100,,4329,32,,,0,100,,4330,32,,,0,100,,4331,32,,,0
6301,'236.0.2',720,,4332,32,,,0,100,,4333,32,,,0,100,,4334,32,,,0,100,,4335,32,,,0,100,,4336,32,,,0,100,,4337,32,,,0,100,,4338,32,,,0,100,,4339,32,,,0,98,,4340,32,,,0,100,,4341,32,,,0,100,,4342,32,,,0,100,,4343,32,,,0,100,,4344,32,,,0,100,,4345,32,,,0,100,,4346,32,,,0
6301,'236.0.3',642,,4347,32,,,0,70,,4348,32,,,0,30,,4349,32,,,0,70,,4350,32,,,0,30,,4351,32,,,0,70,,4352,32,,,0,30,,4353,32,,,0,16,,4354,32,,,0,100,,4355,32,,,0,100,,4356,32,,,0,100,,4357,32,,,0,100,,4358,32,,,0,100,,4359,32,,,0,155,,4360,32,,,0,30,,4361,32,,,0,68,,4362,32,,,0,30,,4363,32,,,0,70,,4364,32,,,0,30,,4365,32,,,0,70,,4366,32,,,0,100,,4367,32,,,0,100,,4368,32,,,0,100,,4369,32,,,0,100,,4370,32,,,0
6700,'236.0.1',805,,4539,15,,,0,100,,4540,15,,,0,104,,4541,15,,,0,102,,4542,15,,,0,100,,4543,15,,,0,100,,4544,15,,,0,100,,4545,15,,,0,100,,4546,15,,,0,100,,4547,15,,,0,100,,4548,15,,,0,100,,4549,15,,,0,95,,4550,15,,,0,99,,4551,15,,,0,100,,4552,15,,,0,100,,4553,15,,,0,100,,4554,15,,,0
6700,'236.0.2',803,,4555,15,,,0,100,,4556,15,,,0,100,,4557,15,,,0,106,,4558,15,,,0,101,,4559,15,,,0,100,,4560,15,,,0,100,,4561,15,,,0,100,,4562,15,,,0,100,,4563,15,,,0,100,,4564,15,,,0,97,,4565,15,,,0,99,,4566,15,,,0,100,,4567,15,,,0,100,,4568,15,,,0,97,,4569,15,,,0,100,,4570,15,,,0
6700,'236.0.3',617,,4571,15,,,0,30,,4572,15,,,0,70,,4573,15,,,0,30,,4574,15,,,0,70,,4575,15,,,0,30,,4576,15,,,0,70,,4577,15,,,0,100,,4578,15,,,0,98,,4579,15,,,0,100,,4580,15,,,0,100,,4581,15,,,0,100,,4582,15,,,0,99,,4583,15,,,0,30,,4584,15,,,0,70,,4585,15,,,0,30,,4586,15,,,0,70,,4587,15,,,0,31,,4588,15,,,0,73,,4589,15,,,0,30,,4590,15,,,0,100,,4591,15,,,0,100,,4592,15,,,0,100,,4593,15,,,0,100,,4594,15,,,0
15801,'236.0.3',709,,6133,22,,,0,30,,6136,22,,,0,70,,6134,22,,,0,30,,6135,22,,,0
