5900,'236.0.1',630,,16986,,,0,100,,16987,,,0,100,,16988,,,0,100,,16989,,,0,100,,16990,,,0,100,,16991,,,0,100,,16992,,,0,100,,16993,,,0,100,,16994,,,0,100,,16995,,,0,100,,16996,,,0,100,,16997,,,0,100,,16998,,,0,100,,16999,,,0,100,,17000,,,0,100,,17001,,,0,100,,17002,,,0,100,,17003,,,0
5900,'236.0.2',730,,17004,,,0,100,,17005,,,0,100,,17006,,,0,100,,17007,,,0,100,,17008,,,0,100,,17009,,,0,100,,17010,,,0,100,,17011,,,0,100,,17012,,,0,100,,17013,,,0,100,,17014,,,0,100,,17015,,,0,100,,17016,,,0,100,,17017,,,0,100,,17018,,,0,100,,17019,,,0
5900,'236.0.3',536,,17020,,,0,20,,17041,,,0,60,,17021,,,0,20,,17022,,,0,20,,17023,,,0,60,,17024,,,0,20,,17025,,,0,22,,17026,,,0,60,,17027,,,0,93,,17028,,,0,100,,17029,,,0,100,,17030,,,0,100,,17031,,,0,100,,17032,,,0,100,,17033,,,0,100,,17034,,,0,409,,17035,,,0,100,,17036,,,0,100,,17037,,,0,100,,17038,,,0,100,,17039,,,0,100,,17040,,,0
5901,'236.0.1',647,,17042,4,,0,100,,17043,4,,0,100,,17044,4,,0,100,,17045,4,,0,102,,17046,4,,0,100,,17047,4,,0,100,,17048,4,,0,100,,17049,4,,0,100,,17050,4,,0,100,,17051,4,,0,100,,17052,4,,0,100,,17053,4,,0,98,,17054,4,,0,100,,17055,4,,0,100,,17056,4,,0,100,,17057,4,,0,100,,17058,4,,0,100,,17059,4,,0
5901,'236.0.2',747,,17060,4,,0,100,,17061,4,,0,100,,17062,4,,0,102,,17063,4,,0,100,,17064,4,,0,100,,17065,4,,0,100,,17066,4,,0,100,,17067,4,,0,100,,17068,4,,0,100,,17069,4,,0,100,,17070,4,,0,98,,17071,4,,0,100,,17072,4,,0,100,,17073,4,,0,100,,17074,4,,0,100,,17075,4,,0
5901,'236.0.3',929,,17076,4,,0,100,,17077,4,,0,100,,17078,4,,0,100,,17079,4,,0,102,,17080,4,,0,100,,17081,4,,0,100,,17082,4,,0,70,,17083,4,,0,21,,17084,4,,0,24,,17085,4,,0,63,,17086,4,,0,22,,17087,4,,0,18,,17088,4,,0,53,,17097,4,,0,17,,17089,4,,0,18,,17090,4,,0,101,,17091,4,,0,100,,17092,4,,0,100,,17093,4,,0,100,,17094,4,,0,100,,17095,4,,0,100,,17096,4,,0
6500,'236.0.1',605,,17489,,,0,100,,17490,,,0,100,,17491,,,0,100,,17492,,,0,100,,17493,,,0,100,,17494,,,0,100,,17495,,,0,100,,17496,,,0,100,,17497,,,0,100,,17498,,,0,100,,17499,,,0,100,,17500,,,0,100,,17501,,,0,100,,17502,,,0,100,,17503,,,0,100,,17504,,,0,100,,17505,,,0
6500,'236.0.2',705,,17506,,,0,100,,17507,,,0,100,,17508,,,0,100,,17509,,,0,100,,17510,,,0,100,,17511,,,0,100,,17512,,,0,100,,17513,,,0,100,,17514,,,0,100,,17515,,,0,100,,17516,,,0,100,,17517,,,0,100,,17518,,,0,100,,17519,,,0,100,,17520,,,0,100,,17521,,,0
6500,'236.0.3',556,,17522,,,0,70,,17523,,,0,30,,17524,,,0,70,,17525,,,0,30,,17526,,,0,70,,17538,,,0,105,,17527,,,0,100,,17528,,,0,100,,17529,,,0,100,,17530,,,0,100,,17531,,,0,100,,17532,,,0,419,,17533,,,0,100,,17534,,,0,100,,17535,,,0,100,,17536,,,0,100,,17537,,,0
6501,'236.0.1',624,,17539,4,,0,100,,17540,4,,0,100,,17541,4,,0,100,,17542,4,,0,100,,17543,4,,0,100,,17544,4,,0,100,,17545,4,,0,100,,17546,4,,0,100,,17547,4,,0,100,,17548,4,,0,100,,17549,4,,0,100,,17550,4,,0,100,,17551,4,,0,100,,17552,4,,0,100,,17553,4,,0,100,,17554,4,,0,100,,17555,4,,0
6501,'236.0.2',724,,17556,4,,0,100,,17557,4,,0,100,,17558,4,,0,100,,17559,4,,0,100,,17560,4,,0,100,,17561,4,,0,100,,17562,4,,0,100,,17563,4,,0,100,,17564,4,,0,100,,17565,4,,0,100,,17566,4,,0,100,,17567,4,,0,100,,17568,4,,0,100,,17569,4,,0,100,,17570,4,,0,100,,17571,4,,0
6501,'236.0.3',950,,17572,4,,0,100,,17573,4,,0,100,,17574,4,,0,100,,17575,4,,0,101,,17576,4,,0,100,,17577,4,,0,170,,17578,4,,0,37,,17579,4,,0,72,,17580,4,,0,78,,17581,4,,0,13,,17582,4,,0,25,,17588,4,,0,63,,17583,4,,0,99,,17584,4,,0,100,,17585,4,,0,100,,17586,4,,0,100,,17587,4,,0
