2101,'236.0.1',626,,2048,3,,,0,30,,2049,3,,,0,70,,2050,3,,,0,30,,2051,3,,,0,70,,2052,3,,,0,30,,2053,3,,,0,70,,2054,3,,,0,30,,2055,3,,,0,70,,2056,3,,,0,30,,2057,3,,,0,70,,2058,3,,,0,30,,2059,3,,,0,70,,2060,3,,,0,30,,2061,3,,,0,70,,2062,3,,,0,30,,2063,3,,,0,70,,2064,3,,,0,30,,2065,3,,,0,70,,2066,3,,,0,30,,2067,3,,,0,70,,2068,3,,,0,30,,2069,3,,,0,70,,2070,3,,,0,30,,2071,3,,,0,70,,2072,3,,,0,30,,2073,3,,,0,70,,2074,3,,,0,75,,2075,3,,,0,30,,2076,3,,,0,70,,2077,3,,,0,30,,2078,3,,,0,100,,2079,3,,,0,100,,2080,3,,,0
2101,'236.0.2',631,,2081,3,,,0,100,,2082,3,,,0,100,,2083,3,,,0,98,,2084,3,,,0,100,,2085,3,,,0,100,,2086,3,,,0,100,,2087,3,,,0,100,,2088,3,,,0,100,,2089,3,,,0,100,,2090,3,,,0,100,,2091,3,,,0,100,,2092,3,,,0,100,,2093,3,,,0,105,,2094,3,,,0,100,,2095,3,,,0,100,,2096,3,,,0,100,,2097,3,,,0,100,,2098,3,,,0
2101,'236.0.3',536,,2100,3,,,0,70,,2101,3,,,0,29,,2102,3,,,0,67,,2103,3,,,0,30,,2104,3,,,0,70,,2105,3,,,0,30,,2106,3,,,0,100,,2107,3,,,0,97,,2108,3,,,0,97,,2109,3,,,0,100,,2110,3,,,0,100,,2111,3,,,0,100,,2112,3,,,0,75,,2113,3,,,0,30,,2114,3,,,0,70,,2115,3,,,0,34,,2116,3,,,0,70,,2117,3,,,0,26,,2118,3,,,0,71,,2119,3,,,0,33,,2120,3,,,0,70,,2121,3,,,0,30,,2122,3,,,0,89,,2123,3,,,0,100,,2124,3,,,0,100,,2125,3,,,0,100,,2126,3,,,0
2801,'236.0.1',711,,2770,3,,,0,30,,2771,3,,,0,70,,2772,3,,,0,30,,2773,3,,,0,70,,2774,3,,,0,30,,2775,3,,,0,70,,2776,3,,,0,30,,2777,3,,,0,70,,2778,3,,,0,30,,2779,3,,,0,70,,2780,3,,,0,30,,2781,3,,,0,70,,2782,3,,,0,30,,2783,3,,,0,70,,2784,3,,,0,30,,2785,3,,,0,70,,2786,3,,,0,30,,2787,3,,,0,70,,2788,3,,,0,30,,2789,3,,,0,70,,2790,3,,,0,30,,2791,3,,,0,70,,2792,3,,,0,30,,2793,3,,,0,70,,2794,3,,,0,30,,2795,3,,,0,70,,2796,3,,,0,30,,2797,3,,,0,70,,2798,3,,,0,30,,2799,3,,,0,70,,2800,3,,,0,30,,2801,3,,,0,70,,2802,3,,,0,30,,2803,3,,,0,70,,2804,3,,,0
2801,'236.0.2',701,,2805,3,,,0,100,,2806,3,,,0,100,,2807,3,,,0,100,,2808,3,,,0,100,,2809,3,,,0,100,,2810,3,,,0,100,,2811,3,,,0,100,,2812,3,,,0,100,,2813,3,,,0,100,,2814,3,,,0,100,,2815,3,,,0,103,,2816,3,,,0,100,,2817,3,,,0,100,,2818,3,,,0,100,,2819,3,,,0,100,,2820,3,,,0,100,,2821,3,,,0
2801,'236.0.3',621,,2822,3,,,0,30,,2823,3,,,0,70,,2824,3,,,0,30,,2825,3,,,0,70,,2826,3,,,0,30,,2827,3,,,0,70,,2828,3,,,0,25,,2829,3,,,0,70,,2830,3,,,0,30,,2831,3,,,0,70,,2832,3,,,0,30,,2833,3,,,0,70,,2834,3,,,0,30,,2835,3,,,0,70,,2836,3,,,0,30,,2837,3,,,0,70,,2838,3,,,0,30,,2839,3,,,0,75,,2840,3,,,0,30,,2841,3,,,0,70,,2842,3,,,0,30,,2843,3,,,0,70,,2844,3,,,0,30,,2845,3,,,0,70,,2846,3,,,0,30,,2847,3,,,0,70,,2848,3,,,0,30,,2849,3,,,0,100,,2850,3,,,0,100,,2851,3,,,0,100,,2852,3,,,0,100,,2853,3,,,0
3900,'236.0.1',605,,3078,3,,,0,30,,3079,3,,,0,70,,3080,3,,,0,30,,3081,3,,,0,70,,3082,3,,,0,30,,3083,3,,,0,70,,3084,3,,,0,30,,3085,3,,,0,70,,3086,3,,,0,30,,3087,3,,,0,70,,3088,3,,,0,30,,3089,3,,,0,70,,3090,3,,,0,30,,3091,3,,,0,70,,3092,3,,,0,30,,3093,3,,,0,70,,3094,3,,,0,30,,3095,3,,,0,70,,3096,3,,,0,30,,3097,3,,,0,70,,3098,3,,,0,30,,3099,3,,,0,70,,3100,3,,,0,30,,3101,3,,,0,70,,3102,3,,,0,30,,3103,3,,,0,70,,3104,3,,,0,30,,3105,3,,,0,70,,3106,3,,,0,30,,3107,3,,,0,70,,3108,3,,,0,30,,3109,3,,,0,70,,3110,3,,,0,30,,3111,3,,,0,70,,3112,3,,,0
3900,'236.0.2',606,,3113,3,,,0,100,,3114,3,,,0,100,,3115,3,,,0,100,,3116,3,,,0,100,,3117,3,,,0,100,,3118,3,,,0,100,,3119,3,,,0,100,,3120,3,,,0,100,,3121,3,,,0,100,,3122,3,,,0,100,,3123,3,,,0,100,,3124,3,,,0,100,,3125,3,,,0,100,,3126,3,,,0,100,,3127,3,,,0,100,,3128,3,,,0
3900,'236.0.3',608,,3129,3,,,0,30,,3130,3,,,0,70,,3131,3,,,0,30,,3132,3,,,0,70,,3133,3,,,0,30,,3134,3,,,0,70,,3135,3,,,0,30,,3136,3,,,0,70,,3137,3,,,0,30,,3138,3,,,0,70,,3139,3,,,0,30,,3140,3,,,0,70,,3141,3,,,0,30,,3142,3,,,0,70,,3143,3,,,0,30,,3144,3,,,0,70,,3145,3,,,0,30,,3146,3,,,0,70,,3147,3,,,0,30,,3148,3,,,0,70,,3149,3,,,0,30,,3150,3,,,0,70,,3151,3,,,0,30,,3152,3,,,0,70,,3153,3,,,0,30,,3154,3,,,0,100,,3155,3,,,0,100,,3156,3,,,0,100,,3157,3,,,0,100,,3158,3,,,0
13601,'236.0.3',1549,,6095,29,,,0,70,,6096,29,,,0,35,,6097,29,,,0,55,,6098,29,,,0,15,,6099,29,,,0,23,,6100,29,,,0,66,,6101,29,,,0,30,,6102,29,,,0
13801,'236.0.3',1614,,6122,31,,,0,34,,6123,31,,,0,71,,6124,31,,,0,24,,6125,31,,,0,64,,6126,31,,,0,30,,6127,31,,,0,20,,6128,31,,,0
