13800,'220.0.3',604,,8873,,,0,29,,8874,,,0,14,,8875,,,0,54,,8876,,,0,27,,8877,,,0,5,,8878,,,0,24,,8879,,,0
13800,'220.0.4',604,,8880,,,0,29,,8881,,,0,14,,8882,,,0,54,,8883,,,0,27,,8884,,,0,5,,8885,,,0,24,,8886,,,0
2003000,'220.0.1',613,,12203,4,,0,30,,12204,4,,0,70,,12205,4,,0,30,,12206,4,,0,70,,12207,4,,0,30,,12208,4,,0,70,,12209,4,,0,30,,12210,4,,0,71,,12211,4,,0,30,,12212,4,,0,70,,12213,4,,0,30,,12214,4,,0,70,,12215,4,,0,30,,12216,4,,0,70,,12217,4,,0,30,,12218,4,,0,70,,12219,4,,0,30,,12220,4,,0,70,,12221,4,,0,30,,12222,4,,0,70,,12223,4,,0,30,,12224,4,,0,70,,12225,4,,0,30,,12226,4,,0,70,,12227,4,,0,30,,12228,4,,0,70,,12229,4,,0,30,,12230,4,,0,70,,12231,4,,0,29,,12232,4,,0,70,,12233,4,,0,30,,12234,4,,0,70,,12235,4,,0,30,,12236,4,,0,70,,12237,4,,0
2003000,'220.0.2',641,,12238,4,,0,100,,12239,4,,0,100,,12240,4,,0,100,,12241,4,,0,100,,12242,4,,0,100,,12243,4,,0,100,,12244,4,,0,100,,12245,4,,0,100,,12246,4,,0,100,,12247,4,,0,100,,12248,4,,0,100,,12249,4,,0,100,,12250,4,,0,100,,12251,4,,0,100,,12252,4,,0,100,,12253,4,,0,100,,12254,4,,0,100,,12255,4,,0
2003000,'220.0.3',553,,12256,4,,0,70,,12257,4,,0,30,,12258,4,,0,73,,12259,4,,0,30,,12260,4,,0,70,,12261,4,,0,30,,12262,4,,0,69,,12263,4,,0,30,,12264,4,,0,70,,12265,4,,0,30,,12266,4,,0,70,,12267,4,,0,30,,12268,4,,0,70,,12269,4,,0,30,,12270,4,,0,70,,12271,4,,0,30,,12272,4,,0,70,,12273,4,,0,31,,12274,4,,0,70,,12275,4,,0,30,,12276,4,,0,70,,12277,4,,0,30,,12278,4,,0,70,,12279,4,,0,30,,12280,4,,0,70,,12281,4,,0,30,,12282,4,,0,70,,12283,4,,0,28,,12284,4,,0,70,,12285,4,,0,30,,12286,4,,0,70,,12287,4,,0,30,,12288,4,,0,69,,12289,4,,0,30,,12290,4,,0,70,,12291,4,,0
2003000,'220.0.4',553,,12292,4,,0,70,,12293,4,,0,30,,12294,4,,0,73,,12295,4,,0,30,,12296,4,,0,70,,12297,4,,0,30,,12298,4,,0,69,,12299,4,,0,30,,12300,4,,0,70,,12301,4,,0,30,,12302,4,,0,70,,12303,4,,0,30,,12304,4,,0,70,,12305,4,,0,30,,12306,4,,0,70,,12307,4,,0,30,,12308,4,,0,70,,12309,4,,0,31,,12310,4,,0,70,,12311,4,,0,30,,12312,4,,0,70,,12313,4,,0,30,,12314,4,,0,70,,12315,4,,0,30,,12316,4,,0,70,,12317,4,,0,30,,12318,4,,0,70,,12319,4,,0,28,,12320,4,,0,70,,12321,4,,0,30,,12322,4,,0,70,,12323,4,,0,30,,12324,4,,0,69,,12325,4,,0,30,,12326,4,,0,70,,12327,4,,0,30,,12328,4,,0,70,,12329,4,,0,30,,12330,4,,0,70,,12331,4,,0
2003001,'220.0.1',613,,12332,,,0,30,,12333,,,0,70,,12334,,,0,30,,12335,,,0,70,,12336,,,0,30,,12337,,,0,70,,12338,,,0,30,,12339,,,0,71,,12340,,,0,30,,12341,,,0,70,,12342,,,0,30,,12343,,,0,70,,12344,,,0,30,,12345,,,0,70,,12346,,,0,30,,12347,,,0,70,,12348,,,0,30,,12349,,,0,70,,12350,,,0,30,,12351,,,0,70,,12352,,,0,30,,12353,,,0,70,,12354,,,0,30,,12355,,,0,70,,12356,,,0,30,,12357,,,0,70,,12358,,,0,30,,12359,,,0,70,,12360,,,0,29,,12361,,,0,70,,12362,,,0,30,,12363,,,0,70,,12364,,,0,30,,12365,,,0,70,,12366,,,0
2003001,'220.0.2',641,,12367,,,0,100,,12368,,,0,100,,12369,,,0,100,,12370,,,0,100,,12371,,,0,100,,12372,,,0,100,,12373,,,0,100,,12374,,,0,100,,12375,,,0,100,,12376,,,0,100,,12377,,,0,100,,12378,,,0,100,,12379,,,0,100,,12380,,,0,100,,12381,,,0,100,,12382,,,0,100,,12383,,,0,100,,12384,,,0
2003001,'220.0.3',553,,12385,,,0,70,,12386,,,0,30,,12387,,,0,73,,12388,,,0,30,,12389,,,0,70,,12390,,,0,30,,12391,,,0,69,,12392,,,0,30,,12393,,,0,70,,12394,,,0,30,,12395,,,0,70,,12396,,,0,30,,12397,,,0,70,,12398,,,0,30,,12399,,,0,70,,12400,,,0,30,,12401,,,0,70,,12402,,,0,31,,12403,,,0,70,,12404,,,0,30,,12405,,,0,70,,12406,,,0,30,,12407,,,0,70,,12408,,,0,30,,12409,,,0,70,,12410,,,0,30,,12411,,,0,70,,12412,,,0,28,,12413,,,0,70,,12414,,,0,30,,12415,,,0,70,,12416,,,0,30,,12417,,,0,69,,12418,,,0,30,,12419,,,0,70,,12420,,,0
2003001,'220.0.4',553,,12421,,,0,70,,12422,,,0,30,,12423,,,0,73,,12424,,,0,30,,12425,,,0,70,,12426,,,0,30,,12427,,,0,69,,12428,,,0,30,,12429,,,0,70,,12430,,,0,30,,12431,,,0,70,,12432,,,0,30,,12433,,,0,70,,12434,,,0,30,,12435,,,0,70,,12436,,,0,30,,12437,,,0,70,,12438,,,0,31,,12439,,,0,70,,12440,,,0,30,,12441,,,0,70,,12442,,,0,30,,12443,,,0,70,,12444,,,0,30,,12445,,,0,70,,12446,,,0,30,,12447,,,0,70,,12448,,,0,28,,12449,,,0,70,,12450,,,0,30,,12451,,,0,70,,12452,,,0,30,,12453,,,0,69,,12454,,,0,30,,12455,,,0,70,,12456,,,0,30,,12457,,,0,70,,12458,,,0,30,,12459,,,0,70,,12460,,,0
