6800,'220.0.1',612,,6719,4,,0,100,,6720,4,,0,100,,6721,4,,0,100,,6722,4,,0,101,,6723,4,,0,101,,6724,4,,0,100,,6725,4,,0,100,,6726,4,,0,100,,6727,4,,0,100,,6728,4,,0,100,,6729,4,,0,100,,6730,4,,0,100,,6731,4,,0,100,,6732,4,,0,99,,6733,4,,0,100,,6734,4,,0,100,,6735,4,,0,100,,6736,4,,0,100,,6737,4,,0
6800,'220.0.2',712,,6738,4,,0,100,,6739,4,,0,100,,6740,4,,0,100,,6741,4,,0,100,,6742,4,,0,101,,6743,4,,0,101,,6744,4,,0,100,,6745,4,,0,100,,6746,4,,0,100,,6747,4,,0,100,,6748,4,,0,100,,6749,4,,0,99,,6750,4,,0,99,,6751,4,,0,100,,6752,4,,0,100,,6753,4,,0
6800,'220.0.3',549,,6754,4,,0,70,,6755,4,,0,30,,6756,4,,0,70,,6757,4,,0,30,,6758,4,,0,70,,6771,4,,0,116,,6759,4,,0,100,,6760,4,,0,100,,6761,4,,0,100,,6762,4,,0,100,,6763,4,,0,101,,6764,4,,0,100,,6765,4,,0,468,,6766,4,,0,100,,6767,4,,0,100,,6768,4,,0,100,,6769,4,,0,100,,6770,4,,0
6800,'220.0.4',549,,6772,4,,0,70,,6773,4,,0,30,,6774,4,,0,70,,6775,4,,0,30,,6776,4,,0,70,,6789,4,,0,116,,6777,4,,0,100,,6778,4,,0,100,,6779,4,,0,100,,6780,4,,0,100,,6781,4,,0,101,,6782,4,,0,100,,6783,4,,0,468,,6784,4,,0,100,,6785,4,,0,100,,6786,4,,0,100,,6787,4,,0,100,,6788,4,,0,100,,6790,4,,0,100,,6791,4,,0
6801,'220.0.1',614,,6792,,,0,100,,6793,,,0,100,,6794,,,0,100,,6795,,,0,101,,6796,,,0,101,,6797,,,0,100,,6798,,,0,100,,6799,,,0,100,,6800,,,0,100,,6801,,,0,100,,6802,,,0,100,,6803,,,0,100,,6804,,,0,100,,6805,,,0,99,,6806,,,0,100,,6807,,,0,100,,6808,,,0,100,,6809,,,0,100,,6810,,,0
6801,'220.0.2',714,,6811,,,0,100,,6812,,,0,100,,6813,,,0,100,,6814,,,0,100,,6815,,,0,101,,6816,,,0,101,,6817,,,0,100,,6818,,,0,100,,6819,,,0,100,,6820,,,0,100,,6821,,,0,100,,6822,,,0,99,,6823,,,0,99,,6824,,,0,100,,6825,,,0,100,,6826,,,0
6801,'220.0.3',937,,6827,,,0,100,,6828,,,0,100,,6829,,,0,100,,6830,,,0,102,,6831,,,0,100,,6832,,,0,100,,6833,,,0,81,,6834,,,0,36,,6835,,,0,73,,6836,,,0,29,,6837,,,0,63,,6838,,,0,26,,6839,,,0,159,,6840,,,0,100,,6841,,,0,100,,6842,,,0,100,,6843,,,0,100,,6844,,,0
6801,'220.0.4',937,,6845,,,0,100,,6846,,,0,100,,6847,,,0,100,,6848,,,0,102,,6849,,,0,100,,6850,,,0,100,,6851,,,0,81,,6852,,,0,36,,6853,,,0,73,,6854,,,0,29,,6855,,,0,63,,6856,,,0,26,,6857,,,0,159,,6858,,,0,100,,6859,,,0,100,,6860,,,0,100,,6861,,,0,100,,6862,,,0,100,,6863,,,0,100,,6864,,,0
2016800,'220.0.3',1620,,12513,4,,0,36,,12514,4,,0,73,,12515,4,,0,29,,12516,4,,0,63,,12517,4,,0,26,,12518,4,,0
2016800,'220.0.4',1620,,12519,4,,0,36,,12520,4,,0,73,,12521,4,,0,29,,12522,4,,0,63,,12523,4,,0,26,,12524,4,,0
2016801,'220.0.3',551,,12525,,,0,70,,12526,,,0,30,,12527,,,0,70,,12528,,,0,30,,12529,,,0,70,,12530,,,0
2016801,'220.0.4',551,,12531,,,0,70,,12532,,,0,30,,12533,,,0,70,,12534,,,0,30,,12535,,,0,70,,12536,,,0
