5401,'220.0.1',636,,4986,,,0,100,,4987,,,0,100,,4988,,,0,100,,4989,,,0,103,,4990,,,0,100,,4991,,,0,100,,4992,,,0,100,,4993,,,0,100,,4994,,,0,100,,4995,,,0,100,,4996,,,0,100,,4997,,,0,98,,4998,,,0,100,,4999,,,0,100,,5000,,,0,100,,5001,,,0,100,,5002,,,0
5401,'220.0.2',836,,5003,,,0,100,,5004,,,0,103,,5005,,,0,100,,5006,,,0,100,,5007,,,0,100,,5008,,,0,100,,5009,,,0,100,,5010,,,0,100,,5011,,,0,100,,5012,,,0,97,,5013,,,0,100,,5014,,,0,100,,5015,,,0,100,,5016,,,0
5401,'220.0.3',639,,5017,,,0,68,,5018,,,0,30,,5019,,,0,70,,5020,,,0,30,,5021,,,0,71,,5022,,,0,35,,5023,,,0,100,,5024,,,0,100,,5025,,,0,104,,5026,,,0,100,,5027,,,0,100,,5028,,,0,100,,5029,,,0,70,,5030,,,0,35,,5031,,,0,69,,5032,,,0,30,,5033,,,0,64,,5034,,,0,30,,5035,,,0,70,,5036,,,0,30,,5037,,,0,70,,5038,,,0,30,,5039,,,0,100,,5040,,,0
5401,'220.0.4',639,,5041,,,0,68,,5042,,,0,30,,5043,,,0,70,,5044,,,0,30,,5045,,,0,71,,5046,,,0,35,,5047,,,0,100,,5048,,,0,100,,5049,,,0,104,,5050,,,0,100,,5051,,,0,100,,5052,,,0,100,,5053,,,0,70,,5054,,,0,35,,5055,,,0,69,,5056,,,0,30,,5057,,,0,64,,5058,,,0,30,,5059,,,0,70,,5060,,,0,30,,5061,,,0,70,,5062,,,0,30,,5063,,,0,100,,5064,,,0,100,,5065,,,0,100,,5066,,,0,100,,5067,,,0,100,,5068,,,0
6701,'220.0.1',742,,6636,,,0,100,,6637,,,0,102,,6638,,,0,100,,6639,,,0,100,,6640,,,0,100,,6641,,,0,100,,6642,,,0,100,,6643,,,0,100,,6644,,,0,100,,6645,,,0,100,,6646,,,0,98,,6647,,,0,100,,6648,,,0,100,,6649,,,0,100,,6650,,,0,100,,6651,,,0
6701,'220.0.2',742,,6652,,,0,100,,6653,,,0,100,,6654,,,0,102,,6655,,,0,100,,6656,,,0,100,,6657,,,0,100,,6658,,,0,100,,6659,,,0,100,,6660,,,0,100,,6661,,,0,98,,6662,,,0,100,,6663,,,0,100,,6664,,,0,100,,6665,,,0,99,,6666,,,0,100,,6667,,,0
6701,'220.0.3',627,,6668,,,0,30,,6669,,,0,70,,6670,,,0,30,,6671,,,0,70,,6672,,,0,30,,6673,,,0,102,,6674,,,0,100,,6675,,,0,100,,6676,,,0,100,,6677,,,0,100,,6678,,,0,142,,6679,,,0,30,,6680,,,0,70,,6681,,,0,30,,6682,,,0,70,,6683,,,0,30,,6684,,,0,70,,6685,,,0,27,,6686,,,0,30,,6687,,,0,70,,6688,,,0,98,,6689,,,0,100,,6690,,,0,100,,6691,,,0
6701,'220.0.4',627,,6692,,,0,30,,6693,,,0,70,,6694,,,0,30,,6695,,,0,70,,6696,,,0,30,,6697,,,0,102,,6698,,,0,100,,6699,,,0,100,,6700,,,0,100,,6701,,,0,100,,6702,,,0,142,,6703,,,0,30,,6704,,,0,70,,6705,,,0,30,,6706,,,0,70,,6707,,,0,30,,6708,,,0,70,,6709,,,0,27,,6710,,,0,30,,6711,,,0,70,,6712,,,0,98,,6713,,,0,100,,6714,,,0,100,,6715,,,0,100,,6716,,,0,100,,6717,,,0,100,,6718,,,0
7200,'220.0.1',612,,6865,,,0,30,,6866,,,0,70,,6867,,,0,30,,6868,,,0,70,,6869,,,0,30,,6870,,,0,70,,6871,,,0,30,,6872,,,0,70,,6873,,,0,30,,6874,,,0,70,,6875,,,0,30,,6876,,,0,70,,6877,,,0,30,,6878,,,0,70,,6879,,,0,30,,6880,,,0,70,,6881,,,0,30,,6882,,,0,70,,6883,,,0,30,,6884,,,0,70,,6885,,,0,30,,6886,,,0,70,,6887,,,0,30,,6888,,,0,70,,6889,,,0,100,,6890,,,0,100,,6891,,,0,100,,6892,,,0,100,,6893,,,0,100,,6894,,,0
7200,'220.0.2',712,,6895,,,0,100,,6896,,,0,100,,6897,,,0,100,,6898,,,0,100,,6899,,,0,100,,6900,,,0,100,,6901,,,0,100,,6902,,,0,100,,6903,,,0,100,,6904,,,0,100,,6905,,,0,100,,6906,,,0,100,,6907,,,0,100,,6908,,,0,100,,6909,,,0,100,,6910,,,0
7200,'220.0.3',611,,6911,,,0,30,,6912,,,0,70,,6913,,,0,30,,6914,,,0,70,,6915,,,0,30,,6916,,,0,70,,6917,,,0,30,,6918,,,0,70,,6919,,,0,30,,6920,,,0,70,,6921,,,0,30,,6922,,,0,70,,6923,,,0,30,,6924,,,0,70,,6925,,,0,30,,6926,,,0,70,,6927,,,0,30,,6928,,,0,70,,6929,,,0,30,,6930,,,0,70,,6931,,,0,30,,6932,,,0,70,,6933,,,0,30,,6934,,,0,70,,6935,,,0,30,,6936,,,0,70,,6937,,,0,100,,6938,,,0,100,,6939,,,0,100,,6940,,,0,100,,6941,,,0
7200,'220.0.4',611,,6942,,,0,30,,6943,,,0,70,,6944,,,0,30,,6945,,,0,70,,6946,,,0,30,,6947,,,0,70,,6948,,,0,30,,6949,,,0,70,,6950,,,0,30,,6951,,,0,70,,6952,,,0,30,,6953,,,0,70,,6954,,,0,30,,6955,,,0,70,,6956,,,0,30,,6957,,,0,70,,6958,,,0,30,,6959,,,0,70,,6960,,,0,30,,6961,,,0,70,,6962,,,0,30,,6963,,,0,70,,6964,,,0,30,,6965,,,0,70,,6966,,,0,30,,6967,,,0,70,,6968,,,0,100,,6969,,,0,100,,6970,,,0,100,,6971,,,0,100,,6972,,,0,100,,6973,,,0
