100,8640,1,0
100,6617,2,0
100,6618,3,0
100,6619,4,0
100,6203,5,0
100,7423,6,0
100,7416,7,0
100,7408,8,0
100,7422,9,0
100,7418,10,0
100,7420,11,0
100,7412,12,0
100,2308,13,0
100,7402,14,0
100,6453,15,0
100,6447,16,0
100,6449,17,0
100,6454,18,0
100,6452,19,0
100,8328,20,0
100,8337,21,0
100,8333,22,0
100,8336,23,0
100,8327,24,0
100,8338,25,0
100,6121,26,0
100,6085,27,0
100,6087,28,0
100,6773,29,0
100,6778,30,0
100,6779,31,0
100,6775,32,0
100,6787,33,0
100,7351,34,0
100,7605,35,1
101,7605,1,0
101,8638,2,0
101,7150,3,0
101,6088,4,0
101,6104,5,0
101,6125,6,0
101,6107,7,0
101,6103,8,0
101,6102,9,0
101,6122,10,0
101,8331,11,0
101,8330,12,0
101,8334,13,0
101,8335,14,0
101,8329,15,0
101,8332,16,0
101,6448,17,0
101,6450,18,0
101,6451,19,0
101,7401,20,0
101,7403,21,0
101,7410,22,0
101,7406,23,0
101,7421,24,0
101,7404,25,0
101,7411,26,0
101,7405,27,0
101,7407,28,0
101,7417,29,0
101,7413,30,0
101,6201,31,0
101,6620,32,0
101,6621,33,0
101,8640,34,1
200,8435,1,0
200,2021,2,0
200,7348,3,0
200,7346,4,0
200,7350,5,0
200,7341,6,0
200,7353,7,0
200,7358,8,0
200,7344,9,0
200,7356,10,0
200,6405,11,0
200,6404,12,0
200,6413,13,0
200,6414,14,0
200,7275,15,0
200,8641,16,0
200,7281,17,0
200,7280,18,0
200,6610,19,0
200,6980,20,0
200,6981,21,0
200,6563,22,0
200,6565,23,0
200,6984,24,0
200,6616,25,0
200,6032,26,0
200,7167,27,0
200,7170,28,0
200,7171,29,0
200,7172,30,0
200,6597,31,0
200,6605,32,0
200,8491,33,0
200,8497,34,0
200,8496,35,0
200,7086,36,0
200,7072,37,0
200,9104,38,1
201,9104,1,0
201,7082,2,0
201,8488,3,0
201,8503,4,0
201,8489,5,0
201,6602,6,0
201,6604,7,0
201,7162,8,0
201,7158,9,0
201,7164,10,0
201,7168,11,0
201,7165,12,0
201,7166,13,0
201,7163,14,0
201,6644,15,0
201,6982,16,0
201,6985,17,0
201,8262,18,0
201,6564,19,0
201,6979,20,0
201,2278,21,0
201,7279,22,0
201,7277,23,0
201,7285,24,0
201,7283,25,0
201,7274,26,0
201,6409,27,0
201,6403,28,0
201,6407,29,0
201,6406,30,0
201,7355,31,0
201,7345,32,0
201,7357,33,0
201,7352,34,0
201,7349,35,0
201,7354,36,0
201,7347,37,0
201,7351,38,0
201,7343,39,0
201,6088,40,0
201,6104,41,0
201,6125,42,0
201,6107,43,0
201,6733,44,0
201,8435,45,1
300,6014,1,0
300,8609,2,0
300,8611,3,0
300,8608,4,0
300,6951,5,0
300,6950,6,0
300,6954,7,0
300,6952,8,0
300,7205,9,0
300,6949,10,0
300,6959,11,0
300,6958,12,0
300,8241,13,0
300,6925,14,0
300,6927,15,0
300,6920,16,0
300,6926,17,0
300,6917,18,0
300,8140,19,0
300,8176,20,0
300,8065,21,0
300,8422,22,0
300,6020,23,0
300,6022,24,0
300,8622,25,0
300,8620,26,0
300,8617,27,0
300,8621,28,0
300,7606,29,0
300,7346,30,0
300,7350,31,0
300,7341,32,0
300,7353,33,0
300,7358,34,0
300,7344,35,0
300,7356,36,0
300,6405,37,0
300,6404,38,0
300,6413,39,0
300,6414,40,0
300,7275,41,0
300,8640,42,0
300,7281,43,0
300,7280,44,0
300,6610,45,0
300,6980,46,0
300,6981,47,0
300,6986,48,0
300,6984,49,0
300,6616,50,0
300,6032,51,0
300,8396,52,0
300,7063,53,0
300,7083,54,0
300,7065,55,0
300,7074,56,0
300,7075,57,0
300,7085,58,0
300,7077,59,0
300,6660,60,0
300,7072,61,0
300,9110,62,1
301,9110,1,0
301,7082,2,0
301,7078,3,0
301,7067,4,0
301,7076,5,0
301,7066,6,0
301,7069,7,0
301,7084,8,0
301,7068,9,0
301,7079,10,0
301,7166,11,0
301,7163,12,0
301,6644,13,0
301,6982,14,0
301,6985,15,0
301,6979,16,0
301,2278,17,0
301,7279,18,0
301,7277,19,0
301,7285,20,0
301,7283,21,0
301,7274,22,0
301,6409,23,0
301,6403,24,0
301,6407,25,0
301,6406,26,0
301,7355,27,0
301,7345,28,0
301,7357,29,0
301,7352,30,0
301,7349,31,0
301,7354,32,0
301,7347,33,0
301,7351,34,0
301,7614,35,0
301,8616,36,0
301,8612,37,0
301,8618,38,0
301,8615,39,0
301,8619,40,0
301,6019,41,0
301,6018,42,0
301,8418,43,0
301,8426,44,0
301,8177,45,0
301,7451,46,0
301,8141,47,0
301,6921,48,0
301,6919,49,0
301,6922,50,0
301,6924,51,0
301,6928,52,0
301,6949,53,0
301,6959,54,0
301,6958,55,0
301,6956,56,0
301,6953,57,0
301,6955,58,0
301,6957,59,0
301,8610,60,0
301,2017,61,0
301,8515,62,0
301,6014,63,1
400,7144,1,0
400,8225,2,0
400,6962,3,0
400,6965,4,0
400,6969,5,0
400,8314,6,0
400,8306,7,0
400,8307,8,0
400,8309,9,0
400,8322,10,0
400,8335,11,0
400,8329,12,0
400,8332,13,0
400,8219,14,0
400,8179,15,0
400,8223,16,0
400,8184,17,0
400,6544,18,0
400,8558,19,0
400,8554,20,0
400,8556,21,0
400,8572,22,0
400,8571,23,0
400,2015,24,0
400,8550,25,0
400,8549,26,0
400,8567,27,0
400,8570,28,0
400,8552,29,0
400,6616,30,0
400,6032,31,0
400,8396,32,0
400,7063,33,0
400,7083,34,0
400,7065,35,0
400,7074,36,0
400,7075,37,0
400,7085,38,0
400,7077,39,0
400,6660,40,0
400,7072,41,0
400,9103,42,1
401,9103,1,0
401,7082,2,0
401,7078,3,0
401,7067,4,0
401,7076,5,0
401,7066,6,0
401,7069,7,0
401,7084,8,0
401,7068,9,0
401,7079,10,0
401,7166,11,0
401,7163,12,0
401,7169,13,0
401,6643,14,0
401,8551,15,0
401,8562,16,0
401,8565,17,0
401,8573,18,0
401,2016,19,0
401,8561,20,0
401,8564,21,0
401,8557,22,0
401,8569,23,0
401,8566,24,0
401,8559,25,0
401,6545,26,0
401,8205,27,0
401,8190,28,0
401,8214,29,0
401,8183,30,0
401,8196,31,0
401,8195,32,0
401,8194,33,0
401,8328,34,0
401,8337,35,0
401,8308,36,0
401,8313,37,0
401,8311,38,0
401,8315,39,0
401,8310,40,0
401,6970,41,0
401,2322,42,0
401,6202,43,0
401,8317,44,0
401,8302,45,0
401,7144,46,1
500,6108,1,0
500,6455,2,0
500,6773,3,0
500,6778,4,0
500,6779,5,0
500,6775,6,0
500,6787,7,0
500,7351,8,0
500,7603,9,0
500,6026,10,0
500,6063,11,0
500,6028,12,0
500,8035,13,0
500,8051,14,0
500,8060,15,0
500,8052,16,0
500,8062,17,0
500,8059,18,0
500,8044,19,0
500,8038,20,0
500,8036,21,0
500,8944,22,0
500,8050,23,0
500,8055,24,0
500,8037,25,0
500,8040,26,0
500,8046,27,0
500,8954,28,1
501,8954,1,0
501,8047,2,0
501,8041,3,0
501,8045,4,0
501,8948,5,0
501,8028,6,0
501,8042,7,0
501,8053,8,0
501,8043,9,0
501,8058,10,0
501,8039,11,0
501,8057,12,0
501,6029,13,0
501,6030,14,0
501,6025,15,0
501,7612,16,0
501,8638,17,0
501,7150,18,0
501,6088,19,0
501,6104,20,0
501,6125,21,0
501,6108,22,1
800,6107,1,0
800,6103,2,0
800,6102,3,0
800,6122,4,0
800,8331,5,0
800,8330,6,0
800,8334,7,0
800,8335,8,0
800,8329,9,0
800,8332,10,0
800,8219,11,0
800,8179,12,0
800,8223,13,0
800,8184,14,0
800,8206,15,0
800,8221,16,0
800,8222,17,0
800,8181,18,0
800,8210,19,0
800,8201,20,0
800,8215,21,0
800,8629,22,0
800,8634,23,0
800,6192,24,0
800,6196,25,0
800,6201,26,0
800,6199,27,0
800,6198,28,0
800,6194,29,0
800,6563,30,0
800,6565,31,0
800,6984,32,0
800,6289,33,0
800,6286,34,0
800,6219,35,0
800,6250,36,0
800,6288,37,0
800,6262,38,0
800,6268,39,0
800,6256,40,0
800,6247,41,0
800,6222,42,0
800,6223,43,0
800,6287,44,0
800,6239,45,0
800,6220,46,0
800,6221,47,0
800,6271,48,0
800,6232,49,0
800,6284,50,0
800,6290,51,0
800,6259,52,0
800,9023,53,0
800,6254,54,0
800,6265,55,0
800,6235,56,0
800,6229,57,0
800,6244,58,0
800,6283,59,0
800,9024,60,0
800,6227,61,0
800,6282,62,0
800,6237,63,0
800,6238,64,0
800,6281,65,0
800,6263,66,0
800,6260,67,0
800,6243,68,0
800,6297,69,0
800,7338,70,0
800,7296,71,0
800,7331,72,0
800,7323,73,0
800,7327,74,0
800,7312,75,0
800,7325,76,0
800,7311,77,0
800,7310,78,0
800,7329,79,0
800,8433,80,0
800,9001,81,0
800,8432,82,0
800,8961,83,1
801,8961,1,0
801,8431,2,0
801,9000,3,0
801,6579,4,0
801,7337,5,0
801,2275,6,0
801,7305,7,0
801,7299,8,0
801,7328,9,0
801,7304,10,0
801,7313,11,0
801,7330,12,0
801,7303,13,0
801,7333,14,0
801,6297,15,0
801,6266,16,0
801,6245,17,0
801,6226,18,0
801,6236,19,0
801,6228,20,0
801,6285,21,0
801,6249,22,0
801,6257,23,0
801,6278,24,0
801,6277,25,0
801,6240,26,0
801,6280,27,0
801,6255,28,0
801,6253,29,0
801,6241,30,0
801,6230,31,0
801,6274,32,0
801,6258,33,0
801,6224,34,0
801,6273,35,0
801,2202,36,0
801,6272,37,0
801,6234,38,0
801,6233,39,0
801,6276,40,0
801,6242,41,0
801,6248,42,0
801,6275,43,0
801,6246,44,0
801,6279,45,0
801,6264,46,0
801,6252,47,0
801,6251,48,0
801,6216,49,0
801,6217,50,0
801,6269,51,0
801,6644,52,0
801,6982,53,0
801,6985,54,0
801,8262,55,0
801,6564,56,0
801,6197,57,0
801,6193,58,0
801,6203,59,0
801,6195,60,0
801,6191,61,0
801,8633,62,0
801,8193,63,0
801,8202,64,0
801,8182,65,0
801,8213,66,0
801,8178,67,0
801,8205,68,0
801,8190,69,0
801,8214,70,0
801,8183,71,0
801,8196,72,0
801,8195,73,0
801,8194,74,0
801,8328,75,0
801,8337,76,0
801,8333,77,0
801,8336,78,0
801,8327,79,0
801,8338,80,0
801,6121,81,0
801,6085,82,0
801,6087,83,1
1000,7144,1,0
1000,8302,2,0
1000,8304,3,0
1000,6206,4,0
1000,6209,5,0
1000,6208,6,0
1000,6961,7,0
1000,6962,8,0
1000,6965,9,0
1000,6969,10,0
1000,8314,11,0
1000,8306,12,0
1000,8307,13,0
1000,8309,14,0
1000,8312,15,0
1000,8336,16,0
1000,8327,17,0
1000,8338,18,0
1000,6121,19,0
1000,6085,20,0
1000,6087,21,0
1000,6773,22,0
1000,6778,23,0
1000,6779,24,0
1000,6775,25,0
1000,6787,26,0
1000,7351,27,0
1000,7613,28,0
1000,7197,29,0
1000,8428,30,0
1000,2306,31,0
1000,8580,32,0
1000,8586,33,0
1000,8582,34,0
1000,7214,35,0
1000,7213,36,0
1000,8171,37,0
1000,7210,38,0
1000,2022,39,0
1000,7173,40,0
1000,6834,41,0
1000,9076,42,0
1000,8416,43,0
1000,8323,44,0
1000,8320,45,0
1000,8603,46,0
1000,8598,47,0
1000,6306,48,0
1000,2004,49,0
1000,7053,50,0
1000,7052,51,0
1000,7051,52,0
1000,6369,53,0
1000,6591,54,0
1000,6592,55,0
1000,7057,56,0
1000,6974,57,0
1000,8160,58,0
1000,8161,59,0
1000,8162,60,1
1001,8162,1,0
1001,8483,2,0
1001,8484,3,0
1001,8482,4,0
1001,8319,5,0
1001,6835,6,0
1001,7175,7,0
1001,7209,8,0
1001,8172,9,0
1001,7211,10,0
1001,7215,11,0
1001,8581,12,0
1001,8583,13,0
1001,8584,14,0
1001,2305,15,0
1001,8424,16,0
1001,8419,17,0
1001,8429,18,0
1001,8389,19,0
1001,7611,20,0
1001,8638,21,0
1001,7150,22,0
1001,6088,23,0
1001,6104,24,0
1001,6125,25,0
1001,6107,26,0
1001,6103,27,0
1001,6102,28,0
1001,6122,29,0
1001,8331,30,0
1001,8330,31,0
1001,8334,32,0
1001,8313,33,0
1001,8311,34,0
1001,8315,35,0
1001,8310,36,0
1001,6970,37,0
1001,2322,38,0
1001,6964,39,0
1001,6207,40,0
1001,6210,41,0
1001,6211,42,0
1001,8291,43,0
1001,7144,44,1
2100,2013,1,0
2100,6976,2,0
2100,8239,3,0
2100,6152,4,0
2100,7181,5,0
2100,7178,6,0
2100,6624,7,0
2100,6318,8,0
2100,6317,9,0
2100,6150,10,0
2100,6176,11,0
2100,6172,12,0
2100,6170,13,0
2100,6161,14,0
2100,6182,15,0
2100,6186,16,0
2100,6167,17,0
2100,6166,18,0
2100,6156,19,0
2100,6181,20,0
2100,6164,21,0
2100,6188,22,0
2100,6185,23,0
2100,6162,24,0
2100,6144,25,0
2100,6157,26,0
2100,6189,27,0
2100,7119,28,0
2100,6375,29,0
2100,6376,30,0
2100,6395,31,0
2100,6505,32,0
2100,8366,33,0
2100,6386,34,0
2100,6391,35,0
2100,6387,36,0
2100,6392,37,0
2100,7081,38,0
2100,7073,39,0
2100,9106,40,1
2101,9106,1,0
2101,7064,2,0
2101,7080,3,0
2101,6382,4,0
2101,6394,5,0
2101,6389,6,0
2101,6393,7,0
2101,8367,8,0
2101,6378,9,0
2101,6155,10,0
2101,6384,11,0
2101,6381,12,0
2101,6379,13,0
2101,7120,14,0
2101,6160,15,0
2101,6179,16,0
2101,6154,17,0
2101,6184,18,0
2101,6153,19,0
2101,6180,20,0
2101,6163,21,0
2101,6147,22,0
2101,6165,23,0
2101,6177,24,0
2101,6178,25,0
2101,6148,26,0
2101,6145,27,0
2101,6149,28,0
2101,6143,29,0
2101,6175,30,0
2101,6173,31,0
2101,6315,32,0
2101,6316,33,0
2101,6628,34,0
2101,7179,35,0
2101,7180,36,0
2101,6174,37,0
2101,6151,38,0
2101,8238,39,0
2101,6977,40,0
2101,6716,41,0
2101,6713,42,0
2101,6712,43,0
2101,9039,44,0
2101,2010,45,0
2101,2011,46,0
2101,2012,47,0
2101,2013,48,1
2200,8641,1,0
2200,7283,2,0
2200,7274,3,0
2200,6398,4,0
2200,6411,5,0
2200,6410,6,0
2200,6158,7,0
2200,6187,8,0
2200,6183,9,0
2200,8816,10,0
2200,8800,11,0
2200,8801,12,0
2200,9073,13,0
2200,7395,14,0
2200,8802,15,0
2200,8803,16,0
2200,8804,17,0
2200,8805,18,0
2200,8806,19,0
2200,8653,20,0
2200,8807,21,0
2200,9051,22,1
2201,9051,1,0
2201,8651,2,0
2201,8809,3,0
2201,8810,4,0
2201,8811,5,0
2201,8812,6,0
2201,8813,7,0
2201,7396,8,0
2201,2300,9,0
2201,8361,10,0
2201,8126,11,0
2201,2035,12,0
2201,6171,13,0
2201,6169,14,0
2201,6159,15,0
2201,6399,16,0
2201,6415,17,0
2201,6408,18,0
2201,7275,19,0
2201,8641,20,1
2400,7143,1,0
2400,7138,2,0
2400,7136,3,0
2400,9021,4,0
2400,7135,5,0
2400,7134,6,0
2400,7137,7,0
2400,8232,8,0
2400,7390,9,0
2400,7391,10,0
2400,6562,11,0
2400,6559,12,0
2400,6863,13,0
2400,6867,14,0
2400,6890,15,0
2400,6872,16,0
2400,6870,17,0
2400,6891,18,0
2400,6931,19,0
2400,8166,20,0
2400,8167,21,0
2400,6515,22,0
2400,6516,23,0
2400,7183,24,0
2400,7182,25,0
2400,7253,26,0
2400,7254,27,0
2400,8371,28,0
2400,8370,29,0
2400,7396,30,0
2400,7186,31,0
2400,7188,32,0
2400,8578,33,0
2400,6900,34,0
2400,6903,35,0
2400,7006,36,0
2400,7007,37,0
2400,7005,38,0
2400,7011,39,0
2400,7279,40,0
2400,7277,41,0
2400,7285,42,0
2400,7283,43,0
2400,7274,44,0
2400,6409,45,0
2400,6403,46,0
2400,6407,47,0
2400,6406,48,0
2400,7355,49,0
2400,7420,50,0
2400,7412,51,0
2400,2308,52,0
2400,7402,53,0
2400,7414,54,0
2400,8291,55,0
2400,8316,56,0
2400,8225,57,0
2400,6962,58,0
2400,6965,59,1
2401,6965,1,0
2401,6969,2,0
2401,8314,3,0
2401,8306,4,0
2401,8301,5,0
2401,8298,6,0
2401,8297,7,0
2401,8317,8,0
2401,8302,9,0
2401,8304,10,0
2401,7415,11,0
2401,7401,12,0
2401,7403,13,0
2401,7410,14,0
2401,7406,15,0
2401,7421,16,0
2401,7404,17,0
2401,6396,18,0
2401,6405,19,0
2401,6404,20,0
2401,6413,21,0
2401,6414,22,0
2401,7275,23,0
2401,8640,24,0
2401,7281,25,0
2401,7280,26,0
2401,7009,27,0
2401,7010,28,0
2401,7004,29,0
2401,7008,30,0
2401,6901,31,0
2401,8579,32,0
2401,7187,33,0
2401,7397,34,0
2401,7395,35,0
2401,8372,36,0
2401,8373,37,0
2401,7255,38,0
2401,7252,39,0
2401,7251,40,0
2401,7184,41,0
2401,6514,42,0
2401,6517,43,0
2401,8168,44,0
2401,8169,45,0
2401,6916,46,0
2401,6848,47,0
2401,6871,48,0
2401,6852,49,0
2401,6845,50,0
2401,6905,51,0
2401,6853,52,0
2401,6560,53,0
2401,6561,54,0
2401,7392,55,0
2401,7393,56,0
2401,8231,57,0
2401,7139,58,0
2401,7140,59,0
2401,7141,60,0
2401,7142,61,0
2401,7143,62,1
2500,8641,1,0
2500,7283,2,0
2500,7274,3,0
2500,6398,4,0
2500,6411,5,0
2500,6410,6,0
2500,8089,7,0
2500,8083,8,0
2500,8101,9,0
2500,8107,10,0
2500,8100,11,0
2500,8081,12,0
2500,8090,13,0
2500,2156,14,0
2500,2157,15,0
2500,2158,16,0
2500,2159,17,0
2500,6905,18,0
2500,6853,19,0
2500,2160,20,0
2500,2161,21,0
2500,2162,22,0
2500,2163,23,0
2500,2164,24,0
2500,2165,25,0
2500,2166,26,0
2500,2167,27,0
2500,2168,28,0
2500,2169,29,0
2500,2189,30,1
2501,2189,1,0
2501,2170,2,0
2501,2171,3,0
2501,2172,4,0
2501,2173,5,0
2501,2174,6,0
2501,2175,7,0
2501,2176,8,0
2501,6863,9,0
2501,2177,10,0
2501,2178,11,0
2501,2179,12,0
2501,2180,13,0
2501,2181,14,0
2501,8119,15,0
2501,8116,16,0
2501,8097,17,0
2501,8118,18,0
2501,8099,19,0
2501,8122,20,0
2501,8098,21,0
2501,8086,22,0
2501,6399,23,0
2501,6415,24,0
2501,6408,25,0
2501,7275,26,0
2501,8641,27,1
2600,6578,1,0
2600,7241,2,0
2600,8343,3,0
2600,8347,4,0
2600,8346,5,0
2600,8344,6,0
2600,7011,7,0
2600,7279,8,0
2600,7277,9,0
2600,8641,10,1
2601,8641,1,0
2601,7281,2,0
2601,7280,3,0
2601,7009,4,0
2601,8345,5,0
2601,8348,6,0
2601,8577,7,0
2601,6577,8,0
2601,6578,9,1
2800,8641,1,0
2800,6617,2,0
2800,6618,3,0
2800,6199,4,0
2800,6198,5,0
2800,6194,6,0
2800,6563,7,0
2800,6565,8,0
2800,6788,9,0
2800,8245,10,0
2800,8244,11,0
2800,8249,12,0
2800,8247,13,0
2800,8246,14,0
2800,2299,15,0
2800,2009,16,0
2800,7445,17,0
2800,7446,18,0
2800,7478,19,0
2800,7489,20,0
2800,8367,21,0
2800,2311,22,0
2800,2312,23,0
2800,2313,24,0
2800,2314,25,0
2800,2315,26,0
2800,2316,27,0
2800,6387,28,0
2800,6392,29,0
2800,7081,30,0
2800,7073,31,0
2800,9105,32,1
2801,9105,1,0
2801,7064,2,0
2801,7080,3,0
2801,6382,4,0
2801,6394,5,0
2801,6389,6,0
2801,2317,7,0
2801,2318,8,0
2801,2319,9,0
2801,2320,10,0
2801,2321,11,0
2801,8366,12,0
2801,6715,13,0
2801,6717,14,0
2801,6719,15,0
2801,6722,16,0
2801,7162,17,0
2801,8493,18,0
2801,8490,19,0
2801,8502,20,0
2801,8250,21,0
2801,8248,22,0
2801,8242,23,0
2801,8243,24,0
2801,6638,25,0
2801,6986,26,0
2801,8262,27,0
2801,6564,28,0
2801,6197,29,0
2801,6193,30,0
2801,6620,31,0
2801,6621,32,0
2801,8641,33,1
2900,6564,1,0
2900,6979,2,0
2900,2278,3,0
2900,7279,4,0
2900,7277,5,0
2900,7285,6,0
2900,6617,7,0
2900,6618,8,0
2900,6619,9,0
2900,6498,10,0
2900,6497,11,0
2900,6493,12,0
2900,6499,13,0
2900,8552,14,0
2900,8563,15,0
2900,7089,16,0
2900,7088,17,0
2900,7097,18,0
2900,6929,19,0
2900,6581,20,0
2900,6582,21,0
2900,6586,22,0
2900,6587,23,0
2900,6100,24,0
2900,6120,25,0
2900,2273,26,0
2900,6090,27,0
2900,6115,28,0
2900,6088,29,0
2900,6104,30,0
2900,6125,31,0
2900,6107,32,0
2900,6733,33,0
2900,8435,34,0
2900,8822,35,0
2900,8823,36,0
2900,8824,37,0
2900,8825,38,0
2900,8826,39,0
2900,6112,40,0
2900,6092,41,0
2900,6111,42,0
2900,6972,43,0
2900,6968,44,0
2900,6970,45,0
2900,8402,46,0
2900,8401,47,0
2900,8407,48,0
2900,8409,49,1
2901,8409,1,0
2901,8405,2,0
2901,8404,3,0
2901,8403,4,0
2901,8408,5,0
2901,6566,6,0
2901,6967,7,0
2901,6963,8,0
2901,6093,9,0
2901,6938,10,0
2901,8866,11,0
2901,8819,12,0
2901,9006,13,0
2901,8821,14,0
2901,8435,15,0
2901,2021,16,0
2901,6127,17,0
2901,2274,18,0
2901,6119,19,0
2901,6580,20,0
2901,6588,21,0
2901,6584,22,0
2901,6583,23,0
2901,6585,24,0
2901,7096,25,0
2901,7091,26,0
2901,7095,27,0
2901,7093,28,0
2901,8553,29,0
2901,8560,30,0
2901,6492,31,0
2901,6496,32,0
2901,6500,33,0
2901,6620,34,0
2901,6621,35,0
2901,2122,36,0
2901,7281,37,0
2901,7280,38,0
2901,6610,39,0
2901,6980,40,0
2901,6981,41,0
2901,6986,42,0
2901,8262,43,0
2901,6564,44,1
3900,9102,1,0
3900,7064,2,0
3900,7080,3,0
3900,7427,4,0
3900,2188,5,0
3900,7434,6,0
3900,7435,7,0
3900,7430,8,0
3900,7436,9,0
3900,7433,10,0
3900,6653,11,0
3900,6650,12,0
3900,6649,13,0
3900,6648,14,0
3900,6647,15,0
3900,2008,16,0
3900,2006,17,0
3900,2302,18,0
3900,6702,19,0
3900,6705,20,0
3900,7176,21,0
3900,6704,22,0
3900,6700,23,0
3900,6251,24,0
3900,6216,25,0
3900,6217,26,0
3900,6269,27,0
3900,8140,28,0
3900,8176,29,0
3900,8065,30,0
3900,8422,31,0
3900,8421,32,0
3900,8425,33,0
3900,8424,34,0
3900,6302,35,0
3900,7608,36,1
3901,7608,1,0
3901,8616,2,0
3901,6304,3,0
3901,6303,4,0
3901,8428,5,0
3901,8420,6,0
3901,8418,7,0
3901,8426,8,0
3901,8177,9,0
3901,7451,10,0
3901,8141,11,0
3901,6289,12,0
3901,6286,13,0
3901,6219,14,0
3901,6697,15,0
3901,6703,16,0
3901,2254,17,0
3901,2303,18,0
3901,6706,19,0
3901,6698,20,0
3901,2005,21,0
3901,2007,22,0
3901,6645,23,0
3901,6652,24,0
3901,6654,25,0
3901,6655,26,0
3901,6656,27,0
3901,7428,28,0
3901,7431,29,0
3901,7429,30,0
3901,7437,31,0
3901,7438,32,0
3901,7081,33,0
3901,7073,34,0
3901,9102,35,1
5000,6090,1,0
5000,6569,2,0
5000,6571,3,0
5000,6573,4,0
5000,6455,5,0
5000,6773,6,0
5000,6778,7,0
5000,6779,8,0
5000,6775,9,0
5000,6787,10,0
5000,7351,11,0
5000,7607,12,1
5001,7607,1,0
5001,8638,2,0
5001,6569,3,0
5001,6571,4,0
5001,6573,5,0
5001,2021,6,0
5001,6127,7,1
5300,6064,1,0
5300,6028,2,0
5300,7058,3,0
5300,6030,4,0
5300,6025,5,0
5300,7615,6,0
5300,8616,7,0
5300,8612,8,0
5300,8618,9,0
5300,8615,10,0
5300,8619,11,0
5300,6019,12,0
5300,6018,13,0
5300,2248,14,0
5300,2249,15,0
5300,6023,16,0
5300,2251,17,0
5300,2252,18,0
5300,2253,19,0
5300,7453,20,0
5300,7454,21,0
5300,8140,22,1
5301,8140,1,0
5301,7455,2,0
5301,7452,3,0
5301,7458,4,0
5301,6539,5,0
5301,6540,6,0
5301,7126,7,0
5301,7127,8,0
5301,6017,9,0
5301,6024,10,0
5301,6021,11,0
5301,6020,12,0
5301,6022,13,0
5301,8622,14,0
5301,8620,15,0
5301,8617,16,0
5301,8621,17,0
5301,7609,18,0
5301,6026,19,0
5301,6064,20,1
5400,7607,1,0
5400,6064,2,0
5400,6028,3,0
5400,7058,4,0
5400,7059,5,0
5400,7386,6,0
5400,6538,7,0
5400,6535,8,0
5400,6536,9,0
5400,6534,10,0
5400,6530,11,0
5400,6529,12,0
5400,6736,13,0
5400,8171,14,0
5400,7210,15,0
5400,2022,16,0
5400,7173,17,0
5400,6834,18,0
5400,9076,19,0
5400,8416,20,0
5400,8323,21,0
5400,8320,22,0
5400,8603,23,0
5400,8598,24,0
5400,6359,25,0
5400,6355,26,0
5400,6360,27,0
5400,6371,28,0
5400,6369,29,0
5400,6357,30,0
5400,6358,31,0
5400,6356,32,0
5400,6372,33,0
5400,6082,34,0
5400,7146,35,0
5400,2199,36,0
5400,2198,37,1
5401,2198,1,0
5401,2200,2,0
5401,2201,3,0
5401,6484,4,0
5401,6361,5,0
5401,6364,6,0
5401,6362,7,0
5401,6367,8,0
5401,6363,9,0
5401,6370,10,0
5401,6366,11,0
5401,6368,12,0
5401,8594,13,0
5401,8318,14,0
5401,8321,15,0
5401,8319,16,0
5401,6835,17,0
5401,7175,18,0
5401,7209,19,0
5401,8172,20,0
5401,6735,21,0
5401,6532,22,0
5401,6531,23,0
5401,6528,24,0
5401,6526,25,0
5401,6527,26,0
5401,6537,27,0
5401,7385,28,0
5401,7389,29,0
5401,7388,30,0
5401,6064,31,0
5401,7607,32,1
5500,7601,1,0
5500,6026,2,0
5500,6064,3,0
5500,6028,4,0
5500,7058,5,0
5500,7059,6,0
5500,7386,7,0
5500,6538,8,0
5500,6535,9,0
5500,6536,10,0
5500,6534,11,0
5500,6530,12,0
5500,6529,13,0
5500,6736,14,0
5500,8171,15,0
5500,7210,16,0
5500,8460,17,0
5500,8436,18,0
5500,8466,19,0
5500,8442,20,0
5500,8468,21,0
5500,8465,22,0
5500,8462,23,0
5500,8451,24,0
5500,8452,25,0
5500,8471,26,0
5500,8476,27,0
5500,8472,28,0
5500,8455,29,0
5500,8477,30,0
5500,8474,31,0
5500,8456,32,0
5500,8457,33,0
5500,2203,34,1
5501,2203,1,0
5501,2216,2,0
5501,2217,3,0
5501,8473,4,0
5501,8463,5,0
5501,8444,6,0
5501,8454,7,0
5501,8453,8,0
5501,8446,9,0
5501,8440,10,0
5501,8447,11,0
5501,8441,12,0
5501,8450,13,0
5501,8448,14,0
5501,6312,15,0
5501,6314,16,0
5501,6313,17,0
5501,7209,18,0
5501,8172,19,0
5501,6735,20,0
5501,6532,21,0
5501,6531,22,0
5501,6528,23,0
5501,6526,24,0
5501,6527,25,0
5501,6537,26,0
5501,7385,27,0
5501,7389,28,0
5501,7388,29,0
5501,6030,30,0
5501,6025,31,0
5501,7601,32,1
5600,7608,1,0
5600,8393,2,0
5600,8385,3,0
5600,8383,4,0
5600,8386,5,0
5600,8391,6,0
5600,6530,7,0
5600,6529,8,0
5600,6736,9,0
5600,8172,10,0
5600,7211,11,0
5600,7215,12,0
5600,6796,13,0
5600,8654,14,0
5600,8655,15,0
5600,8656,16,0
5600,8657,17,0
5600,8054,18,0
5600,8659,19,0
5600,6841,20,0
5600,6842,21,0
5600,6797,22,0
5600,8855,23,0
5600,9115,24,0
5600,8856,25,0
5600,8857,26,0
5600,8858,27,0
5600,8859,28,0
5600,8867,29,0
5600,8610,30,0
5600,2017,31,0
5600,8515,32,0
5600,6014,33,1
5601,6014,1,0
5601,8609,2,0
5601,8611,3,0
5601,8608,4,0
5601,8860,5,0
5601,8861,6,0
5601,8862,7,0
5601,8863,8,0
5601,8864,9,0
5601,8865,10,0
5601,9116,11,0
5601,8894,12,0
5601,8654,13,0
5601,8655,14,0
5601,8656,15,0
5601,8657,16,0
5601,8054,17,0
5601,8659,18,0
5601,6841,19,0
5601,6842,20,0
5601,6797,21,0
5601,7214,22,0
5601,7213,23,0
5601,8171,24,0
5601,6735,25,0
5601,6532,26,0
5601,6531,27,0
5601,8384,28,0
5601,8388,29,0
5601,8390,30,0
5601,8387,31,0
5601,8389,32,0
5601,7608,33,1
5800,8943,1,0
5800,8589,2,0
5800,8596,3,0
5800,8591,4,0
5800,8597,5,0
5800,8595,6,0
5800,6292,7,0
5800,6633,8,0
5800,6635,9,0
5800,6630,10,0
5800,6636,11,0
5800,6294,12,0
5800,6293,13,0
5800,7460,14,0
5800,8400,15,0
5800,8575,16,0
5800,8576,17,0
5800,7148,18,0
5800,6575,19,0
5800,6574,20,0
5800,6576,21,0
5800,2272,22,0
5800,2267,23,0
5800,2268,24,0
5800,2269,25,0
5800,8955,26,1
5801,8955,1,0
5801,2255,2,0
5801,2256,3,0
5801,2257,4,0
5801,2258,5,0
5801,2259,6,0
5801,2204,7,0
5801,2260,8,0
5801,2261,9,0
5801,2262,10,0
5801,2263,11,0
5801,2264,12,0
5801,2265,13,0
5801,2266,14,0
5801,6632,15,0
5801,6629,16,0
5801,6631,17,0
5801,6634,18,0
5801,8588,19,0
5801,8593,20,0
5801,8601,21,0
5801,8602,22,0
5801,8600,23,0
5801,8943,24,1
5900,8952,1,0
5900,6474,2,0
5900,6476,3,0
5900,6482,4,0
5900,6477,5,1
5901,6477,1,0
5901,6475,2,0
5901,6048,3,0
5901,6047,4,0
5901,6049,5,0
5901,6046,6,0
5901,6467,7,0
5901,6468,8,0
5901,6469,9,0
5901,6464,10,0
5901,6465,11,0
5901,6463,12,0
5901,6473,13,0
5901,6471,14,0
5901,6470,15,0
5901,6472,16,0
5901,6466,17,0
5901,6541,18,0
5901,6542,19,0
5901,6480,20,0
5901,6479,21,0
5901,6478,22,0
5901,6481,23,0
5901,8952,24,1
6100,8951,1,0
6100,6474,2,0
6100,7398,3,0
6100,8027,4,0
6100,8026,5,0
6100,6422,6,0
6100,6423,7,0
6100,2307,8,0
6100,6428,9,0
6100,2229,10,0
6100,6666,11,0
6100,6669,12,0
6100,6668,13,0
6100,2232,14,0
6100,2233,15,0
6100,2238,16,0
6100,2239,17,0
6100,6941,18,0
6100,6947,19,0
6100,6948,20,0
6100,6943,21,0
6100,7106,22,0
6100,7112,23,0
6100,7108,24,0
6100,7114,25,0
6100,7110,26,0
6100,7111,27,0
6100,7117,28,0
6100,7116,29,0
6100,7102,30,1
6101,7102,1,0
6101,7113,2,0
6101,8280,3,0
6101,8282,4,0
6101,8281,5,0
6101,7107,6,0
6101,6331,7,0
6101,8506,8,0
6101,8507,9,0
6101,7001,10,0
6101,7002,11,0
6101,7003,12,0
6101,7000,13,0
6101,7118,14,0
6101,7115,15,0
6101,7105,16,0
6101,7109,17,0
6101,7104,18,0
6101,7103,19,0
6101,6942,20,0
6101,6945,21,0
6101,6946,22,0
6101,6944,23,0
6101,2240,24,0
6101,2241,25,0
6101,2230,26,0
6101,2231,27,0
6101,6671,28,0
6101,2227,29,0
6101,6424,30,0
6101,6426,31,0
6101,6427,32,0
6101,6421,33,0
6101,8024,34,0
6101,8025,35,0
6101,7399,36,0
6101,6478,37,0
6101,6481,38,0
6101,8951,39,1
6200,7601,1,0
6200,6026,2,0
6200,6063,3,0
6200,6028,4,0
6200,7058,5,0
6200,7059,6,0
6200,7386,7,0
6200,6538,8,0
6200,6535,9,0
6200,6536,10,0
6200,6839,11,0
6200,6836,12,0
6200,8284,13,0
6200,8067,14,0
6200,8068,15,0
6200,8066,16,0
6200,6833,17,0
6200,6204,18,0
6200,8287,19,0
6200,8288,20,0
6200,7383,21,0
6200,7443,22,0
6200,7441,23,0
6200,8946,24,0
6200,8028,25,0
6200,6732,26,0
6200,6724,27,0
6200,6731,28,0
6200,6726,29,0
6200,6727,30,0
6200,6725,31,1
6201,6725,1,0
6201,6730,2,0
6201,6728,3,0
6201,6729,4,0
6201,6723,5,0
6201,8038,6,0
6201,8036,7,0
6201,8946,8,0
6201,7177,9,0
6201,7442,10,0
6201,7444,11,0
6201,7384,12,0
6201,8289,13,0
6201,8290,14,0
6201,6205,15,0
6201,6832,16,0
6201,6311,17,0
6201,8069,18,0
6201,8285,19,0
6201,8286,20,0
6201,6838,21,0
6201,6837,22,0
6201,6526,23,0
6201,6527,24,0
6201,6537,25,0
6201,7385,26,0
6201,7389,27,0
6201,7388,28,0
6201,6030,29,0
6201,6025,30,0
6201,7601,31,1
6300,8943,1,0
6300,8589,2,0
6300,8596,3,0
6300,8591,4,0
6300,8597,5,0
6300,8595,6,0
6300,8592,7,0
6300,7260,8,0
6300,7268,9,0
6300,7258,10,0
6300,7257,11,0
6300,7265,12,0
6300,7262,13,0
6300,7264,14,0
6300,6519,15,0
6300,6523,16,0
6300,6524,17,0
6300,6521,18,0
6300,8485,19,0
6300,8487,20,0
6300,6793,21,0
6300,6709,22,0
6300,6710,23,0
6300,6671,24,0
6300,2227,25,0
6300,7200,26,0
6300,6667,27,0
6300,6480,28,0
6300,6479,29,0
6300,6478,30,0
6300,6481,31,0
6300,8955,32,1
6301,8955,1,0
6301,6474,2,0
6301,6476,3,0
6301,6482,4,0
6301,6664,5,0
6301,2228,6,0
6301,2229,7,0
6301,6666,8,0
6301,6669,9,0
6301,6668,10,0
6301,2242,11,0
6301,2243,12,0
6301,2324,13,0
6301,6794,14,0
6301,8486,15,0
6301,6525,16,0
6301,6518,17,0
6301,6520,18,0
6301,6522,19,0
6301,8868,20,0
6301,7259,21,0
6301,7267,22,0
6301,7269,23,0
6301,7266,24,0
6301,7256,25,0
6301,7263,26,0
6301,7261,27,0
6301,8590,28,0
6301,8588,29,0
6301,8593,30,0
6301,8601,31,0
6301,8602,32,0
6301,8600,33,0
6301,8943,34,1
6400,8141,1,0
6400,6921,2,0
6400,6919,3,0
6400,6922,4,0
6400,6924,5,0
6400,6928,6,0
6400,6490,7,0
6400,6323,8,0
6400,6328,9,0
6400,6325,10,0
6400,6326,11,0
6400,6641,12,0
6400,6623,13,0
6400,2082,14,0
6400,2083,15,0
6400,2084,16,0
6400,2085,17,0
6400,2086,18,0
6400,2087,19,0
6400,2088,20,0
6400,2089,21,0
6400,2090,22,0
6400,2091,23,0
6400,6765,24,0
6400,6766,25,0
6400,6767,26,0
6400,6483,27,0
6400,6008,28,0
6400,6001,29,0
6400,6002,30,0
6400,6007,31,0
6400,6013,32,0
6400,6012,33,0
6400,8537,34,0
6400,8543,35,0
6400,6014,36,1
6401,6014,1,0
6401,8528,2,0
6401,8522,3,0
6401,6005,4,0
6401,6006,5,0
6401,6009,6,0
6401,6015,7,0
6401,6010,8,0
6401,6011,9,0
6401,6003,10,0
6401,6016,11,0
6401,6000,12,0
6401,2107,13,0
6401,2108,14,0
6401,2109,15,0
6401,2110,16,0
6401,2092,17,0
6401,2093,18,0
6401,2094,19,0
6401,2095,20,0
6401,2096,21,0
6401,2097,22,0
6401,2098,23,0
6401,2099,24,0
6401,2100,25,0
6401,2101,26,0
6401,2102,27,0
6401,2103,28,0
6401,2104,29,0
6401,2105,30,0
6401,2106,31,0
6401,6488,32,0
6401,6925,33,0
6401,6927,34,0
6401,6920,35,0
6401,6926,36,0
6401,6917,37,0
6401,8141,38,1
6500,8952,1,0
6500,6335,2,0
6500,6353,3,0
6500,6338,4,0
6500,6349,5,0
6500,6332,6,0
6500,6352,7,0
6500,6341,8,0
6500,6056,9,0
6500,6059,10,0
6500,2205,11,1
6501,2205,1,0
6501,6054,2,0
6501,6051,3,0
6501,6058,4,0
6501,6055,5,0
6501,2244,6,0
6501,2245,7,0
6501,2246,8,0
6501,2247,9,0
6501,6336,10,0
6501,6342,11,0
6501,6321,12,0
6501,6322,13,0
6501,6053,14,0
6501,6057,15,0
6501,6060,16,0
6501,6050,17,0
6501,6345,18,0
6501,6348,19,0
6501,6350,20,0
6501,6343,21,0
6501,6347,22,0
6501,6344,23,0
6501,6351,24,0
6501,8952,25,1
6700,8171,1,0
6700,7210,2,0
6700,2022,3,0
6700,7173,4,0
6700,6834,5,0
6700,9076,6,0
6700,8416,7,0
6700,8323,8,0
6700,8320,9,0
6700,8599,10,0
6700,8590,11,0
6700,8588,12,0
6700,8593,13,0
6700,8601,14,0
6700,8602,15,0
6700,8600,16,0
6700,8941,17,0
6700,8841,18,0
6700,8842,19,0
6700,8843,20,0
6700,9066,21,0
6700,8845,22,0
6700,8846,23,0
6700,8892,24,0
6700,8891,25,0
6700,8889,26,0
6700,8890,27,0
6700,8010,28,0
6700,7482,29,0
6700,6066,30,0
6700,8964,31,1
6701,8964,1,0
6701,7466,2,0
6701,8017,3,0
6701,7481,4,0
6701,7271,5,0
6701,7270,6,0
6701,7272,7,0
6701,8893,8,0
6701,8847,9,0
6701,8848,10,0
6701,9067,11,0
6701,8850,12,0
6701,8851,13,0
6701,8852,14,0
6701,8941,15,0
6701,8597,16,0
6701,8595,17,0
6701,8592,18,0
6701,8604,19,0
6701,8318,20,0
6701,8321,21,0
6701,8319,22,0
6701,6835,23,0
6701,7175,24,0
6701,7209,25,0
6701,8171,26,1
6800,8951,1,0
6800,6474,2,0
6800,6476,3,0
6800,6482,4,0
6800,6664,5,0
6800,2228,6,0
6800,7198,7,0
6800,7199,8,0
6800,7201,9,0
6800,6045,10,0
6800,6043,11,0
6800,6036,12,0
6800,6040,13,0
6800,6033,14,0
6800,6044,15,0
6800,6994,16,0
6800,6997,17,0
6800,6990,18,0
6800,6993,19,0
6800,6995,20,0
6800,6998,21,0
6800,6080,22,0
6800,6073,23,0
6800,6076,24,0
6800,6071,25,0
6800,6072,26,0
6800,6069,27,0
6800,6932,28,0
6800,6935,29,0
6800,7242,30,0
6800,7244,31,0
6800,7245,32,0
6800,7243,33,0
6800,7099,34,0
6800,7101,35,0
6800,7098,36,0
6800,7100,37,0
6800,7156,38,0
6800,7157,39,0
6800,6417,40,0
6800,6420,41,0
6800,6416,42,0
6800,6418,43,0
6800,6419,44,1
6801,6419,1,0
6801,6942,2,0
6801,6945,3,0
6801,6946,4,0
6801,6944,5,0
6801,6934,6,0
6801,6937,7,0
6801,6933,8,0
6801,6074,9,0
6801,6081,10,0
6801,6077,11,0
6801,6078,12,0
6801,6075,13,0
6801,6991,14,0
6801,6996,15,0
6801,6992,16,0
6801,6999,17,0
6801,6035,18,0
6801,6042,19,0
6801,6039,20,0
6801,6038,21,0
6801,6041,22,0
6801,6037,23,0
6801,7203,24,0
6801,7202,25,0
6801,7200,26,0
6801,6667,27,0
6801,6480,28,0
6801,6479,29,0
6801,6478,30,0
6801,6481,31,0
6801,8951,32,1
7200,8953,1,0
7200,2255,2,0
7200,2256,3,0
7200,2257,4,0
7200,8326,5,0
7200,8339,6,0
7200,6632,7,0
7200,6629,8,0
7200,6631,9,0
7200,6634,10,0
7200,8592,11,0
7200,8604,12,0
7200,8318,13,0
7200,8321,14,0
7200,8319,15,0
7200,6835,16,0
7200,7175,17,0
7200,7209,18,0
7200,8172,19,0
7200,7211,20,0
7200,7215,21,0
7200,8263,22,0
7200,8266,23,0
7200,6017,24,0
7200,7449,25,0
7200,7459,26,0
7200,7457,27,0
7200,7453,28,0
7200,7454,29,0
7200,8141,30,0
7200,6921,31,0
7200,6919,32,0
7200,6922,33,0
7200,6924,34,0
7200,6928,35,0
7200,6949,36,0
7200,6959,37,0
7200,6958,38,0
7200,8241,39,0
7200,6490,40,0
7200,2082,41,0
7200,8659,42,0
7200,6841,43,0
7200,6842,44,0
7200,6797,45,0
7200,8855,46,0
7200,2280,47,0
7200,2281,48,0
7200,2282,49,0
7200,2283,50,0
7200,2284,51,0
7200,2285,52,0
7200,2286,53,0
7200,8856,54,0
7200,8857,55,0
7200,2287,56,0
7200,2288,57,0
7200,2289,58,0
7200,2290,59,1
7201,2290,1,0
7201,2291,2,0
7201,2292,3,0
7201,2293,4,0
7201,2294,5,0
7201,2295,6,0
7201,2296,7,0
7201,9116,8,0
7201,8894,9,0
7201,8654,10,0
7201,8655,11,0
7201,8853,12,0
7201,2101,13,0
7201,6488,14,0
7201,6925,15,0
7201,6927,16,0
7201,6920,17,0
7201,6926,18,0
7201,6917,19,0
7201,8140,20,0
7201,7455,21,0
7201,7452,22,0
7201,7458,23,0
7201,7456,24,0
7201,7450,25,0
7201,6023,26,0
7201,8264,27,0
7201,2323,28,0
7201,7214,29,0
7201,7213,30,0
7201,8171,31,0
7201,7210,32,0
7201,2022,33,0
7201,7173,34,0
7201,6834,35,0
7201,9076,36,0
7201,8416,37,0
7201,8323,38,0
7201,8320,39,0
7201,8599,40,0
7201,8590,41,0
7201,6292,42,0
7201,6633,43,0
7201,6635,44,0
7201,6630,45,0
7201,6636,46,0
7201,2272,47,0
7201,2267,48,0
7201,2268,49,0
7201,2269,50,0
7201,8953,51,1
8200,6297,1,0
8200,6433,2,0
8200,6442,3,0
8200,6434,4,0
8200,6429,5,0
8200,6267,6,0
8200,6443,7,0
8200,6441,8,0
8200,6440,9,0
8200,6681,10,0
8200,6642,11,0
8200,6689,12,0
8200,6679,13,0
8200,6686,14,0
8200,6683,15,0
8200,6691,16,0
8200,6694,17,0
8200,6696,18,0
8200,6682,19,0
8200,7208,20,0
8200,7206,21,0
8200,7288,22,0
8200,7289,23,0
8200,7340,24,0
8200,8359,25,0
8200,8355,26,0
8200,8356,27,0
8200,8357,28,0
8200,8758,29,0
8200,6213,30,0
8200,6212,31,0
8200,9037,32,0
8200,7318,33,0
8200,8259,34,0
8200,8433,35,0
8200,9001,36,0
8200,8432,37,0
8200,8958,38,1
8201,8958,1,0
8201,8431,2,0
8201,9000,3,0
8201,6579,4,0
8201,7294,5,0
8201,7297,6,0
8201,6214,7,0
8201,8709,8,0
8201,8353,9,0
8201,8354,10,0
8201,8358,11,0
8201,8360,12,0
8201,7339,13,0
8201,7287,14,0
8201,7286,15,0
8201,7204,16,0
8201,7207,17,0
8201,6690,18,0
8201,6695,19,0
8201,6692,20,0
8201,6684,21,0
8201,6693,22,0
8201,6687,23,0
8201,6685,24,0
8201,6680,25,0
8201,6651,26,0
8201,6688,27,0
8201,6430,28,0
8201,6431,29,0
8201,6439,30,0
8201,6444,31,0
8201,6438,32,0
8201,6436,33,0
8201,6435,34,0
8201,6297,35,1
8300,8967,1,0
8300,2054,2,0
8300,2055,3,0
8300,2056,4,0
8300,2057,5,0
8300,2058,6,0
8300,2059,7,0
8300,2060,8,0
8300,2061,9,0
8300,2062,10,0
8300,2063,11,0
8300,2064,12,0
8300,2065,13,0
8300,2066,14,0
8300,2067,15,0
8300,7302,16,0
8300,7319,17,0
8300,7317,18,0
8300,7334,19,0
8300,7359,20,0
8300,8701,21,0
8300,8340,22,0
8300,8342,23,1
8301,8342,1,0
8301,8341,2,0
8301,7335,3,0
8301,7326,4,0
8301,7308,5,0
8301,7316,6,0
8301,7324,7,0
8301,2068,8,0
8301,2069,9,0
8301,2070,10,0
8301,7292,11,0
8301,2073,12,0
8301,2074,13,0
8301,2075,14,0
8301,2076,15,0
8301,2077,16,0
8301,2078,17,0
8301,2079,18,0
8301,2080,19,0
8301,2081,20,0
8301,8967,21,1
8400,6108,1,0
8400,2021,2,0
8400,6127,3,0
8400,2274,4,0
8400,6119,5,0
8400,6099,6,0
8400,8514,7,0
8400,2034,8,0
8400,8522,9,0
8400,8508,10,0
8400,6297,11,0
8400,6433,12,0
8400,6442,13,0
8400,6434,14,0
8400,6739,15,0
8400,6741,16,0
8400,6738,17,0
8400,6756,18,0
8400,6740,19,0
8400,6754,20,0
8400,6743,21,0
8400,6757,22,0
8400,6745,23,0
8400,6747,24,0
8400,6748,25,0
8400,6213,26,0
8400,6212,27,0
8400,9037,28,0
8400,7318,29,0
8400,8259,30,0
8400,8433,31,0
8400,9001,32,0
8400,8432,33,0
8400,8960,34,1
8401,8960,1,0
8401,8431,2,0
8401,9000,3,0
8401,6579,4,0
8401,7294,5,0
8401,7297,6,0
8401,6215,7,0
8401,6214,8,0
8401,6755,9,0
8401,6737,10,0
8401,6758,11,0
8401,6746,12,0
8401,6753,13,0
8401,6742,14,0
8401,6751,15,0
8401,6744,16,0
8401,6749,17,0
8401,6752,18,0
8401,6750,19,0
8401,6436,20,0
8401,6435,21,0
8401,6299,22,0
8401,8533,23,0
8401,8537,24,0
8401,8543,25,0
8401,6014,26,0
8401,8517,27,0
8401,8530,28,0
8401,6098,29,0
8401,6100,30,0
8401,6120,31,0
8401,2273,32,0
8401,6090,33,0
8401,6115,34,0
8401,6088,35,0
8401,6104,36,0
8401,6125,37,0
8401,6108,38,1
8500,8967,1,0
8500,8431,2,0
8500,9000,3,0
8500,6579,4,0
8500,7294,5,0
8500,7297,6,0
8500,7295,7,0
8500,7307,8,0
8500,7306,9,0
8500,7314,10,0
8500,7322,11,0
8500,7233,12,1
8501,7233,1,0
8501,7226,2,0
8501,7225,3,0
8501,9005,4,0
8501,7237,5,0
8501,2111,6,0
8501,2112,7,0
8501,2113,8,0
8501,2114,9,0
8501,2115,10,0
8501,2116,11,0
8501,2117,12,0
8501,7228,13,0
8501,2118,14,0
8501,2119,15,0
8501,2120,16,0
8501,2121,17,0
8501,7332,18,0
8501,7315,19,0
8501,9037,20,0
8501,7318,21,0
8501,8259,22,0
8501,8433,23,0
8501,9001,24,0
8501,8432,25,0
8501,8967,26,1
8600,8967,1,0
8600,8431,2,0
8600,9000,3,0
8600,6579,4,0
8600,7294,5,0
8600,7297,6,0
8600,6215,7,0
8600,6214,8,0
8600,8709,9,0
8600,2182,10,0
8600,2183,11,0
8600,8710,12,0
8600,8711,13,0
8600,8712,14,0
8600,8713,15,0
8600,8714,16,0
8600,8715,17,0
8600,8716,18,0
8600,8717,19,0
8600,8718,20,0
8600,8719,21,0
8600,8720,22,0
8600,8721,23,0
8600,8722,24,0
8600,2123,25,1
8601,2123,1,0
8601,8746,2,0
8601,8747,3,0
8601,8748,4,0
8601,8749,5,0
8601,8750,6,0
8601,8751,7,0
8601,8752,8,0
8601,8753,9,0
8601,8754,10,0
8601,8755,11,0
8601,2186,12,0
8601,8757,13,0
8601,2185,14,0
8601,2184,15,0
8601,8758,16,0
8601,6213,17,0
8601,6212,18,0
8601,9037,19,0
8601,7318,20,0
8601,8259,21,0
8601,8433,22,0
8601,9001,23,0
8601,8432,24,0
8601,8967,25,1
8700,7615,1,0
8700,7197,2,0
8700,8428,3,0
8700,8420,4,0
8700,8418,5,0
8700,8426,6,0
8700,8177,7,0
8700,7451,8,0
8700,8141,9,0
8700,8514,10,0
8700,2034,11,0
8700,8522,12,0
8700,8508,13,0
8700,6550,14,0
8700,6551,15,0
8700,6556,16,0
8700,6553,17,0
8700,6238,18,0
8700,6281,19,0
8700,6263,20,0
8700,6260,21,0
8700,6243,22,0
8700,6297,23,0
8700,7338,24,0
8700,7296,25,0
8700,7331,26,0
8700,7323,27,0
8700,7327,28,0
8700,7312,29,0
8700,7325,30,0
8700,7311,31,0
8700,7310,32,0
8700,7329,33,0
8700,8433,34,0
8700,9001,35,0
8700,8432,36,0
8700,8961,37,1
8701,8961,1,0
8701,8431,2,0
8701,9000,3,0
8701,6579,4,0
8701,7337,5,0
8701,2275,6,0
8701,7305,7,0
8701,7299,8,0
8701,7328,9,0
8701,7304,10,0
8701,7313,11,0
8701,7330,12,0
8701,7333,13,0
8701,6297,14,0
8701,6266,15,0
8701,6245,16,0
8701,6226,17,0
8701,6270,18,0
8701,6557,19,0
8701,6554,20,0
8701,6555,21,0
8701,6552,22,0
8701,8533,23,0
8701,8537,24,0
8701,8543,25,0
8701,6014,26,0
8701,8517,27,0
8701,8530,28,0
8701,8140,29,0
8701,8176,30,0
8701,8065,31,0
8701,8422,32,0
8701,8421,33,0
8701,8425,34,0
8701,8424,35,0
8701,8419,36,0
8701,8429,37,0
8701,8389,38,0
8701,7615,39,1
8800,8960,1,0
8800,2045,2,0
8800,2046,3,0
8800,2047,4,0
8800,2048,5,0
8800,2049,6,0
8800,2050,7,0
8800,2051,8,0
8800,2052,9,0
8800,2053,10,0
8800,6297,11,0
8800,6433,12,0
8800,6442,13,0
8800,6434,14,0
8800,8681,15,0
8800,8682,16,0
8800,8200,17,0
8800,9040,18,0
8800,8505,19,1
8801,8505,1,0
8801,9041,2,0
8801,8199,3,0
8801,9002,4,0
8801,6436,5,0
8801,6435,6,0
8801,6299,7,0
8801,2036,8,0
8801,2037,9,0
8801,2038,10,0
8801,2039,11,0
8801,2040,12,0
8801,2041,13,0
8801,2042,14,0
8801,2043,15,0
8801,2044,16,0
8801,8960,17,1
9000,8435,1,0
9000,8822,2,0
9000,8823,3,0
9000,8824,4,0
9000,8825,5,0
9000,8885,6,0
9000,7247,7,0
9000,8410,8,0
9000,8187,9,0
9000,8185,10,0
9000,8219,11,0
9000,8179,12,0
9000,8223,13,0
9000,8184,14,0
9000,6544,15,0
9000,8558,16,0
9000,8554,17,0
9000,8556,18,0
9000,8572,19,0
9000,8571,20,0
9000,2015,21,0
9000,8550,22,0
9000,8549,23,0
9000,8567,24,0
9000,8570,25,0
9000,8552,26,0
9000,6289,27,0
9000,6286,28,0
9000,6219,29,0
9000,6250,30,0
9000,6288,31,0
9000,6262,32,0
9000,6268,33,0
9000,6256,34,0
9000,6247,35,0
9000,6222,36,0
9000,6223,37,0
9000,6287,38,0
9000,6239,39,0
9000,8849,40,0
9000,7125,41,0
9000,8873,42,0
9000,8874,43,0
9000,8875,44,0
9000,8876,45,0
9000,8877,46,0
9000,9092,47,0
9000,6365,48,0
9000,6383,49,0
9000,7022,50,0
9000,2028,51,0
9000,2029,52,0
9000,2030,53,0
9000,2031,54,0
9000,2032,55,0
9000,6491,56,0
9000,6487,57,0
9000,6489,58,0
9000,6549,59,0
9000,2236,60,1
9001,2236,1,0
9001,6567,2,0
9001,6330,3,0
9001,6327,4,0
9001,6329,5,0
9001,2023,6,0
9001,2024,7,0
9001,2025,8,0
9001,2026,9,0
9001,2027,10,0
9001,7027,11,0
9001,6027,12,0
9001,6298,13,0
9001,2033,14,0
9001,8878,15,0
9001,8879,16,0
9001,8880,17,0
9001,8881,18,0
9001,8882,19,0
9001,7124,20,0
9001,8869,21,0
9001,6272,22,0
9001,6234,23,0
9001,6233,24,0
9001,6276,25,0
9001,6242,26,0
9001,6248,27,0
9001,6275,28,0
9001,6246,29,0
9001,6279,30,0
9001,6264,31,0
9001,6252,32,0
9001,6251,33,0
9001,6216,34,0
9001,6217,35,0
9001,6269,36,0
9001,6643,37,0
9001,8551,38,0
9001,8562,39,0
9001,8565,40,0
9001,8573,41,0
9001,2016,42,0
9001,8561,43,0
9001,8564,44,0
9001,8557,45,0
9001,8569,46,0
9001,8566,47,0
9001,8559,48,0
9001,6545,49,0
9001,8205,50,0
9001,8190,51,0
9001,8214,52,0
9001,8183,53,0
9001,8196,54,0
9001,8195,55,0
9001,8194,56,0
9001,8186,57,0
9001,8883,58,0
9001,8411,59,0
9001,7246,60,0
9001,8884,61,0
9001,8819,62,0
9001,9006,63,0
9001,8821,64,0
9001,8435,65,1
9100,8640,1,0
9100,7281,2,0
9100,7280,3,0
9100,6610,4,0
9100,6980,5,0
9100,6981,6,0
9100,6563,7,0
9100,6565,8,0
9100,6984,9,0
9100,6289,10,0
9100,6286,11,0
9100,6219,12,0
9100,6250,13,0
9100,6288,14,0
9100,6262,15,0
9100,6268,16,0
9100,6256,17,0
9100,6247,18,0
9100,6222,19,0
9100,6223,20,0
9100,6287,21,0
9100,6239,22,0
9100,8849,23,0
9100,7125,24,0
9100,8351,25,0
9100,2140,26,0
9100,2141,27,0
9100,2142,28,0
9100,2143,29,0
9100,2144,30,0
9100,2145,31,0
9100,2033,32,0
9100,8878,33,0
9100,8879,34,0
9100,2190,35,0
9100,2191,36,0
9100,2192,37,0
9100,6259,38,0
9100,2155,39,0
9100,6784,40,0
9100,6804,41,0
9100,6805,42,0
9100,6818,43,0
9100,9057,44,0
9100,6445,45,0
9100,2235,46,1
9101,2235,1,0
9101,6971,2,0
9101,9056,3,0
9101,6803,4,0
9101,6825,5,0
9101,6718,6,0
9101,2197,7,0
9101,6253,8,0
9101,6241,9,0
9101,2193,10,0
9101,2194,11,0
9101,2195,12,0
9101,2196,13,0
9101,8876,14,0
9101,8877,15,0
9101,9092,16,0
9101,2134,17,0
9101,2135,18,0
9101,2136,19,0
9101,2137,20,0
9101,2138,21,0
9101,2139,22,0
9101,8352,23,0
9101,7124,24,0
9101,8869,25,0
9101,6272,26,0
9101,6234,27,0
9101,6233,28,0
9101,6276,29,0
9101,6242,30,0
9101,6248,31,0
9101,6275,32,0
9101,6246,33,0
9101,6279,34,0
9101,6264,35,0
9101,6252,36,0
9101,6251,37,0
9101,6216,38,0
9101,6217,39,0
9101,6269,40,0
9101,6644,41,0
9101,6982,42,0
9101,6985,43,0
9101,8262,44,0
9101,6564,45,0
9101,6979,46,0
9101,2278,47,0
9101,7279,48,0
9101,7277,49,0
9101,8640,50,1
9300,6087,1,0
9300,2021,2,0
9300,6127,3,0
9300,2274,4,0
9300,6119,5,0
9300,6580,6,0
9300,6588,7,0
9300,6584,8,0
9300,6583,9,0
9300,6585,10,0
9300,7096,11,0
9300,7091,12,0
9300,7095,13,0
9300,7093,14,0
9300,6289,15,0
9300,6286,16,0
9300,6219,17,0
9300,6250,18,0
9300,6288,19,0
9300,6262,20,0
9300,6268,21,0
9300,6256,22,0
9300,6247,23,0
9300,6222,24,0
9300,6223,25,0
9300,6287,26,0
9300,6239,27,0
9300,6220,28,0
9300,6221,29,0
9300,6271,30,0
9300,6232,31,0
9300,6284,32,0
9300,6290,33,0
9300,6259,34,0
9300,9023,35,0
9300,6254,36,0
9300,6265,37,0
9300,6235,38,0
9300,6229,39,0
9300,6244,40,0
9300,6283,41,0
9300,9024,42,0
9300,6227,43,0
9300,6282,44,0
9300,6237,45,0
9300,6238,46,0
9300,6281,47,0
9300,6263,48,0
9300,6260,49,0
9300,6243,50,0
9300,6297,51,1
9301,6297,1,0
9301,6266,2,0
9301,6245,3,0
9301,6226,4,0
9301,6236,5,0
9301,6228,6,0
9301,6285,7,0
9301,6249,8,0
9301,6257,9,0
9301,6278,10,0
9301,6277,11,0
9301,6240,12,0
9301,6280,13,0
9301,6255,14,0
9301,6253,15,0
9301,6241,16,0
9301,6230,17,0
9301,6274,18,0
9301,6258,19,0
9301,6224,20,0
9301,6273,21,0
9301,2202,22,0
9301,6272,23,0
9301,6234,24,0
9301,6233,25,0
9301,6276,26,0
9301,6242,27,0
9301,6248,28,0
9301,6275,29,0
9301,6246,30,0
9301,6279,31,0
9301,6264,32,0
9301,6252,33,0
9301,6251,34,0
9301,6216,35,0
9301,6217,36,0
9301,6269,37,0
9301,7089,38,0
9301,7088,39,0
9301,7097,40,0
9301,6929,41,0
9301,6581,42,0
9301,6582,43,0
9301,6586,44,0
9301,6587,45,0
9301,6100,46,0
9301,6120,47,0
9301,2273,48,0
9301,6090,49,0
9301,6115,50,0
9301,6088,51,0
9301,6104,52,0
9301,6125,53,0
9301,6107,54,1
12300,2013,1,0
12300,6976,2,0
12300,8239,3,0
12300,6152,4,0
12300,7181,5,0
12300,7178,6,0
12300,6624,7,0
12300,6318,8,0
12300,6317,9,0
12300,6150,10,0
12300,6176,11,0
12300,6172,12,0
12300,6170,13,0
12300,6161,14,0
12300,6182,15,0
12300,6186,16,0
12300,6167,17,0
12300,6166,18,0
12300,6156,19,0
12300,6181,20,0
12300,6164,21,0
12300,6188,22,0
12300,6185,23,0
12300,6162,24,0
12300,6144,25,0
12300,6157,26,0
12300,6189,27,0
12300,2035,28,0
12300,6171,29,0
12300,6169,30,0
12300,6159,31,0
12300,6399,32,0
12300,6291,33,0
12300,8363,34,0
12300,8337,35,0
12300,8336,36,0
12300,8338,37,0
12300,6121,38,0
12300,6087,39,1
12301,6107,1,0
12301,6122,2,0
12301,8330,3,0
12301,8335,4,0
12301,2304,5,0
12301,8184,6,0
12301,6410,7,0
12301,6158,8,0
12301,6187,9,0
12301,6183,10,0
12301,6160,11,0
12301,6179,12,0
12301,6154,13,0
12301,6184,14,0
12301,6153,15,0
12301,6180,16,0
12301,6163,17,0
12301,6147,18,0
12301,6165,19,0
12301,6177,20,0
12301,6178,21,0
12301,6148,22,0
12301,6145,23,0
12301,6149,24,0
12301,6143,25,0
12301,6175,26,0
12301,6173,27,0
12301,6315,28,0
12301,6316,29,0
12301,6628,30,0
12301,7179,31,0
12301,7180,32,0
12301,6174,33,0
12301,6151,34,0
12301,8238,35,0
12301,6977,36,0
12301,6716,37,0
12301,6713,38,0
12301,6712,39,0
12301,9039,40,0
12301,2010,41,0
12301,2011,42,0
12301,2012,43,0
12301,2013,44,1
12700,2207,1,0
12700,2208,2,0
12700,2209,3,0
12700,6608,4,0
12700,6562,5,0
12700,6559,6,0
12700,6863,7,0
12700,6867,8,0
12700,6890,9,0
12700,6872,10,0
12700,6870,11,0
12700,6891,12,0
12700,6931,13,0
12700,8166,14,0
12700,8167,15,0
12700,6515,16,0
12700,6516,17,0
12700,6906,18,0
12700,6910,19,0
12700,6900,20,0
12700,6903,21,0
12700,6399,22,0
12700,6291,23,0
12700,8363,24,0
12700,8337,25,0
12700,8336,26,0
12700,8338,27,0
12700,6121,28,0
12700,6087,29,1
12701,6107,1,0
12701,6122,2,0
12701,8330,3,0
12701,8335,4,0
12701,2304,5,0
12701,8184,6,0
12701,6410,7,0
12701,6901,8,0
12701,6868,9,0
12701,6844,10,0
12701,6514,11,0
12701,6517,12,0
12701,8168,13,0
12701,8169,14,0
12701,6916,15,0
12701,6848,16,0
12701,6871,17,0
12701,6852,18,0
12701,6845,19,0
12701,6905,20,0
12701,6853,21,0
12701,6560,22,0
12701,6561,23,0
12701,2210,24,0
12701,2225,25,0
12701,2226,26,0
12701,2206,27,1
13500,6219,1,0
13500,6697,2,0
13500,6703,3,0
13500,2254,4,0
13500,2303,5,0
13500,6706,6,0
13500,6698,7,0
13500,7061,8,0
13500,2014,9,0
13500,6657,10,0
13500,6658,11,0
13500,6659,12,0
13500,9113,13,0
13500,7082,14,0
13500,7078,15,0
13500,7067,16,0
13500,7076,17,0
13500,7066,18,0
13500,7069,19,0
13500,7084,20,0
13500,7068,21,0
13500,7079,22,0
13500,7166,23,0
13500,7163,24,0
13500,7169,25,0
13500,7045,26,0
13500,8635,27,0
13500,6783,28,0
13500,6781,29,0
13500,6105,30,0
13500,6124,31,0
13500,8885,32,0
13500,7247,33,0
13500,8410,34,0
13500,8187,35,1
13501,8220,1,0
13501,8883,2,0
13501,8411,3,0
13501,7246,4,0
13501,8884,5,0
13501,6123,6,0
13501,6121,7,0
13501,6087,8,0
13501,6769,9,0
13501,6782,10,0
13501,8631,11,0
13501,8192,12,0
13501,6616,13,0
13501,6032,14,0
13501,8396,15,0
13501,7063,16,0
13501,7083,17,0
13501,7065,18,0
13501,7074,19,0
13501,7075,20,0
13501,7085,21,0
13501,7077,22,0
13501,6660,23,0
13501,7072,24,0
13501,9113,25,0
13501,8157,26,0
13501,8159,27,0
13501,8156,28,0
13501,6598,29,0
13501,7060,30,0
13501,7062,31,0
13501,2302,32,0
13501,6702,33,0
13501,6705,34,0
13501,7176,35,0
13501,6704,36,0
13501,6700,37,0
13501,6251,38,0
13501,6216,39,1
13600,2001,1,0
13600,2002,2,0
13600,2007,3,0
13600,6645,4,0
13600,6652,5,0
13600,6654,6,0
13600,6655,7,0
13600,6656,8,0
13600,7428,9,0
13600,7431,10,0
13600,7429,11,0
13600,7437,12,0
13600,7438,13,0
13600,7081,14,0
13600,7073,15,0
13600,9113,16,0
13600,7082,17,0
13600,8488,18,0
13600,8503,19,0
13600,8489,20,0
13600,8495,21,0
13600,8499,22,0
13600,7158,23,0
13600,7164,24,0
13600,7168,25,0
13600,7165,26,0
13600,7166,27,0
13600,7163,28,0
13600,7169,29,0
13600,7045,30,0
13600,8635,31,0
13600,6783,32,0
13600,6781,33,0
13600,6105,34,0
13600,6124,35,0
13600,8885,36,0
13600,7247,37,0
13600,8410,38,0
13600,8187,39,1
13601,8220,1,0
13601,8883,2,0
13601,8411,3,0
13601,7246,4,0
13601,8884,5,0
13601,6123,6,0
13601,6121,7,0
13601,6087,8,0
13601,6769,9,0
13601,6782,10,0
13601,8631,11,0
13601,8192,12,0
13601,6616,13,0
13601,6032,14,0
13601,7167,15,0
13601,7170,16,0
13601,7171,17,0
13601,7172,18,0
13601,8494,19,0
13601,8492,20,0
13601,8491,21,0
13601,8497,22,0
13601,8496,23,0
13601,7086,24,0
13601,7072,25,0
13601,9113,26,0
13601,7064,27,0
13601,7080,28,0
13601,7427,29,0
13601,2188,30,0
13601,7434,31,0
13601,7435,32,0
13601,7430,33,0
13601,7436,34,0
13601,7433,35,0
13601,6653,36,0
13601,6650,37,0
13601,6649,38,0
13601,6648,39,0
13601,6647,40,0
13601,2008,41,0
13601,2003,42,0
13601,2000,43,1
13700,9080,1,0
13700,9081,2,0
13700,9082,3,0
13700,9083,4,0
13700,9084,5,0
13700,9085,6,0
13700,7073,7,0
13700,9114,8,0
13700,7082,9,0
13700,8488,10,0
13700,8503,11,0
13700,8489,12,0
13700,8495,13,0
13700,8499,14,0
13700,8493,15,0
13700,8490,16,0
13700,2299,17,0
13700,8250,18,0
13700,8248,19,0
13700,8242,20,0
13700,8243,21,0
13700,6609,22,0
13700,6615,23,0
13700,7045,24,0
13700,8635,25,0
13700,6783,26,0
13700,6781,27,0
13700,6105,28,0
13700,6124,29,0
13700,8885,30,0
13700,7247,31,0
13700,8410,32,0
13700,8187,33,1
13701,8220,1,0
13701,8883,2,0
13701,8411,3,0
13701,7246,4,0
13701,8884,5,0
13701,6123,6,0
13701,6121,7,0
13701,6087,8,0
13701,6769,9,0
13701,6782,10,0
13701,8631,11,0
13701,8192,12,0
13701,6616,13,0
13701,9042,14,0
13701,6614,15,0
13701,6613,16,0
13701,8245,17,0
13701,8244,18,0
13701,8249,19,0
13701,8247,20,0
13701,8246,21,0
13701,8494,22,0
13701,8492,23,0
13701,8491,24,0
13701,8497,25,0
13701,8496,26,0
13701,7086,27,0
13701,7072,28,0
13701,9114,29,0
13701,9086,30,0
13701,9087,31,0
13701,9088,32,0
13701,9089,33,0
13701,9090,34,0
13701,9091,35,1
13800,6600,1,0
13800,7019,2,0
13800,7024,3,0
13800,7016,4,0
13800,9043,5,0
13800,8692,6,0
13800,9035,7,0
13800,9036,8,0
13800,7425,9,0
13800,7424,10,0
13800,7428,11,0
13800,7431,12,0
13800,7429,13,0
13800,7437,14,0
13800,7438,15,0
13800,7081,16,0
13800,7073,17,0
13800,9114,18,0
13800,7082,19,0
13800,8488,20,0
13800,8503,21,0
13800,8489,22,0
13800,6602,23,0
13800,6604,24,0
13800,7162,25,0
13800,7158,26,0
13800,7164,27,0
13800,7168,28,0
13800,7165,29,0
13800,7166,30,0
13800,7163,31,0
13800,7169,32,0
13800,7045,33,0
13800,8635,34,0
13800,6783,35,0
13800,6781,36,0
13800,6105,37,0
13800,6124,38,0
13800,8885,39,0
13800,7247,40,0
13800,8410,41,0
13800,8187,42,1
13801,8220,1,0
13801,8883,2,0
13801,8411,3,0
13801,7246,4,0
13801,8884,5,0
13801,6123,6,0
13801,6121,7,0
13801,6087,8,0
13801,6769,9,0
13801,6782,10,0
13801,8631,11,0
13801,8192,12,0
13801,6616,13,0
13801,6032,14,0
13801,7167,15,0
13801,7170,16,0
13801,7171,17,0
13801,7172,18,0
13801,6597,19,0
13801,6605,20,0
13801,8491,21,0
13801,8497,22,0
13801,8496,23,0
13801,7086,24,0
13801,7072,25,0
13801,9114,26,0
13801,7064,27,0
13801,7080,28,0
13801,7427,29,0
13801,2188,30,0
13801,7434,31,0
13801,7435,32,0
13801,7430,33,0
13801,7436,34,0
13801,7433,35,0
13801,9025,36,0
13801,9026,37,0
13801,9027,38,0
13801,9028,39,0
13801,9029,40,0
13801,9030,41,0
13801,7015,42,0
13801,7028,43,0
13801,7023,44,0
13801,6601,45,1
15800,8220,1,0
15800,8883,2,0
15800,8411,3,0
15800,7246,4,0
15800,8884,5,0
15800,6123,6,0
15800,6121,7,0
15800,6087,8,0
15800,7602,9,0
15800,6063,10,0
15800,8059,11,0
15800,8943,12,0
15800,8589,13,0
15800,8596,14,0
15800,8591,15,0
15800,8597,16,0
15800,8595,17,0
15800,6292,18,0
15800,6633,19,0
15800,6635,20,0
15800,6630,21,0
15800,6636,22,0
15800,6294,23,0
15800,6293,24,0
15800,7460,25,0
15800,8400,26,0
15800,8575,27,0
15800,8576,28,0
15800,7148,29,0
15800,6575,30,0
15800,6574,31,0
15800,6576,32,0
15800,2272,33,0
15800,2267,34,0
15800,2268,35,0
15800,2269,36,0
15800,8955,37,1
15801,8955,1,0
15801,2255,2,0
15801,2256,3,0
15801,2257,4,0
15801,2258,5,0
15801,2259,6,0
15801,2204,7,0
15801,2260,8,0
15801,2261,9,0
15801,2262,10,0
15801,2263,11,0
15801,2264,12,0
15801,2265,13,0
15801,2266,14,0
15801,6632,15,0
15801,6629,16,0
15801,6631,17,0
15801,6634,18,0
15801,8588,19,0
15801,8593,20,0
15801,8601,21,0
15801,8602,22,0
15801,8600,23,0
15801,8637,24,0
15801,8042,25,0
15801,6030,26,0
15801,7602,27,0
15801,6125,28,0
15801,6105,29,0
15801,6124,30,0
15801,8885,31,0
15801,7247,32,0
15801,8410,33,0
15801,8187,34,1
15900,8220,1,0
15900,8883,2,0
15900,8411,3,0
15900,7246,4,0
15900,8884,5,0
15900,6123,6,0
15900,6121,7,0
15900,6087,8,0
15900,7601,9,0
15900,6063,10,0
15900,8059,11,0
15900,8941,12,0
15900,8949,13,0
15900,6474,14,0
15900,6476,15,0
15900,6482,16,0
15900,6477,17,1
15901,6477,1,0
15901,6475,2,0
15901,6048,3,0
15901,6047,4,0
15901,6049,5,0
15901,6046,6,0
15901,6467,7,0
15901,6468,8,0
15901,6469,9,0
15901,6464,10,0
15901,6465,11,0
15901,6463,12,0
15901,6473,13,0
15901,6471,14,0
15901,6470,15,0
15901,6472,16,0
15901,6466,17,0
15901,6542,18,0
15901,6480,19,0
15901,6479,20,0
15901,6478,21,0
15901,6481,22,0
15901,8949,23,0
15901,8947,24,0
15901,8042,25,0
15901,6030,26,0
15901,7601,27,0
15901,6105,28,0
15901,6124,29,0
15901,8885,30,0
15901,7247,31,0
15901,8410,32,0
15901,8187,33,1
16100,7102,1,0
16100,7113,2,0
16100,8280,3,0
16100,8282,4,0
16100,8506,5,0
16100,8507,6,0
16100,7001,7,0
16100,7002,8,0
16100,7003,9,0
16100,7000,10,0
16100,7118,11,0
16100,7115,12,0
16100,7105,13,0
16100,7109,14,0
16100,7104,15,0
16100,7103,16,0
16100,6942,17,0
16100,6945,18,0
16100,6946,19,0
16100,6944,20,0
16100,2240,21,0
16100,2241,22,0
16100,2230,23,0
16100,2231,24,0
16100,6671,25,0
16100,2227,26,0
16100,6424,27,0
16100,6426,28,0
16100,6427,29,0
16100,6421,30,0
16100,8024,31,0
16100,8025,32,0
16100,7399,33,0
16100,6478,34,0
16100,6481,35,0
16100,8950,36,0
16100,8637,37,0
16100,8042,38,0
16100,6030,39,0
16100,7602,40,0
16100,6105,41,0
16100,6124,42,0
16100,8885,43,0
16100,7247,44,0
16100,8410,45,0
16100,8187,46,1
16101,8220,1,0
16101,8883,2,0
16101,8411,3,0
16101,7246,4,0
16101,8884,5,0
16101,6123,6,0
16101,6121,7,0
16101,6087,8,0
16101,7602,9,0
16101,6063,10,0
16101,8059,11,0
16101,8940,12,0
16101,8950,13,0
16101,6474,14,0
16101,7398,15,0
16101,8027,16,0
16101,8026,17,0
16101,6422,18,0
16101,6423,19,0
16101,2307,20,0
16101,6428,21,0
16101,2229,22,0
16101,6666,23,0
16101,6669,24,0
16101,6668,25,0
16101,2232,26,0
16101,2233,27,0
16101,2238,28,0
16101,2239,29,0
16101,6941,30,0
16101,6947,31,0
16101,6948,32,0
16101,6943,33,0
16101,7106,34,0
16101,7112,35,0
16101,7108,36,0
16101,7114,37,0
16101,7110,38,0
16101,7111,39,0
16101,7117,40,0
16101,7116,41,0
16101,7102,42,1
16500,8220,1,0
16500,8883,2,0
16500,8411,3,0
16500,7246,4,0
16500,8884,5,0
16500,6124,6,0
16500,6121,7,0
16500,6087,8,0
16500,7602,9,0
16500,6063,10,0
16500,8059,11,0
16500,8940,12,0
16500,8950,13,0
16500,6335,14,0
16500,6353,15,0
16500,6338,16,0
16500,6349,17,0
16500,6332,18,0
16500,6352,19,0
16500,6341,20,0
16500,6056,21,0
16500,6059,22,0
16500,2205,23,1
16501,2205,1,0
16501,6054,2,0
16501,6051,3,0
16501,6058,4,0
16501,6055,5,0
16501,2244,6,0
16501,2245,7,0
16501,2246,8,0
16501,2247,9,0
16501,6336,10,0
16501,6342,11,0
16501,6321,12,0
16501,6322,13,0
16501,6053,14,0
16501,6057,15,0
16501,6060,16,0
16501,6050,17,0
16501,6345,18,0
16501,6348,19,0
16501,6350,20,0
16501,6343,21,0
16501,6347,22,0
16501,6344,23,0
16501,6351,24,0
16501,8950,25,0
16501,8637,26,0
16501,8042,27,0
16501,6030,28,0
16501,7602,29,0
16501,6105,30,0
16501,6124,31,0
16501,8885,32,0
16501,7247,33,0
16501,8410,34,0
16501,8187,35,1
18200,8363,1,0
18200,8337,2,0
18200,8336,3,0
18200,8338,4,0
18200,6121,5,0
18200,6087,6,0
18200,2021,7,0
18200,6127,8,0
18200,8515,9,0
18200,6550,10,0
18200,6551,11,0
18200,6556,12,0
18200,6553,13,0
18200,6238,14,0
18200,6281,15,0
18200,6263,16,0
18200,6260,17,0
18200,6243,18,0
18200,6297,19,0
18200,6433,20,0
18200,6442,21,0
18200,6434,22,0
18200,6429,23,0
18200,6267,24,0
18200,6443,25,0
18200,6441,26,0
18200,6440,27,0
18200,6681,28,0
18200,6642,29,0
18200,6689,30,0
18200,6679,31,0
18200,6686,32,0
18200,6683,33,0
18200,6691,34,0
18200,6694,35,0
18200,6696,36,0
18200,6682,37,0
18200,7208,38,0
18200,7206,39,0
18200,7288,40,0
18200,7289,41,0
18200,7340,42,0
18200,8359,43,0
18200,8355,44,0
18200,8356,45,0
18200,8357,46,0
18200,2185,47,0
18200,2184,48,0
18200,8758,49,0
18200,6213,50,0
18200,6212,51,0
18200,9037,52,0
18200,7318,53,0
18200,8259,54,0
18200,8433,55,0
18200,9001,56,0
18200,8432,57,0
18200,8958,58,1
18201,8958,1,0
18201,8431,2,0
18201,9000,3,0
18201,6579,4,0
18201,7294,5,0
18201,7297,6,0
18201,6215,7,0
18201,6214,8,0
18201,8709,9,0
18201,2182,10,0
18201,2183,11,0
18201,8353,12,0
18201,8354,13,0
18201,8358,14,0
18201,8360,15,0
18201,7339,16,0
18201,7287,17,0
18201,7286,18,0
18201,7204,19,0
18201,7207,20,0
18201,6690,21,0
18201,6695,22,0
18201,6692,23,0
18201,6684,24,0
18201,6693,25,0
18201,6687,26,0
18201,6685,27,0
18201,6680,28,0
18201,6651,29,0
18201,6688,30,0
18201,6430,31,0
18201,6431,32,0
18201,6439,33,0
18201,6444,34,0
18201,6438,35,0
18201,6436,36,0
18201,6435,37,0
18201,6299,38,0
18201,6266,39,0
18201,6245,40,0
18201,6226,41,0
18201,6270,42,0
18201,6557,43,0
18201,6554,44,0
18201,6555,45,0
18201,6552,46,0
18201,8532,47,0
18201,6090,48,0
18201,6115,49,0
18201,6105,50,0
18201,6122,51,0
18201,8330,52,0
18201,8335,53,0
18201,2304,54,1
18300,8363,1,0
18300,8337,2,0
18300,8336,3,0
18300,8338,4,0
18300,6121,5,0
18300,6087,6,0
18300,2021,7,0
18300,6127,8,0
18300,8515,9,0
18300,8959,10,0
18300,2054,11,0
18300,2055,12,0
18300,2056,13,0
18300,2057,14,0
18300,2058,15,0
18300,2059,16,0
18300,2060,17,0
18300,2061,18,0
18300,2062,19,0
18300,2063,20,0
18300,2064,21,0
18300,2065,22,0
18300,2066,23,0
18300,2067,24,0
18300,7302,25,0
18300,7319,26,0
18300,7317,27,0
18300,7334,28,0
18300,7359,29,0
18300,8701,30,0
18300,8340,31,0
18300,8342,32,1
18301,8342,1,0
18301,8341,2,0
18301,7335,3,0
18301,7326,4,0
18301,7308,5,0
18301,7316,6,0
18301,7324,7,0
18301,2068,8,0
18301,2069,9,0
18301,2070,10,0
18301,7292,11,0
18301,2073,12,0
18301,2074,13,0
18301,2075,14,0
18301,2076,15,0
18301,2077,16,0
18301,2078,17,0
18301,2079,18,0
18301,2080,19,0
18301,2081,20,0
18301,8959,21,0
18301,8532,22,0
18301,6090,23,0
18301,6115,24,0
18301,6105,25,0
18301,6122,26,0
18301,8330,27,0
18301,8335,28,0
18301,2304,29,1
18500,8363,1,0
18500,8337,2,0
18500,8336,3,0
18500,8338,4,0
18500,6121,5,0
18500,6087,6,0
18500,2021,7,0
18500,6127,8,0
18500,8515,9,0
18500,8959,10,0
18500,8431,11,0
18500,9000,12,0
18500,6579,13,0
18500,7294,14,0
18500,7297,15,0
18500,7295,16,0
18500,7307,17,0
18500,7306,18,0
18500,7314,19,0
18500,7322,20,0
18500,7233,21,1
18501,7233,1,0
18501,7226,2,0
18501,7225,3,0
18501,9005,4,0
18501,7237,5,0
18501,2111,6,0
18501,2112,7,0
18501,2113,8,0
18501,2114,9,0
18501,2115,10,0
18501,2116,11,0
18501,2117,12,0
18501,7228,13,0
18501,2118,14,0
18501,2119,15,0
18501,2120,16,0
18501,2121,17,0
18501,7332,18,0
18501,7315,19,0
18501,9037,20,0
18501,7318,21,0
18501,8259,22,0
18501,8433,23,0
18501,9001,24,0
18501,8432,25,0
18501,8959,26,0
18501,8532,27,0
18501,6090,28,0
18501,6115,29,0
18501,6105,30,0
18501,6122,31,0
18501,8330,32,0
18501,8335,33,0
18501,2304,34,1
18600,8363,1,0
18600,8337,2,0
18600,8336,3,0
18600,8338,4,0
18600,6121,5,0
18600,6087,6,0
18600,2021,7,0
18600,6127,8,0
18600,8515,9,0
18600,8959,10,0
18600,8431,11,0
18600,9000,12,0
18600,6579,13,0
18600,7294,14,0
18600,7297,15,0
18600,6215,16,0
18600,6214,17,0
18600,8709,18,0
18600,2182,19,0
18600,2183,20,0
18600,8710,21,0
18600,8711,22,0
18600,8712,23,0
18600,8713,24,0
18600,8714,25,0
18600,8715,26,0
18600,8716,27,0
18600,8717,28,0
18600,8718,29,0
18600,8719,30,0
18600,8720,31,0
18600,8721,32,0
18600,8722,33,0
18600,2123,34,1
18601,2123,1,0
18601,8746,2,0
18601,8747,3,0
18601,8748,4,0
18601,8749,5,0
18601,8750,6,0
18601,8751,7,0
18601,8752,8,0
18601,8753,9,0
18601,8754,10,0
18601,8755,11,0
18601,2186,12,0
18601,8757,13,0
18601,2185,14,0
18601,2184,15,0
18601,8758,16,0
18601,6213,17,0
18601,6212,18,0
18601,9037,19,0
18601,7318,20,0
18601,8259,21,0
18601,8433,22,0
18601,9001,23,0
18601,8432,24,0
18601,8959,25,0
18601,8532,26,0
18601,6090,27,0
18601,6115,28,0
18601,6105,29,0
18601,6122,30,0
18601,8330,31,0
18601,8335,32,0
18601,2304,33,1
19400,2234,1,0
19400,6567,2,0
19400,6330,3,0
19400,6327,4,0
19400,6329,5,0
19400,2023,6,0
19400,2024,7,0
19400,2025,8,0
19400,2026,9,0
19400,2027,10,0
19400,6298,11,0
19400,6783,12,0
19400,6781,13,0
19400,6105,14,0
19400,6122,15,0
19400,8330,16,0
19400,8335,17,0
19400,2304,18,1
19401,8363,1,0
19401,8337,2,0
19401,8336,3,0
19401,8338,4,0
19401,6121,5,0
19401,6087,6,0
19401,6769,7,0
19401,6782,8,0
19401,8631,9,0
19401,6365,10,0
19401,6383,11,0
19401,7022,12,0
19401,2028,13,0
19401,2029,14,0
19401,2030,15,0
19401,2031,16,0
19401,2032,17,0
19401,6491,18,0
19401,6487,19,0
19401,6489,20,0
19401,6549,21,0
19401,2234,22,1
19600,8363,1,0
19600,8337,2,0
19600,8336,3,0
19600,8338,4,0
19600,6121,5,0
19600,6087,6,0
19600,6769,7,0
19600,6782,8,0
19600,8631,9,0
19600,8192,10,0
19600,6219,11,0
19600,6250,12,0
19600,6288,13,0
19600,6262,14,0
19600,7025,15,0
19600,7019,16,0
19600,7024,17,0
19600,7016,18,0
19600,6803,19,0
19600,6825,20,0
19600,6131,21,0
19600,6140,22,0
19600,6139,23,0
19600,6142,24,0
19600,6132,25,0
19600,6134,26,0
19600,6141,27,0
19600,7189,28,0
19600,7190,29,0
19600,7192,30,0
19600,7194,31,0
19600,6227,32,0
19600,6282,33,0
19600,6237,34,0
19600,6238,35,0
19600,8227,36,0
19600,8230,37,0
19600,8229,38,0
19600,8173,39,0
19600,8170,40,0
19600,8174,41,0
19600,8226,42,0
19600,8228,43,1
19601,8227,1,0
19601,8230,2,0
19601,8229,3,0
19601,8173,4,0
19601,8170,5,0
19601,8174,6,0
19601,8226,7,0
19601,8228,8,0
19601,6236,9,0
19601,6228,10,0
19601,6285,11,0
19601,6249,12,0
19601,6261,13,0
19601,7193,14,0
19601,7195,15,0
19601,7191,16,0
19601,6133,17,0
19601,6137,18,0
19601,6129,19,0
19601,6136,20,0
19601,6138,21,0
19601,6135,22,0
19601,6130,23,0
19601,6804,24,0
19601,6805,25,0
19601,6818,26,0
19601,7015,27,0
19601,7028,28,0
19601,7023,29,0
19601,7045,30,0
19601,8635,31,0
19601,6783,32,0
19601,6781,33,0
19601,6105,34,0
19601,6122,35,0
19601,8330,36,0
19601,8335,37,0
19601,2304,38,1
32000,9061,1,0
32000,7610,2,0
32000,8030,3,0
32000,9003,4,0
32000,8699,5,0
32000,8704,6,0
32000,9011,7,0
32000,9013,8,0
32000,9014,9,0
32000,8696,10,0
32000,8695,11,1
32001,8695,1,0
32001,8697,2,0
32001,9015,3,0
32001,9012,4,0
32001,8705,5,0
32001,8698,6,0
32001,9004,7,0
32001,8030,8,0
32001,7610,9,0
32001,9061,10,1
33000,9061,1,0
33000,7618,2,0
33000,6940,3,1
33001,6940,1,0
33001,7618,2,0
33001,9061,3,1
37000,9061,1,0
37000,7609,2,0
37000,7173,3,0
37000,6943,4,0
37000,8394,5,1
37001,8394,1,0
37001,6942,2,0
37001,7175,3,0
37001,7609,4,0
37001,9061,5,1
40100,8394,1,0
40100,8909,2,0
40100,9079,3,0
40100,8910,4,0
40100,8911,5,0
40100,8912,6,0
40100,8913,7,0
40100,8914,8,0
40100,8915,9,0
40100,8916,10,0
40100,8687,11,0
40100,8688,12,0
40100,8917,13,0
40100,8918,14,0
40100,8919,15,0
40100,8920,16,0
40100,8921,17,0
40100,8922,18,0
40100,2271,19,0
40100,8923,20,0
40100,8924,21,0
40100,8693,22,0
40100,8925,23,0
40100,8926,24,0
40100,8049,25,0
40100,8927,26,0
40100,8928,27,0
40100,8827,28,0
40100,8929,29,0
40100,8930,30,0
40100,8931,31,0
40100,8932,32,0
40100,8933,33,0
40100,8934,34,0
40100,8935,35,0
40100,8936,36,0
40100,8937,37,0
40100,8938,38,0
40100,8939,39,0
40100,9009,40,0
40100,6480,41,0
40100,6479,42,0
40100,6478,43,0
40100,6481,44,0
40100,8954,45,1
40101,8954,1,0
40101,6474,2,0
40101,6476,3,0
40101,6482,4,0
40101,6477,5,0
40101,6475,6,0
40101,9010,7,0
40101,8759,8,0
40101,8760,9,0
40101,8761,10,0
40101,8762,11,0
40101,8763,12,0
40101,8764,13,0
40101,8765,14,0
40101,8766,15,0
40101,8767,16,0
40101,8768,17,0
40101,8769,18,0
40101,8814,19,0
40101,8770,20,0
40101,8771,21,0
40101,8048,22,0
40101,8772,23,0
40101,8773,24,0
40101,8774,25,0
40101,8775,26,0
40101,8817,27,0
40101,8776,28,0
40101,8777,29,0
40101,8778,30,0
40101,8779,31,0
40101,8780,32,0
40101,8781,33,0
40101,8844,34,0
40101,8818,35,0
40101,8782,36,0
40101,8783,37,0
40101,8784,38,0
40101,8785,39,0
40101,8786,40,0
40101,8787,41,0
40101,8788,42,0
40101,9078,43,0
40101,8909,44,0
40101,8394,45,1
41500,8641,1,0
41500,7283,2,0
41500,7274,3,0
41500,6398,4,0
41500,6411,5,0
41500,6410,6,0
41500,8089,7,0
41500,8083,8,0
41500,8101,9,0
41500,8107,10,0
41500,8100,11,0
41500,8081,12,0
41500,8090,13,0
41500,8093,14,0
41500,8091,15,0
41500,8092,16,0
41500,8087,17,0
41500,8082,18,0
41500,8125,19,0
41500,8113,20,0
41500,8114,21,0
41500,8112,22,0
41500,8103,23,0
41500,8109,24,0
41500,8106,25,0
41500,8124,26,0
41500,8123,27,0
41500,8110,28,0
41500,8117,29,0
41500,8627,30,1
41501,8627,1,0
41501,8094,2,0
41501,8111,3,0
41501,8084,4,0
41501,8105,5,0
41501,8104,6,0
41501,8102,7,0
41501,8095,8,0
41501,8115,9,0
41501,8096,10,0
41501,8108,11,0
41501,8080,12,0
41501,8088,13,0
41501,8121,14,0
41501,8120,15,0
41501,8119,16,0
41501,8116,17,0
41501,8097,18,0
41501,8118,19,0
41501,8099,20,0
41501,8122,21,0
41501,8098,22,0
41501,8086,23,0
41501,6399,24,0
41501,6415,25,0
41501,6408,26,0
41501,7275,27,0
41501,8641,28,1
43300,6940,1,0
43300,6824,2,0
43300,6822,3,0
43300,6814,4,0
43300,6813,5,0
43300,6829,6,0
43300,6801,7,0
43300,6810,8,0
43300,6808,9,0
43300,2276,10,0
43300,6828,11,0
43300,6807,12,0
43300,6823,13,0
43300,6930,14,0
43300,6816,15,0
43300,6812,16,0
43300,2019,17,0
43300,8886,18,0
43300,6549,19,0
43300,2237,20,0
43300,6971,21,0
43300,6840,22,0
43300,7212,23,0
43300,7216,24,0
43300,7217,25,0
43300,8056,26,0
43300,7026,27,0
43300,2310,28,0
43300,7027,29,0
43300,6027,30,0
43300,7031,31,0
43300,7372,32,0
43300,7030,33,0
43300,7020,34,0
43300,7015,35,0
43300,7028,36,0
43300,7023,37,0
43300,6601,38,0
43300,6593,39,0
43300,6596,40,0
43300,6599,41,0
43300,6660,42,0
43300,7072,43,0
43300,9109,44,1
43301,9109,1,0
43301,7082,2,0
43301,7078,3,0
43301,6595,4,0
43301,6598,5,0
43301,6594,6,0
43301,6607,7,0
43301,6600,8,0
43301,7019,9,0
43301,7024,10,0
43301,7016,11,0
43301,7021,12,0
43301,7278,13,0
43301,7017,14,0
43301,6383,15,0
43301,7022,16,0
43301,2309,17,0
43301,7014,18,0
43301,6067,19,0
43301,6168,20,0
43301,6218,21,0
43301,6231,22,0
43301,6533,23,0
43301,6622,24,0
43301,8886,25,0
43301,6549,26,0
43301,2237,27,0
43301,6971,28,0
43301,2020,29,0
43301,6830,30,0
43301,6817,31,0
43301,6819,32,0
43301,6811,33,0
43301,6820,34,0
43301,2277,35,0
43301,6809,36,0
43301,6806,37,0
43301,6821,38,0
43301,6802,39,0
43301,6826,40,0
43301,6831,41,0
43301,6827,42,0
43301,6815,43,0
43301,6940,44,1
1000600,8962,1,0
1000600,7466,2,0
1000600,8017,3,0
1000600,7481,4,0
1000600,7464,5,0
1000600,7479,6,0
1000600,9007,7,0
1000600,7485,8,0
1000600,8008,9,0
1000600,7476,10,0
1000600,7493,11,0
1000600,8016,12,0
1000600,8057,13,0
1000600,6029,14,0
1000600,6030,15,0
1000600,6025,16,0
1000600,7604,17,1
1000601,7604,1,0
1000601,6026,2,0
1000601,6063,3,0
1000601,6028,4,0
1000601,8035,5,0
1000601,7468,6,0
1000601,7480,7,0
1000601,8006,8,0
1000601,7496,9,0
1000601,8003,10,0
1000601,7465,11,0
1000601,8009,12,0
1000601,7470,13,0
1000601,8010,14,0
1000601,7482,15,0
1000601,7467,16,0
1000601,6066,17,0
1000601,8962,18,1
1000700,7378,1,0
1000700,7360,2,0
1000700,8165,3,0
1000700,7049,4,0
1000700,7048,5,0
1000700,7047,6,0
1000700,7050,7,0
1000700,6734,8,0
1000700,7370,9,0
1000700,7362,10,0
1000700,7365,11,0
1000700,7364,12,0
1000700,6770,13,0
1000700,6783,14,0
1000700,6776,15,0
1000700,6777,16,0
1000700,6781,17,0
1000700,6774,18,0
1000700,6780,19,0
1000700,6786,20,0
1000700,6790,21,0
1000700,6771,22,0
1000700,6107,23,1
1000701,6107,1,0
1000701,6103,2,0
1000701,6102,3,0
1000701,6124,4,0
1000701,6114,5,0
1000701,6097,6,0
1000701,8294,7,0
1000701,8292,8,0
1000701,8300,9,0
1000701,8301,10,0
1000701,8298,11,0
1000701,8297,12,0
1000701,8220,13,0
1000701,8187,14,0
1000701,8185,15,0
1000701,8219,16,0
1000701,8179,17,0
1000701,8223,18,0
1000701,8184,19,0
1000701,8206,20,0
1000701,8221,21,0
1000701,8222,22,0
1000701,8181,23,0
1000701,8201,24,0
1000701,8215,25,0
1000701,8192,26,0
1000701,8209,27,0
1000701,8217,28,0
1000701,8204,29,0
1000701,8207,30,0
1000701,8191,31,0
1000701,8211,32,0
1000701,7131,33,0
1000701,7130,34,0
1000701,7378,35,1
1000900,6107,1,0
1000900,6103,2,0
1000900,6102,3,0
1000900,6122,4,0
1000900,8331,5,0
1000900,8330,6,0
1000900,8334,7,0
1000900,8335,8,0
1000900,2304,9,0
1000900,8261,10,0
1000900,8138,11,0
1000900,8148,12,0
1000900,8137,13,0
1000900,8134,14,0
1000900,8146,15,0
1000900,6495,16,0
1000900,6413,17,0
1000900,6414,18,0
1000900,7275,19,0
1000900,8640,20,0
1000900,7283,21,0
1000900,7274,22,0
1000900,6398,23,0
1000900,6411,24,0
1000900,6410,25,0
1000900,6901,26,0
1000900,6868,27,0
1000900,6844,28,0
1000900,6856,29,0
1000900,6850,30,0
1000900,6869,31,0
1000900,6848,32,0
1000900,6871,33,0
1000900,6852,34,0
1000900,6845,35,0
1000900,6905,36,0
1000900,6853,37,0
1000900,6857,38,0
1000900,6907,39,0
1000900,6892,40,0
1000900,6874,41,0
1000900,6897,42,0
1000900,6799,43,0
1000900,6798,44,0
1000900,6795,45,0
1000900,6898,46,0
1000900,6915,47,0
1000900,6893,48,0
1000900,6846,49,0
1000900,6862,50,0
1000900,6911,51,0
1000900,6800,52,0
1000900,6859,53,1
1000901,6859,1,0
1000901,6908,2,0
1000901,6855,3,0
1000901,6861,4,0
1000901,6854,5,0
1000901,6877,6,0
1000901,6876,7,0
1000901,6899,8,0
1000901,6849,9,0
1000901,6799,10,0
1000901,6798,11,0
1000901,6795,12,0
1000901,6904,13,0
1000901,6875,14,0
1000901,6858,15,0
1000901,6873,16,0
1000901,6864,17,0
1000901,6866,18,0
1000901,6863,19,0
1000901,6867,20,0
1000901,6890,21,0
1000901,6872,22,0
1000901,6870,23,0
1000901,6891,24,0
1000901,6860,25,0
1000901,6909,26,0
1000901,6906,27,0
1000901,6910,28,0
1000901,6900,29,0
1000901,6903,30,0
1000901,6399,31,0
1000901,6415,32,0
1000901,6408,33,0
1000901,7275,34,0
1000901,8641,35,0
1000901,7283,36,0
1000901,7274,37,0
1000901,6409,38,0
1000901,6403,39,0
1000901,6407,40,0
1000901,6494,41,0
1000901,8135,42,0
1000901,8133,43,0
1000901,8136,44,0
1000901,8147,45,0
1000901,8149,46,0
1000901,8150,47,0
1000901,6291,48,0
1000901,8363,49,0
1000901,8337,50,0
1000901,8333,51,0
1000901,8336,52,0
1000901,8327,53,0
1000901,8338,54,0
1000901,6121,55,0
1000901,6085,56,0
1000901,6087,57,1
1003000,9112,1,0
1003000,9086,2,0
1003000,9087,3,0
1003000,9088,4,0
1003000,9089,5,0
1003000,9090,6,0
1003000,9091,7,0
1003000,7427,8,0
1003000,2188,9,0
1003000,7434,10,0
1003000,7435,11,0
1003000,7430,12,0
1003000,7436,13,0
1003000,7433,14,0
1003000,9025,15,0
1003000,9026,16,0
1003000,9027,17,0
1003000,9028,18,0
1003000,9029,19,0
1003000,9030,20,1
1003001,9030,1,0
1003001,7015,2,0
1003001,7028,3,0
1003001,7023,4,0
1003001,2001,5,0
1003001,2002,6,0
1003001,2007,7,0
1003001,6596,8,0
1003001,6599,9,0
1003001,6660,10,0
1003001,7072,11,0
1003001,9112,12,1
1005100,7616,1,0
1005100,7128,2,0
1005100,7129,3,0
1005100,8510,4,0
1005100,8525,5,0
1005100,8524,6,0
1005100,8523,7,0
1005100,8531,8,0
1005100,8509,9,0
1005100,8545,10,0
1005100,8513,11,0
1005100,8516,12,0
1005100,9053,13,0
1005100,8534,14,0
1005100,8544,15,0
1005100,8075,16,0
1005100,8077,17,0
1005100,8076,18,0
1005100,6083,19,0
1005100,2297,20,0
1005100,2298,21,0
1005100,8074,22,1
1005101,8074,1,0
1005101,8072,2,0
1005101,8071,3,0
1005101,8070,4,0
1005101,8078,5,0
1005101,8512,6,0
1005101,8521,7,0
1005101,8541,8,0
1005101,8529,9,0
1005101,8526,10,0
1005101,8546,11,0
1005101,8539,12,0
1005101,8540,13,0
1005101,8542,14,0
1005101,8538,15,0
1005101,8127,16,0
1005101,7145,17,0
1005101,7196,18,0
1005101,7616,19,1
1016800,8220,1,0
1016800,8883,2,0
1016800,8411,3,0
1016800,7246,4,0
1016800,8884,5,0
1016800,6123,6,0
1016800,6121,7,0
1016800,6087,8,0
1016800,7602,9,0
1016800,6063,10,0
1016800,8059,11,0
1016800,8940,12,0
1016800,8950,13,0
1016800,6474,14,0
1016800,6476,15,0
1016800,6482,16,0
1016800,6664,17,0
1016800,2228,18,0
1016800,7198,19,0
1016800,7199,20,0
1016800,7201,21,0
1016800,6045,22,0
1016800,6043,23,0
1016800,6036,24,0
1016800,6040,25,0
1016800,6033,26,0
1016800,6044,27,0
1016800,6994,28,0
1016800,6997,29,0
1016800,6990,30,0
1016800,6993,31,0
1016800,6995,32,0
1016800,6998,33,0
1016800,6080,34,0
1016800,6073,35,0
1016800,6076,36,0
1016800,6071,37,0
1016800,6072,38,0
1016800,6069,39,0
1016800,6932,40,0
1016800,6935,41,1
1016801,6934,1,0
1016801,6937,2,0
1016801,6933,3,0
1016801,6074,4,0
1016801,6081,5,0
1016801,6077,6,0
1016801,6078,7,0
1016801,6075,8,0
1016801,6991,9,0
1016801,6996,10,0
1016801,6992,11,0
1016801,6999,12,0
1016801,6035,13,0
1016801,6042,14,0
1016801,6039,15,0
1016801,6038,16,0
1016801,6041,17,0
1016801,6037,18,0
1016801,7203,19,0
1016801,7202,20,0
1016801,7200,21,0
1016801,6667,22,0
1016801,6480,23,0
1016801,6479,24,0
1016801,6478,25,0
1016801,6481,26,0
1016801,8950,27,0
1016801,8637,28,0
1016801,8042,29,0
1016801,6030,30,0
1016801,7602,31,0
1016801,6105,32,0
1016801,6124,33,0
1016801,8885,34,0
1016801,7247,35,0
1016801,8410,36,0
1016801,8187,37,1
2000600,6340,1,0
2000600,6339,2,0
2000600,6334,3,0
2000600,6346,4,0
2000600,8274,5,0
2000600,8273,6,0
2000600,8271,7,0
2000600,8269,8,0
2000600,8270,9,0
2000600,8277,10,0
2000600,8276,11,0
2000600,8275,12,0
2000600,7463,13,0
2000600,7495,14,0
2000600,8015,15,0
2000600,7500,16,0
2000600,7483,17,0
2000600,7494,18,0
2000600,7491,19,0
2000600,7490,20,0
2000600,7486,21,0
2000600,8002,22,0
2000600,7471,23,0
2000600,8001,24,0
2000600,7484,25,0
2000600,8013,26,0
2000600,7488,27,0
2000600,7492,28,0
2000600,7472,29,0
2000600,6066,30,0
2000600,8962,31,0
2000600,7466,32,0
2000600,8017,33,0
2000600,7481,34,0
2000600,7464,35,0
2000600,7479,36,0
2000600,9007,37,0
2000600,7485,38,0
2000600,8008,39,0
2000600,7476,40,0
2000600,7493,41,0
2000600,8016,42,0
2000600,8057,43,0
2000600,6029,44,0
2000600,6030,45,0
2000600,6025,46,0
2000600,7604,47,1
2000601,7604,1,0
2000601,6026,2,0
2000601,6063,3,0
2000601,6028,4,0
2000601,8035,5,0
2000601,7468,6,0
2000601,7480,7,0
2000601,8006,8,0
2000601,7496,9,0
2000601,8003,10,0
2000601,7465,11,0
2000601,8009,12,0
2000601,7470,13,0
2000601,8010,14,0
2000601,7482,15,0
2000601,6066,16,0
2000601,8962,17,0
2000601,7467,18,0
2000601,7499,19,0
2000601,7498,20,0
2000601,8011,21,0
2000601,7469,22,0
2000601,8004,23,0
2000601,8019,24,0
2000601,8018,25,0
2000601,7475,26,0
2000601,7462,27,0
2000601,7474,28,0
2000601,8005,29,0
2000601,8012,30,0
2000601,7461,31,0
2000601,7487,32,0
2000601,7473,33,0
2000601,7477,34,0
2000601,8014,35,0
2000601,7497,36,0
2000601,6509,37,0
2000601,6511,38,0
2000601,6513,39,0
2000601,6512,40,0
2000601,6510,41,0
2000601,6333,42,0
2000601,6337,43,0
2000601,6340,44,1
2000700,6087,1,0
2000700,6773,2,0
2000700,6778,3,0
2000700,6779,4,0
2000700,6775,5,0
2000700,6787,6,0
2000700,6769,7,0
2000700,6785,8,0
2000700,6768,9,0
2000700,6782,10,0
2000700,7366,11,0
2000700,7377,12,0
2000700,7381,13,0
2000700,7374,14,0
2000700,7369,15,0
2000700,7373,16,0
2000700,2211,17,0
2000700,2212,18,0
2000700,2213,19,0
2000700,2214,20,0
2000700,7360,21,0
2000700,8165,22,0
2000700,2224,23,0
2000700,7368,24,1
2000701,7368,1,0
2000701,7371,2,0
2000701,7133,3,0
2000701,8212,4,0
2000701,8208,5,0
2000701,8203,6,0
2000701,8197,7,0
2000701,8218,8,0
2000701,8193,9,0
2000701,8202,10,0
2000701,8182,11,0
2000701,8213,12,0
2000701,8178,13,0
2000701,8205,14,0
2000701,8190,15,0
2000701,8214,16,0
2000701,8183,17,0
2000701,8196,18,0
2000701,8195,19,0
2000701,8194,20,0
2000701,8186,21,0
2000701,8188,22,0
2000701,8296,23,0
2000701,8303,24,0
2000701,8305,25,0
2000701,8295,26,0
2000701,8299,27,0
2000701,8293,28,0
2000701,6096,29,0
2000701,6113,30,0
2000701,6123,31,0
2000701,6121,32,0
2000701,6085,33,0
2000701,6087,34,1
2000900,6107,1,0
2000900,6103,2,0
2000900,6102,3,0
2000900,6122,4,0
2000900,8331,5,0
2000900,8330,6,0
2000900,8334,7,0
2000900,8335,8,0
2000900,2304,9,0
2000900,8261,10,0
2000900,8138,11,0
2000900,8148,12,0
2000900,8137,13,0
2000900,8134,14,0
2000900,8146,15,0
2000900,6495,16,0
2000900,6413,17,0
2000900,6414,18,0
2000900,7275,19,0
2000900,8640,20,0
2000900,7283,21,0
2000900,7274,22,0
2000900,6398,23,0
2000900,6411,24,0
2000900,6410,25,0
2000900,6901,26,0
2000900,6868,27,0
2000900,6844,28,0
2000900,6856,29,0
2000900,6850,30,0
2000900,6869,31,0
2000900,6848,32,0
2000900,6871,33,0
2000900,6852,34,0
2000900,6845,35,0
2000900,6905,36,0
2000900,6853,37,0
2000900,6857,38,0
2000900,6907,39,0
2000900,6892,40,0
2000900,6874,41,0
2000900,6897,42,0
2000900,6898,43,0
2000900,6915,44,0
2000900,6893,45,0
2000900,6846,46,0
2000900,6862,47,0
2000900,6911,48,0
2000900,6800,49,0
2000900,6847,50,0
2000900,6878,51,0
2000900,6879,52,0
2000900,6914,53,0
2000900,6895,54,0
2000900,6881,55,0
2000900,6883,56,0
2000900,6912,57,0
2000900,6885,58,0
2000900,6887,59,0
2000900,6902,60,1
2000901,6902,1,0
2000901,7054,2,0
2000901,7055,3,0
2000901,7056,4,0
2000901,7122,5,0
2000901,7121,6,0
2000901,9020,7,0
2000901,8349,8,0
2000901,6843,9,0
2000901,6889,10,0
2000901,6888,11,0
2000901,6886,12,0
2000901,6896,13,0
2000901,6884,14,0
2000901,6882,15,0
2000901,6880,16,0
2000901,6913,17,0
2000901,6865,18,0
2000901,6894,19,0
2000901,6859,20,0
2000901,6908,21,0
2000901,6855,22,0
2000901,6861,23,0
2000901,6854,24,0
2000901,6877,25,0
2000901,6876,26,0
2000901,6899,27,0
2000901,6849,28,0
2000901,6904,29,0
2000901,6875,30,0
2000901,6858,31,0
2000901,6873,32,0
2000901,6864,33,0
2000901,6866,34,0
2000901,6863,35,0
2000901,6867,36,0
2000901,6890,37,0
2000901,6872,38,0
2000901,6870,39,0
2000901,6891,40,0
2000901,6860,41,0
2000901,6909,42,0
2000901,6906,43,0
2000901,6910,44,0
2000901,6900,45,0
2000901,6903,46,0
2000901,6399,47,0
2000901,6415,48,0
2000901,6408,49,0
2000901,7275,50,0
2000901,8641,51,0
2000901,7283,52,0
2000901,7274,53,0
2000901,6409,54,0
2000901,6403,55,0
2000901,6407,56,0
2000901,6494,57,0
2000901,8135,58,0
2000901,8133,59,0
2000901,8136,60,0
2000901,8147,61,0
2000901,8149,62,0
2000901,8150,63,0
2000901,6291,64,0
2000901,8363,65,0
2000901,8337,66,0
2000901,8333,67,0
2000901,8336,68,0
2000901,8327,69,0
2000901,8338,70,0
2000901,6121,71,0
2000901,6085,72,0
2000901,6087,73,1
2003000,9111,1,0
2003000,7082,2,0
2003000,7078,3,0
2003000,6595,4,0
2003000,6598,5,0
2003000,6594,6,0
2003000,2008,7,0
2003000,2003,8,0
2003000,2000,9,0
2003000,6600,10,0
2003000,7019,11,0
2003000,7024,12,0
2003000,9043,13,1
2003001,9043,1,0
2003001,8692,2,0
2003001,9035,3,0
2003001,9036,4,0
2003001,7425,5,0
2003001,7424,6,0
2003001,7428,7,0
2003001,7431,8,0
2003001,7429,9,0
2003001,7437,10,0
2003001,7438,11,0
2003001,9080,12,0
2003001,9081,13,0
2003001,9082,14,0
2003001,9083,15,0
2003001,9084,16,0
2003001,9085,17,0
2003001,7073,18,0
2003001,9111,19,1
2005100,7616,1,0
2005100,7128,2,0
2005100,7129,3,0
2005100,8510,4,0
2005100,8525,5,0
2005100,8524,6,0
2005100,8523,7,0
2005100,8531,8,0
2005100,8509,9,0
2005100,8545,10,0
2005100,8513,11,0
2005100,8516,12,0
2005100,9053,13,0
2005100,8534,14,0
2005100,8544,15,0
2005100,8075,16,0
2005100,8077,17,0
2005100,8076,18,0
2005100,6083,19,0
2005100,2297,20,0
2005100,2298,21,0
2005100,8074,22,0
2005100,8072,23,0
2005100,8071,24,0
2005100,8070,25,0
2005100,8078,26,0
2005100,8511,27,0
2005100,8518,28,0
2005100,8519,29,0
2005100,8514,30,0
2005100,8520,31,0
2005100,8515,32,0
2005100,6014,33,1
2005101,6014,1,0
2005101,8517,2,0
2005101,8536,3,0
2005101,8535,4,0
2005101,8527,5,0
2005101,8075,6,0
2005101,8077,7,0
2005101,8076,8,0
2005101,6083,9,0
2005101,2297,10,0
2005101,2298,11,0
2005101,8074,12,0
2005101,8072,13,0
2005101,8071,14,0
2005101,8070,15,0
2005101,8078,16,0
2005101,8512,17,0
2005101,8521,18,0
2005101,8541,19,0
2005101,8529,20,0
2005101,8526,21,0
2005101,8546,22,0
2005101,8539,23,0
2005101,8540,24,0
2005101,8542,25,0
2005101,8538,26,0
2005101,8127,27,0
2005101,7145,28,0
2005101,7196,29,0
2005101,7609,30,1
2016800,8220,1,0
2016800,8883,2,0
2016800,8411,3,0
2016800,7246,4,0
2016800,8884,5,0
2016800,6123,6,0
2016800,6121,7,0
2016800,6087,8,0
2016800,7602,9,0
2016800,6063,10,0
2016800,8059,11,0
2016800,8940,12,0
2016800,8950,13,0
2016800,6474,14,0
2016800,6476,15,0
2016800,6482,16,0
2016800,6664,17,0
2016800,2228,18,0
2016800,7198,19,0
2016800,7199,20,0
2016800,7201,21,0
2016800,6045,22,0
2016800,6043,23,0
2016800,6036,24,0
2016800,6040,25,0
2016800,6033,26,0
2016800,6044,27,0
2016800,6994,28,0
2016800,6997,29,0
2016800,6990,30,0
2016800,6993,31,0
2016800,6995,32,0
2016800,6998,33,0
2016800,6080,34,0
2016800,6073,35,0
2016800,6076,36,0
2016800,6071,37,0
2016800,6072,38,0
2016800,6069,39,0
2016800,6932,40,0
2016800,6935,41,0
2016800,7242,42,0
2016800,7244,43,0
2016800,7245,44,0
2016800,7243,45,0
2016800,7099,46,0
2016800,7101,47,0
2016800,7098,48,0
2016800,7100,49,0
2016800,7156,50,0
2016800,7157,51,0
2016800,6417,52,0
2016800,6420,53,0
2016800,6416,54,0
2016800,6418,55,0
2016800,6419,56,1
2016801,6419,1,0
2016801,6942,2,0
2016801,6945,3,0
2016801,6946,4,0
2016801,6944,5,0
2016801,6934,6,0
2016801,6937,7,0
2016801,6933,8,0
2016801,6074,9,0
2016801,6081,10,0
2016801,6077,11,0
2016801,6078,12,0
2016801,6075,13,0
2016801,6991,14,0
2016801,6996,15,0
2016801,6992,16,0
2016801,6999,17,0
2016801,6035,18,0
2016801,6042,19,0
2016801,6039,20,0
2016801,6038,21,0
2016801,6041,22,0
2016801,6037,23,0
2016801,7203,24,0
2016801,7202,25,0
2016801,7200,26,0
2016801,6667,27,0
2016801,6480,28,0
2016801,6479,29,0
2016801,6478,30,0
2016801,6481,31,0
2016801,8950,32,0
2016801,8637,33,0
2016801,8042,34,0
2016801,6030,35,0
2016801,7601,36,0
2016801,6105,37,0
2016801,6124,38,0
2016801,8885,39,0
2016801,7247,40,0
2016801,8410,41,0
2016801,8187,42,1
3000600,8669,1,0
3000600,8670,2,0
3000600,8671,3,0
3000600,8672,4,0
3000600,8673,5,0
3000600,8674,6,0
3000600,2219,7,0
3000600,8679,8,0
3000600,7463,9,0
3000600,7495,10,0
3000600,8015,11,0
3000600,7500,12,0
3000600,7483,13,0
3000600,7494,14,0
3000600,7491,15,0
3000600,7490,16,0
3000600,7486,17,0
3000600,8002,18,0
3000600,7471,19,0
3000600,8001,20,0
3000600,7484,21,0
3000600,8013,22,0
3000600,7488,23,0
3000600,7492,24,0
3000600,7472,25,0
3000600,6066,26,0
3000600,8962,27,0
3000600,7466,28,0
3000600,8017,29,0
3000600,7481,30,0
3000600,7464,31,0
3000600,7479,32,0
3000600,9007,33,0
3000600,7485,34,0
3000600,8008,35,0
3000600,7476,36,0
3000600,7493,37,0
3000600,8016,38,0
3000600,8057,39,0
3000600,6029,40,0
3000600,6030,41,0
3000600,6025,42,0
3000600,7604,43,1
3000601,7604,1,0
3000601,6026,2,0
3000601,6063,3,0
3000601,6028,4,0
3000601,8035,5,0
3000601,7468,6,0
3000601,7480,7,0
3000601,8006,8,0
3000601,7496,9,0
3000601,8003,10,0
3000601,7465,11,0
3000601,8009,12,0
3000601,7470,13,0
3000601,8010,14,0
3000601,7482,15,0
3000601,6066,16,0
3000601,8962,17,0
3000601,7499,18,0
3000601,7498,19,0
3000601,8011,20,0
3000601,7469,21,0
3000601,8004,22,0
3000601,8019,23,0
3000601,8018,24,0
3000601,7475,25,0
3000601,7462,26,0
3000601,7474,27,0
3000601,8005,28,0
3000601,8012,29,0
3000601,7461,30,0
3000601,7487,31,0
3000601,7473,32,0
3000601,7477,33,0
3000601,8014,34,0
3000601,7497,35,0
3000601,6509,36,0
3000601,7147,37,0
3000601,8660,38,0
3000601,8661,39,0
3000601,8662,40,0
3000601,8663,41,0
3000601,8664,42,0
3000601,6789,43,0
3000601,8665,44,0
3000601,8666,45,0
3000601,8667,46,0
3000601,8668,47,0
3000601,8669,48,1
