800,'236.0.1',604,,1718,33,,,0,30,,1719,33,,,0,70,,1720,33,,,0,30,,1721,33,,,0,70,,1722,33,,,0,23,,1723,33,,,0,22,,1724,33,,,0,70,,1725,33,,,0,30,,1726,33,,,0,70,,1727,33,,,0,31,,1728,33,,,0,69,,1729,33,,,0,30,,1730,33,,,0,70,,1731,33,,,0,30,,1732,33,,,0,70,,1733,33,,,0,30,,1734,33,,,0,70,,1735,33,,,0,32,,1736,33,,,0,70,,1737,33,,,0,30,,1738,33,,,0,70,,1739,33,,,0,30,,1740,33,,,0,70,,1741,33,,,0,30,,1742,33,,,0,70,,1743,33,,,0,30,,1744,33,,,0,70,,1745,33,,,0,30,,1746,33,,,0,70,,1747,33,,,0,30,,1748,33,,,0,70,,1749,33,,,0,30,,1750,33,,,0,70,,1751,33,,,0,26,,1752,33,,,0,69,,1753,33,,,0,30,,1754,33,,,0,100,,1755,33,,,0
800,'236.0.2',622,,1756,33,,,0,30,,1757,33,,,0,70,,1758,33,,,0,30,,1759,33,,,0,70,,1760,33,,,0,30,,1761,33,,,0,70,,1762,33,,,0,30,,1763,33,,,0,70,,1764,33,,,0,34,,1765,33,,,0,70,,1766,33,,,0,25,,1767,33,,,0,71,,1768,33,,,0,32,,1769,33,,,0,70,,1770,33,,,0,30,,1771,33,,,0,70,,1772,33,,,0,30,,1773,33,,,0,70,,1774,33,,,0,30,,1775,33,,,0,70,,1776,33,,,0,35,,1777,33,,,0,69,,1778,33,,,0,30,,1779,33,,,0,70,,1780,33,,,0,29,,1781,33,,,0,68,,1782,33,,,0,30,,1783,33,,,0,68,,1784,33,,,0,29,,1785,33,,,0,70,,1786,33,,,0,30,,1787,33,,,0,70,,1788,33,,,0,30,,1789,33,,,0,100,,1790,33,,,0,100,,1791,33,,,0
800,'236.0.3',552,,1794,33,,,0,70,,1795,33,,,0,30,,1796,33,,,0,77,,1797,33,,,0,72,,1798,33,,,0,31,,1799,33,,,0,70,,1800,33,,,0,30,,1801,33,,,0,70,,1802,33,,,0,20,,1803,33,,,0,20,,1804,33,,,0,60,,1805,33,,,0,20,,1806,33,,,0,20,,1807,33,,,0,60,,1808,33,,,0,20,,1809,33,,,0,20,,1810,33,,,0,60,,1811,33,,,0,20,,1812,33,,,0,20,,1813,33,,,0,60,,1814,33,,,0,20,,1815,33,,,0,20,,1816,33,,,0,60,,1817,33,,,0,28,,1818,33,,,0,24,,1819,33,,,0,60,,1820,33,,,0,20,,1821,33,,,0,20,,1822,33,,,0,60,,1823,33,,,0,20,,1824,33,,,0,20,,1825,33,,,0,59,,1826,33,,,0,26,,1827,33,,,0,10,,1842,33,,,0,10,,1828,33,,,0,70,,1829,33,,,0,30,,1830,33,,,0,70,,1831,33,,,0,30,,1832,33,,,0,68,,1833,33,,,0,29,,1834,33,,,0,70,,1835,33,,,0,30,,1836,33,,,0,70,,1837,33,,,0,30,,1838,33,,,0,70,,1839,33,,,0,30,,1840,33,,,0,70,,1841,33,,,0
3901,'236.0.1',629,,3159,13,,,0,30,,3160,13,,,0,70,,3161,13,,,0,30,,3162,13,,,0,71,,3163,13,,,0,71,,3164,13,,,0,30,,3165,13,,,0,70,,3166,13,,,0,30,,3167,13,,,0,70,,3168,13,,,0,30,,3169,13,,,0,70,,3170,13,,,0,30,,3171,13,,,0,70,,3172,13,,,0,30,,3173,13,,,0,70,,3174,13,,,0,30,,3175,13,,,0,70,,3176,13,,,0,30,,3177,13,,,0,70,,3178,13,,,0,30,,3179,13,,,0,70,,3180,13,,,0,30,,3181,13,,,0,70,,3182,13,,,0,30,,3183,13,,,0,70,,3184,13,,,0,30,,3185,13,,,0,70,,3186,13,,,0,30,,3187,13,,,0,70,,3188,13,,,0,30,,3189,13,,,0,70,,3190,13,,,0,30,,3191,13,,,0,70,,3192,13,,,0,30,,3193,13,,,0
3901,'236.0.2',659,,3194,13,,,0,100,,3195,13,,,0,100,,3196,13,,,0,141,,3197,13,,,0,101,,3198,13,,,0,100,,3199,13,,,0,100,,3200,13,,,0,100,,3201,13,,,0,100,,3202,13,,,0,100,,3203,13,,,0,100,,3204,13,,,0,100,,3205,13,,,0,100,,3206,13,,,0,100,,3207,13,,,0,100,,3208,13,,,0,100,,3209,13,,,0
3901,'236.0.3',613,,3210,13,,,0,30,,3211,13,,,0,71,,3212,13,,,0,30,,3213,13,,,0,70,,3214,13,,,0,30,,3215,13,,,0,70,,3216,13,,,0,30,,3217,13,,,0,70,,3218,13,,,0,30,,3219,13,,,0,70,,3220,13,,,0,30,,3221,13,,,0,70,,3222,13,,,0,30,,3223,13,,,0,70,,3224,13,,,0,30,,3225,13,,,0,70,,3226,13,,,0,30,,3227,13,,,0,70,,3228,13,,,0,35,,3229,13,,,0,70,,3230,13,,,0,30,,3231,13,,,0,70,,3232,13,,,0,30,,3233,13,,,0,65,,3234,13,,,0,100,,3235,13,,,0,100,,3236,13,,,0,100,,3237,13,,,0,100,,3238,13,,,0,100,,3239,13,,,0
9000,'236.0.1',628,,5717,28,,,0,25,,5718,28,,,0,70,,5719,28,,,0,30,,5720,28,,,0,70,,5721,28,,,0,25,,5722,28,,,0,70,,5723,28,,,0,30,,5724,28,,,0,65,,5725,28,,,0,33,,5726,28,,,0,70,,5727,28,,,0,30,,5728,28,,,0,70,,5729,28,,,0,27,,5730,28,,,0,70,,5731,28,,,0,30,,5732,28,,,0,70,,5733,28,,,0,30,,5734,28,,,0,70,,5735,28,,,0,30,,5736,28,,,0,70,,5737,28,,,0,33,,5738,28,,,0,70,,5739,28,,,0,30,,5740,28,,,0,70,,5741,28,,,0,30,,5742,28,,,0,70,,5743,28,,,0,30,,5744,28,,,0,70,,5745,28,,,0,104,,5746,28,,,0,100,,5747,28,,,0,100,,5748,28,,,0,100,,5749,28,,,0
9000,'236.0.2',616,,5750,28,,,0,100,,5751,28,,,0,100,,5752,28,,,0,95,,5753,28,,,0,97,,5754,28,,,0,100,,5755,28,,,0,102,,5756,28,,,0,100,,5757,28,,,0,98,,5758,28,,,0,100,,5759,28,,,0,100,,5760,28,,,0,100,,5761,28,,,0,103,,5762,28,,,0,104,,5763,28,,,0,101,,5764,28,,,0,100,,5765,28,,,0,100,,5766,28,,,0,100,,5767,28,,,0
9000,'236.0.3',613,,5801,28,,,0,15,,5800,28,,,0,15,,5768,28,,,0,15,,5802,28,,,0,55,,5769,28,,,0,15,,5803,28,,,0,15,,5770,28,,,0,15,,5804,28,,,0,60,,5771,28,,,0,30,,5772,28,,,0,65,,5773,28,,,0,31,,5774,28,,,0,69,,5775,28,,,0,30,,5776,28,,,0,70,,5777,28,,,0,27,,5778,28,,,0,71,,5779,28,,,0,30,,5780,28,,,0,70,,5781,28,,,0,30,,5782,28,,,0,70,,5783,28,,,0,35,,5784,28,,,0,57,,5805,28,,,0,15,,5785,28,,,0,15,,5806,28,,,0,15,,5786,28,,,0,55,,5807,28,,,0,15,,5787,28,,,0,15,,5808,28,,,0,15,,5812,28,,,0,55,,5809,28,,,0,15,,5788,28,,,0,15,,5810,28,,,0,15,,5789,28,,,0,10,,5811,28,,,0,52,,5790,28,,,0,35,,5791,28,,,0,70,,5792,28,,,0,30,,5793,28,,,0,70,,5794,28,,,0,30,,5795,28,,,0,100,,5796,28,,,0,97,,5797,28,,,0,100,,5798,28,,,0,100,,5799,28,,,0
9100,'236.0.1',720,,5910,11,,,0,100,,5911,11,,,0,100,,5912,11,,,0,100,,5913,11,,,0,100,,5914,11,,,0,100,,5915,11,,,0,100,,5916,11,,,0,100,,5917,11,,,0,100,,5918,11,,,0,100,,5919,11,,,0,100,,5920,11,,,0,100,,5921,11,,,0,100,,5922,11,,,0,100,,5923,11,,,0,100,,5924,11,,,0,100,,5925,11,,,0
9100,'236.0.2',749,,5926,11,,,0,100,,5927,11,,,0,100,,5928,11,,,0,100,,5929,11,,,0,100,,5930,11,,,0,100,,5931,11,,,0,100,,5932,11,,,0,100,,5933,11,,,0,100,,5934,11,,,0,100,,5935,11,,,0,100,,5936,11,,,0,100,,5937,11,,,0,100,,5938,11,,,0,100,,5939,11,,,0,100,,5940,11,,,0
9100,'236.0.3',630,,5941,11,,,0,24,,5942,11,,,0,67,,5943,11,,,0,36,,5944,11,,,0,69,,5945,11,,,0,31,,5946,11,,,0,100,,5947,11,,,0,143,,5948,11,,,0,100,,5949,11,,,0,59,,5950,11,,,0,100,,5951,11,,,0,100,,5952,11,,,0,70,,5953,11,,,0,30,,5954,11,,,0,70,,5955,11,,,0,30,,5956,11,,,0,70,,5957,11,,,0,71,,5958,11,,,0,30,,5959,11,,,0,98,,5960,11,,,0,100,,5961,11,,,0,100,,5962,11,,,0,100,,5963,11,,,0
9300,'236.0.3',1536,,6019,19,,,0,66,,6020,19,,,0,41,,6021,19,,,0,63,,6022,19,,,0,35,,6023,19,,,0,60,,6024,19,,,0,31,,6025,19,,,0
