300,'220.0.1',629,,1187,,,0,100,,1188,,,0,100,,1189,,,0,30,,1190,,,0,70,,1191,,,0,30,,1192,,,0,70,,1193,,,0,30,,1194,,,0,70,,1195,,,0,30,,1196,,,0,70,,1197,,,0,30,,1198,,,0,70,,1199,,,0,30,,1200,,,0,70,,1201,,,0,30,,1202,,,0,70,,1203,,,0,30,,1204,,,0,70,,1205,,,0,30,,1206,,,0,70,,1207,,,0,30,,1208,,,0,70,,1209,,,0,30,,1210,,,0,69,,1211,,,0,30,,1212,,,0,70,,1213,,,0,30,,1214,,,0,70,,1215,,,0,30,,1216,,,0,70,,1217,,,0,30,,1218,,,0,70,,1219,,,0,30,,1220,,,0,70,,1221,,,0,20,,1222,,,0
300,'220.0.2',613,,1223,,,0,100,,1224,,,0,100,,1225,,,0,30,,1226,,,0,70,,1227,,,0,27,,1228,,,0,60,,1229,,,0,20,,1230,,,0,20,,1231,,,0,61,,1232,,,0,20,,1233,,,0,20,,1234,,,0,60,,1235,,,0,20,,1236,,,0,20,,1237,,,0,60,,1238,,,0,20,,1239,,,0,20,,1240,,,0,60,,1241,,,0,20,,1242,,,0,20,,1243,,,0,60,,1244,,,0,20,,1245,,,0,20,,1246,,,0,60,,1247,,,0,20,,1248,,,0,20,,1249,,,0,60,,1250,,,0,20,,1251,,,0,20,,1252,,,0,59,,1253,,,0,20,,1254,,,0,30,,1255,,,0,70,,1256,,,0,30,,1257,,,0,70,,1258,,,0,30,,1259,,,0,70,,1260,,,0,30,,1261,,,0,63,,1262,,,0,30,,1263,,,0,70,,1264,,,0,30,,1265,,,0,70,,1266,,,0
300,'220.0.3',544,,1267,,,0,70,,1268,,,0,15,,1269,,,0,15,,1270,,,0,15,,1271,,,0,55,,1272,,,0,15,,1273,,,0,19,,1274,,,0,55,,1275,,,0,15,,1276,,,0,15,,1277,,,0,15,,1278,,,0,55,,1279,,,0,15,,1280,,,0,20,,1281,,,0,20,,1282,,,0,60,,1283,,,0,20,,1284,,,0,20,,1285,,,0,60,,1286,,,0,20,,1287,,,0,20,,1288,,,0,60,,1289,,,0,20,,1290,,,0,20,,1291,,,0,60,,1292,,,0,20,,1293,,,0,20,,1294,,,0,60,,1295,,,0,20,,1296,,,0,20,,1297,,,0,50,,1298,,,0,10,,1299,,,0,15,,1300,,,0,15,,1301,,,0,55,,1302,,,0,15,,1303,,,0,15,,1304,,,0,15,,1305,,,0,55,,1306,,,0,15,,1307,,,0,15,,1308,,,0,14,,1309,,,0,53,,1310,,,0,15,,1311,,,0,15,,1312,,,0,15,,1313,,,0,60,,1314,,,0,20,,1315,,,0,20,,1316,,,0,60,,1317,,,0,20,,1318,,,0,20,,1319,,,0,60,,1320,,,0,10,,1321,,,0,30,,1322,,,0,70,,1323,,,0,30,,1324,,,0,70,,1325,,,0,30,,1326,,,0,70,,1327,,,0,30,,1328,,,0
300,'220.0.4',544,,1329,,,0,70,,1330,,,0,15,,1331,,,0,15,,1332,,,0,15,,1333,,,0,55,,1334,,,0,15,,1335,,,0,19,,1336,,,0,55,,1337,,,0,15,,1338,,,0,15,,1339,,,0,15,,1340,,,0,55,,1341,,,0,15,,1342,,,0,20,,1343,,,0,20,,1344,,,0,60,,1345,,,0,20,,1346,,,0,20,,1347,,,0,60,,1348,,,0,20,,1349,,,0,20,,1350,,,0,60,,1351,,,0,20,,1352,,,0,20,,1353,,,0,60,,1354,,,0,20,,1355,,,0,20,,1356,,,0,60,,1357,,,0,20,,1358,,,0,20,,1359,,,0,50,,1360,,,0,10,,1361,,,0,15,,1362,,,0,15,,1363,,,0,55,,1364,,,0,15,,1365,,,0,15,,1366,,,0,15,,1367,,,0,55,,1368,,,0,15,,1369,,,0,15,,1370,,,0,14,,1371,,,0,53,,1372,,,0,15,,1373,,,0,15,,1374,,,0,15,,1375,,,0,60,,1376,,,0,20,,1377,,,0,20,,1378,,,0,60,,1379,,,0,20,,1380,,,0,20,,1381,,,0,60,,1382,,,0,10,,1383,,,0,30,,1384,,,0,70,,1385,,,0,30,,1386,,,0,70,,1387,,,0,30,,1388,,,0,70,,1389,,,0,30,,1390,,,0,70,,1391,,,0,30,,1392,,,0
6401,'220.0.3',643,,6343,,,0,15,,6344,,,0,55,,6345,,,0,15,,6346,,,0,15,,6347,,,0,15,,6348,,,0,55,,6349,,,0,15,,6350,,,0,15,,6351,,,0,15,,6352,,,0,54,,6353,,,0,13,,6354,,,0,14,,6355,,,0,68,,6356,,,0,100,,6357,,,0,100,,6358,,,0,100,,6359,,,0,100,,6360,,,0,100,,6361,,,0,35,,6362,,,0,58,,6363,,,0,16,,6364,,,0,15,,6365,,,0,15,,6366,,,0,55,,6367,,,0,15,,6368,,,0,15,,6369,,,0,15,,6370,,,0,54,,6371,,,0,13,,6372,,,0,12,,6373,,,0,14,,6374,,,0,15,,6375,,,0,55,,6376,,,0,100,,6377,,,0
6401,'220.0.4',643,,6378,,,0,15,,6379,,,0,55,,6380,,,0,15,,6381,,,0,15,,6382,,,0,15,,6383,,,0,55,,6384,,,0,15,,6385,,,0,15,,6386,,,0,15,,6387,,,0,54,,6388,,,0,13,,6389,,,0,14,,6390,,,0,68,,6391,,,0,100,,6392,,,0,100,,6393,,,0,100,,6394,,,0,100,,6395,,,0,100,,6396,,,0,35,,6397,,,0,58,,6398,,,0,16,,6399,,,0,15,,6400,,,0,15,,6401,,,0,55,,6402,,,0,15,,6403,,,0,15,,6404,,,0,15,,6405,,,0,54,,6406,,,0,13,,6407,,,0,12,,6408,,,0,14,,6409,,,0,15,,6410,,,0,55,,6411,,,0,100,,6412,,,0
7201,'220.0.1',710,,6975,,,0,30,,6976,,,0,70,,6977,,,0,30,,6978,,,0,70,,6979,,,0,30,,6980,,,0,73,,6981,,,0,30,,6982,,,0,70,,6983,,,0,36,,6984,,,0,70,,6985,,,0,30,,6986,,,0,70,,6987,,,0,30,,6988,,,0,70,,6989,,,0,30,,6990,,,0,70,,6991,,,0,30,,6992,,,0,70,,6993,,,0,30,,6994,,,0,70,,6995,,,0,30,,6996,,,0,68,,6997,,,0,25,,6998,,,0,70,,6999,,,0,100,,7000,,,0,100,,7001,,,0,100,,7002,,,0,100,,7003,,,0,100,,7004,,,0
7201,'220.0.2',809,,7006,,,0,100,,7007,,,0,100,,7008,,,0,103,,7009,,,0,106,,7010,,,0,100,,7011,,,0,100,,7012,,,0,100,,7013,,,0,100,,7014,,,0,100,,7015,,,0,97,,7016,,,0,100,,7017,,,0,92,,7018,,,0,100,,7019,,,0,100,,7020,,,0,100,,7021,,,0
7201,'220.0.3',644,,7022,,,0,70,,7023,,,0,30,,7024,,,0,73,,7025,,,0,32,,7026,,,0,72,,7027,,,0,30,,7028,,,0,68,,7029,,,0,30,,7030,,,0,70,,7031,,,0,30,,7032,,,0,70,,7033,,,0,30,,7034,,,0,70,,7035,,,0,30,,7036,,,0,70,,7037,,,0,30,,7038,,,0,70,,7039,,,0,31,,7040,,,0,71,,7041,,,0,30,,7042,,,0,70,,7043,,,0,30,,7044,,,0,70,,7045,,,0,27,,7046,,,0,64,,7047,,,0,100,,7048,,,0,100,,7049,,,0,100,,7050,,,0,100,,7051,,,0
7201,'220.0.4',644,,7052,,,0,70,,7053,,,0,30,,7054,,,0,73,,7055,,,0,32,,7056,,,0,72,,7057,,,0,30,,7058,,,0,68,,7059,,,0,30,,7060,,,0,70,,7061,,,0,30,,7062,,,0,70,,7063,,,0,30,,7064,,,0,70,,7065,,,0,30,,7066,,,0,70,,7067,,,0,30,,7068,,,0,70,,7069,,,0,31,,7070,,,0,71,,7071,,,0,30,,7072,,,0,70,,7073,,,0,30,,7074,,,0,70,,7075,,,0,27,,7076,,,0,64,,7077,,,0,100,,7078,,,0,100,,7079,,,0,100,,7080,,,0,100,,7081,,,0,100,,7082,,,0,100,,7083,,,0
