400,'236.0.1',553,,1112,4,,,0,100,,1113,4,,,0,100,,1114,4,,,0,70,,1115,4,,,0,30,,1116,4,,,0,70,,1117,4,,,0,31,,1118,4,,,0,70,,1119,4,,,0,30,,1120,4,,,0,70,,1121,4,,,0,30,,1122,4,,,0,70,,1123,4,,,0,30,,1124,4,,,0,70,,1125,4,,,0,30,,1126,4,,,0,70,,1127,4,,,0,30,,1128,4,,,0,70,,1129,4,,,0,30,,1130,4,,,0,70,,1131,4,,,0,30,,1132,4,,,0,70,,1133,4,,,0,30,,1134,4,,,0,70,,1135,4,,,0,30,,1136,4,,,0,70,,1137,4,,,0,30,,1138,4,,,0,70,,1139,4,,,0,30,,1140,4,,,0,69,,1141,4,,,0,30,,1142,4,,,0,100,,1143,4,,,0,100,,1144,4,,,0
400,'236.0.2',648,,1145,4,,,0,70,,1146,4,,,0,30,,1147,4,,,0,70,,1148,4,,,0,30,,1149,4,,,0,70,,1150,4,,,0,30,,1151,4,,,0,70,,1152,4,,,0,30,,1153,4,,,0,70,,1154,4,,,0,30,,1155,4,,,0,70,,1156,4,,,0,30,,1157,4,,,0,70,,1158,4,,,0,30,,1159,4,,,0,70,,1160,4,,,0,30,,1161,4,,,0,70,,1162,4,,,0,30,,1163,4,,,0,70,,1164,4,,,0,30,,1165,4,,,0,70,,1166,4,,,0,30,,1167,4,,,0,70,,1168,4,,,0,30,,1169,4,,,0,70,,1170,4,,,0,30,,1171,4,,,0,100,,1172,4,,,0,100,,1173,4,,,0,100,,1174,4,,,0,100,,1175,4,,,0
400,'236.0.3',603,,1176,4,,,0,20,,1177,4,,,0,20,,1178,4,,,0,60,,1179,4,,,0,15,,1180,4,,,0,15,,1181,4,,,0,15,,1182,4,,,0,55,,1183,4,,,0,15,,1184,4,,,0,15,,1185,4,,,0,15,,1186,4,,,0,55,,1187,4,,,0,15,,1188,4,,,0,15,,1189,4,,,0,15,,1190,4,,,0,55,,1191,4,,,0,15,,1192,4,,,0,15,,1193,4,,,0,15,,1194,4,,,0,55,,1195,4,,,0,15,,1196,4,,,0,16,,1197,4,,,0,15,,1198,4,,,0,55,,1199,4,,,0,15,,1200,4,,,0,15,,1201,4,,,0,15,,1202,4,,,0,55,,1203,4,,,0,10,,1204,4,,,0,10,,1205,4,,,0,10,,1206,4,,,0,10,,1207,4,,,0,10,,1208,4,,,0,50,,1209,4,,,0,8,,1210,4,,,0,8,,1211,4,,,0,8,,1212,4,,,0,8,,1213,4,,,0,8,,1214,4,,,0,8,,1215,4,,,0,48,,1216,4,,,0,8,,1217,4,,,0,8,,1218,4,,,0,8,,1219,4,,,0,8,,1220,4,,,0,8,,1221,4,,,0,8,,1222,4,,,0,8,,1223,4,,,0,48,,1224,4,,,0,8,,1225,4,,,0,8,,1226,4,,,0,8,,1227,4,,,0,8,,1228,4,,,0,8,,1229,4,,,0,56,,1230,4,,,0,8,,1231,4,,,0,8,,1232,4,,,0,8,,1233,4,,,0,8,,1234,4,,,0,8,,1235,4,,,0,9,,1236,4,,,0,55,,1237,4,,,0,15,,1238,4,,,0,15,,1239,4,,,0,20,,1240,4,,,0,60,,1241,4,,,0,20,,1242,4,,,0,20,,1243,4,,,0,60,,1244,4,,,0,20,,1245,4,,,0,20,,1246,4,,,0,59,,1247,4,,,0,20,,1248,4,,,0,20,,1249,4,,,0,70,,1250,4,,,0,30,,1251,4,,,0,70,,1252,4,,,0,30,,1253,4,,,0,70,,1254,4,,,0,30,,1255,4,,,0
400,'236.1141.3',1652,,1256,4,,,0
400,'236.1143.3',1652,,1257,4,,,0
2400,'236.0.1',639,,2343,58,,,0,70,,2344,58,,,0,30,,2345,58,,,0,70,,2346,58,,,0,30,,2347,58,,,0,70,,2348,58,,,0,30,,2349,58,,,0,73,,2350,58,,,0,31,,2351,58,,,0,70,,2352,58,,,0,31,,2353,58,,,0,72,,2354,58,,,0,30,,2355,58,,,0,70,,2356,58,,,0,30,,2357,58,,,0,70,,2358,58,,,0,30,,2359,58,,,0,68,,2360,58,,,0,30,,2361,58,,,0,70,,2362,58,,,0,30,,2363,58,,,0,70,,2364,58,,,0,30,,2365,58,,,0,70,,2366,58,,,0,27,,2367,58,,,0,67,,2368,58,,,0,30,,2369,58,,,0,70,,2370,58,,,0,30,,2371,58,,,0,70,,2372,58,,,0,30,,2373,58,,,0,70,,2374,58,,,0,30,,2375,58,,,0,70,,2376,58,,,0,30,,2377,58,,,0,70,,2378,58,,,0
2400,'236.0.2',637,,2379,58,,,0,70,,2380,58,,,0,30,,2381,58,,,0,70,,2382,58,,,0,30,,2383,58,,,0,70,,2384,58,,,0,32,,2385,58,,,0,74,,2386,58,,,0,30,,2387,58,,,0,70,,2388,58,,,0,30,,2389,58,,,0,70,,2390,58,,,0,30,,2391,58,,,0,70,,2392,58,,,0,30,,2393,58,,,0,70,,2394,58,,,0,30,,2395,58,,,0,70,,2396,58,,,0,30,,2397,58,,,0,70,,2398,58,,,0,30,,2399,58,,,0,70,,2400,58,,,0,30,,2401,58,,,0,70,,2402,58,,,0,28,,2403,58,,,0,68,,2404,58,,,0,30,,2405,58,,,0,70,,2406,58,,,0,30,,2407,58,,,0,70,,2408,58,,,0,30,,2409,58,,,0,70,,2410,58,,,0,30,,2411,58,,,0,70,,2412,58,,,0,30,,2413,58,,,0,70,,2414,58,,,0
2400,'236.0.3',644,,2415,58,,,0,70,,2416,58,,,0,34,,2417,58,,,0,71,,2418,58,,,0,30,,2419,58,,,0,70,,2420,58,,,0,25,,2421,58,,,0,70,,2422,58,,,0,30,,2423,58,,,0,70,,2424,58,,,0,31,,2425,58,,,0,70,,2426,58,,,0,30,,2427,58,,,0,70,,2428,58,,,0,30,,2429,58,,,0,70,,2430,58,,,0,30,,2431,58,,,0,70,,2432,58,,,0,30,,2433,58,,,0,70,,2434,58,,,0,30,,2435,58,,,0,70,,2436,58,,,0,30,,2437,58,,,0,70,,2438,58,,,0,30,,2439,58,,,0,68,,2440,58,,,0,26,,2441,58,,,0,70,,2442,58,,,0,30,,2443,58,,,0,70,,2444,58,,,0,30,,2445,58,,,0,70,,2446,58,,,0,30,,2447,58,,,0,70,,2448,58,,,0,30,,2449,58,,,0,70,,2450,58,,,0
1001000,'236.0.3',623,,7069,4,,,0,19,,7070,4,,,0,59,,7071,4,,,0,28,,7072,4,,,0,18,,7073,4,,,0,57,,7074,4,,,0,20,,7075,4,,,0,20,,7076,4,,,0,60,,7077,4,,,0,500,,7078,4,,,0,19,,7079,4,,,0,20,,7080,4,,,0,60,,7081,4,,,0,20,,7082,4,,,0,20,,7083,4,,,0,60,,7084,4,,,0,20,,7085,4,,,0,20,,7086,4,,,0,10,,7087,4,,,0,70,,7088,4,,,0,20,,7089,4,,,0,60,,7090,4,,,0,20,,7091,4,,,0
2001000,'236.0.1',633,,8072,4,,,0,85,,8073,4,,,0,30,,8074,4,,,0,70,,8075,4,,,0,30,,8076,4,,,0,70,,8077,4,,,0,30,,8078,4,,,0,70,,8079,4,,,0,30,,8080,4,,,0,70,,8081,4,,,0,30,,8082,4,,,0,70,,8083,4,,,0,30,,8084,4,,,0,70,,8085,4,,,0,30,,8086,4,,,0,70,,8087,4,,,0,30,,8088,4,,,0,70,,8089,4,,,0,30,,8090,4,,,0,70,,8091,4,,,0,30,,8092,4,,,0,70,,8093,4,,,0,30,,8094,4,,,0,70,,8095,4,,,0,30,,8096,4,,,0,70,,8097,4,,,0,30,,8098,4,,,0,85,,8099,4,,,0,100,,8100,4,,,0,100,,8101,4,,,0,100,,8102,4,,,0
2001000,'236.0.2',633,,8103,4,,,0,115,,8104,4,,,0,70,,8105,4,,,0,30,,8106,4,,,0,70,,8107,4,,,0,30,,8108,4,,,0,70,,8109,4,,,0,30,,8110,4,,,0,70,,8111,4,,,0,30,,8112,4,,,0,70,,8113,4,,,0,30,,8114,4,,,0,70,,8115,4,,,0,30,,8116,4,,,0,70,,8117,4,,,0,30,,8118,4,,,0,70,,8119,4,,,0,30,,8120,4,,,0,70,,8121,4,,,0,30,,8122,4,,,0,70,,8123,4,,,0,30,,8124,4,,,0,85,,8125,4,,,0,100,,8126,4,,,0,100,,8127,4,,,0,100,,8128,4,,,0,100,,8129,4,,,0,100,,8130,4,,,0,100,,8131,4,,,0
2001000,'236.0.3',545,,8132,4,,,0,91,,8133,4,,,0,20,,8134,4,,,0,60,,8135,4,,,0,20,,8136,4,,,0,20,,8137,4,,,0,61,,8138,4,,,0,20,,8139,4,,,0,20,,8140,4,,,0,77,,8141,4,,,0,70,,8142,4,,,0,30,,8143,4,,,0,70,,8144,4,,,0,30,,8145,4,,,0,70,,8146,4,,,0,30,,8147,4,,,0,70,,8148,4,,,0,30,,8149,4,,,0,25,,8150,4,,,0,57,,8151,4,,,0,20,,8152,4,,,0,20,,8153,4,,,0,60,,8154,4,,,0,20,,8155,4,,,0,20,,8156,4,,,0,60,,8157,4,,,0,20,,8158,4,,,0,20,,8159,4,,,0,60,,8160,4,,,0,20,,8161,4,,,0,20,,8162,4,,,0,60,,8163,4,,,0,23,,8164,4,,,0,20,,8165,4,,,0,64,,8166,4,,,0,30,,8167,4,,,0,70,,8168,4,,,0,30,,8169,4,,,0,70,,8170,4,,,0
3001000,'236.0.1',603,,8621,4,0,14,0,100,,8622,4,0,14,0,30,,8623,4,0,14,0,70,,8624,4,0,14,0,30,,8625,4,0,14,0,70,,8626,4,0,14,0,30,,8627,4,0,14,0,70,,8628,4,0,14,0,30,,8629,4,0,14,0,70,,8630,4,0,14,0,30,,8631,4,0,14,0,70,,8632,4,0,14,0,30,,8633,4,0,14,0,70,,8634,4,0,14,0,30,,8635,4,0,14,0,70,,8636,4,0,14,0,30,,8637,4,0,14,0,70,,8638,4,0,14,0,30,,8639,4,0,14,0,70,,8640,4,0,14,0,30,,8641,4,0,14,0,70,,8642,4,0,14,0,30,,8643,4,0,14,0,70,,8644,4,0,14,0,30,,8645,4,0,14,0,70,,8646,4,0,14,0,100,,8647,4,0,14,0,100,,8648,4,0,14,0,100,,8649,4,0,14,0,100,,8650,4,0,14,0,100,,8651,4,0,14,0
3001000,'236.0.2',603,,8653,4,0,14,0,100,,8654,4,0,14,0,30,,8655,4,0,14,0,70,,8656,4,0,14,0,30,,8657,4,0,14,0,70,,8658,4,0,14,0,30,,8659,4,0,14,0,70,,8660,4,0,14,0,30,,8661,4,0,14,0,70,,8662,4,0,14,0,30,,8663,4,0,14,0,70,,8664,4,0,14,0,30,,8665,4,0,14,0,70,,8666,4,0,14,0,30,,8667,4,0,14,0,70,,8668,4,0,14,0,30,,8669,4,0,14,0,70,,8670,4,0,14,0,30,,8671,4,0,14,0,70,,8672,4,0,14,0,30,,8673,4,0,14,0,70,,8674,4,0,14,0,30,,8675,4,0,14,0,70,,8676,4,0,14,0,100,,8677,4,0,14,0,100,,8678,4,0,14,0,100,,8679,4,0,14,0,100,,8680,4,0,14,0,100,,8681,4,0,14,0
3001000,'236.0.3',550,,8685,4,0,14,0,59,,8686,4,0,14,0,20,,8687,4,0,14,0,19,,8688,4,0,14,0,58,,8689,4,0,14,0,17,,8690,4,0,14,0,18,,8691,4,0,14,0,70,,8692,4,0,14,0,20,,8693,4,0,14,0,20,,8694,4,0,14,0,68,,8695,4,0,14,0,30,,8696,4,0,14,0,70,,8697,4,0,14,0,30,,8698,4,0,14,0,70,,8699,4,0,14,0,30,,8700,4,0,14,0,70,,8701,4,0,14,0,30,,8702,4,0,14,0,70,,8703,4,0,14,0,30,,8704,4,0,14,0,60,,8705,4,0,14,0,20,,8706,4,0,14,0,20,,8707,4,0,14,0,60,,8708,4,0,14,0,20,,8709,4,0,14,0,20,,8710,4,0,14,0,60,,8711,4,0,14,0,20,,8712,4,0,14,0,20,,8713,4,0,14,0,60,,8714,4,0,14,0,20,,8715,4,0,14,0,20,,8716,4,0,14,0,60,,8717,4,0,14,0,20,,8718,4,0,14,0,20,,8719,4,0,14,0,59,,8720,4,0,14,0,30,,8721,4,0,14,0,70,,8722,4,0,14,0,30,,8723,4,0,14,0,70,,8724,4,0,14,0,30,,8725,4,0,14,0,69,,8726,4,0,14,0,30,,8727,4,0,14,0,70,,8728,4,0,14,0,30,,8729,4,0,14,0,70,,8730,4,0,14,0
