2100,'236.0.1',615,,15015,,,0,30,,15016,,,0,71,,15017,,,0,30,,15018,,,0,70,,15019,,,0,30,,15020,,,0,70,,15021,,,0,30,,15022,,,0,75,,15023,,,0,31,,15024,,,0,70,,15025,,,0,30,,15026,,,0,73,,15027,,,0,31,,15028,,,0,70,,15029,,,0,30,,15030,,,0,70,,15031,,,0,30,,15032,,,0,70,,15033,,,0,30,,15034,,,0,70,,15035,,,0,30,,15036,,,0,70,,15037,,,0,30,,15038,,,0,67,,15039,,,0,26,,15040,,,0,70,,15041,,,0,30,,15042,,,0,70,,15043,,,0,34,,15044,,,0,67,,15045,,,0,30,,15046,,,0,70,,15047,,,0,100,,15048,,,0,100,,15049,,,0
2100,'236.0.2',721,,15050,,,0,100,,15051,,,0,100,,15052,,,0,100,,15053,,,0,107,,15054,,,0,100,,15055,,,0,100,,15056,,,0,100,,15057,,,0,100,,15058,,,0,100,,15059,,,0,100,,15060,,,0,95,,15061,,,0,100,,15062,,,0,101,,15063,,,0,100,,15064,,,0,100,,15065,,,0,100,,15066,,,0,100,,15067,,,0
2100,'236.0.3',555,,15068,,,0,71,,15069,,,0,30,,15070,,,0,69,,15071,,,0,32,,15072,,,0,70,,15073,,,0,30,,15074,,,0,70,,15075,,,0,105,,15076,,,0,98,,15077,,,0,102,,15078,,,0,100,,15079,,,0,100,,15080,,,0,100,,15081,,,0,75,,15082,,,0,30,,15083,,,0,70,,15084,,,0,34,,15085,,,0,65,,15086,,,0,26,,15087,,,0,71,,15088,,,0,28,,15089,,,0,70,,15090,,,0,28,,15091,,,0,89,,15092,,,0,100,,15093,,,0,100,,15094,,,0,100,,15095,,,0
2800,'236.0.1',732,,15737,,,0,70,,15738,,,0,30,,15739,,,0,70,,15740,,,0,30,,15741,,,0,70,,15742,,,0,36,,15743,,,0,71,,15744,,,0,30,,15745,,,0,70,,15746,,,0,30,,15747,,,0,70,,15748,,,0,30,,15749,,,0,70,,15750,,,0,30,,15751,,,0,70,,15752,,,0,30,,15753,,,0,70,,15754,,,0,30,,15755,,,0,70,,15756,,,0,30,,15757,,,0,70,,15758,,,0,24,,15759,,,0,69,,15760,,,0,30,,15761,,,0,70,,15762,,,0,30,,15763,,,0,70,,15764,,,0,30,,15765,,,0,70,,15766,,,0,30,,15767,,,0,70,,15768,,,0,30,,15769,,,0,70,,15770,,,0
2800,'236.0.2',750,,15771,,,0,100,,15772,,,0,101,,15773,,,0,100,,15774,,,0,100,,15775,,,0,104,,15776,,,0,100,,15777,,,0,100,,15778,,,0,100,,15779,,,0,100,,15780,,,0,96,,15781,,,0,100,,15782,,,0,100,,15783,,,0,100,,15784,,,0,100,,15785,,,0,100,,15786,,,0,100,,15787,,,0
2800,'236.0.3',645,,15788,,,0,70,,15789,,,0,36,,15790,,,0,70,,15791,,,0,30,,15792,,,0,70,,15793,,,0,27,,15794,,,0,70,,15795,,,0,30,,15796,,,0,70,,15797,,,0,30,,15798,,,0,70,,15799,,,0,30,,15800,,,0,70,,15801,,,0,30,,15802,,,0,70,,15803,,,0,30,,15804,,,0,72,,15805,,,0,32,,15806,,,0,70,,15807,,,0,30,,15808,,,0,70,,15809,,,0,30,,15810,,,0,69,,15811,,,0,24,,15812,,,0,70,,15813,,,0,30,,15814,,,0,70,,15815,,,0,30,,15816,,,0,100,,15817,,,0,100,,15818,,,0,100,,15819,,,0
3901,'236.0.1',645,,16209,,,0,70,,16210,,,0,30,,16211,,,0,70,,16212,,,0,31,,16213,,,0,71,,16214,,,0,30,,16215,,,0,70,,16216,,,0,30,,16217,,,0,70,,16218,,,0,30,,16219,,,0,70,,16220,,,0,30,,16221,,,0,70,,16222,,,0,30,,16223,,,0,70,,16224,,,0,30,,16225,,,0,70,,16226,,,0,30,,16227,,,0,70,,16228,,,0,30,,16229,,,0,70,,16230,,,0,30,,16231,,,0,70,,16232,,,0,30,,16233,,,0,70,,16234,,,0,30,,16235,,,0,70,,16236,,,0,30,,16237,,,0,70,,16238,,,0,30,,16239,,,0,69,,16240,,,0,30,,16241,,,0,70,,16242,,,0,30,,16243,,,0
3901,'236.0.2',715,,16244,,,0,100,,16245,,,0,100,,16246,,,0,100,,16247,,,0,101,,16248,,,0,100,,16249,,,0,100,,16250,,,0,100,,16251,,,0,100,,16252,,,0,100,,16253,,,0,100,,16254,,,0,100,,16255,,,0,100,,16256,,,0,99,,16257,,,0,100,,16258,,,0,100,,16259,,,0
3901,'236.0.3',629,,16260,,,0,30,,16261,,,0,73,,16262,,,0,70,,16263,,,0,30,,16264,,,0,70,,16265,,,0,30,,16266,,,0,70,,16267,,,0,30,,16268,,,0,70,,16269,,,0,30,,16270,,,0,70,,16271,,,0,30,,16272,,,0,70,,16273,,,0,30,,16274,,,0,70,,16275,,,0,30,,16276,,,0,70,,16277,,,0,31,,16278,,,0,77,,16279,,,0,30,,16280,,,0,70,,16281,,,0,30,,16282,,,0,69,,16283,,,0,24,,16284,,,0,100,,16285,,,0,99,,16286,,,0,100,,16287,,,0,100,,16288,,,0,100,,16289,,,0
13600,'236.0.3',625,,19137,,,0,27,,19138,,,0,53,,19139,,,0,13,,19140,,,0,14,,19141,,,0,16,,19142,,,0,9,,19143,,,0,59,,19144,,,0
13700,'236.0.3',627,,19157,,,0,24,,19153,,,0,58,,19158,,,0,8,,19154,,,0,29,,19155,,,0,70,,19156,,,0
13800,'236.0.3',611,,19165,,,0,29,,19166,,,0,14,,19167,,,0,54,,19168,,,0,27,,19169,,,0,5,,19170,,,0,64,,19171,,,0
2003001,'236.0.1',623,,21409,,,0,30,,21410,,,0,70,,21411,,,0,30,,21412,,,0,70,,21413,,,0,30,,21414,,,0,70,,21415,,,0,30,,21416,,,0,72,,21417,,,0,30,,21418,,,0,70,,21419,,,0,30,,21420,,,0,70,,21421,,,0,30,,21422,,,0,70,,21423,,,0,30,,21424,,,0,70,,21425,,,0,30,,21426,,,0,70,,21427,,,0,30,,21428,,,0,70,,21429,,,0,30,,21430,,,0,70,,21431,,,0,30,,21432,,,0,70,,21433,,,0,30,,21434,,,0,70,,21435,,,0,30,,21436,,,0,69,,21437,,,0,29,,21438,,,0,70,,21439,,,0,30,,21440,,,0,70,,21441,,,0,30,,21442,,,0,70,,21443,,,0
2003001,'236.0.2',651,,21444,,,0,100,,21445,,,0,100,,21446,,,0,100,,21447,,,0,100,,21448,,,0,100,,21449,,,0,100,,21450,,,0,100,,21451,,,0,100,,21452,,,0,100,,21453,,,0,100,,21454,,,0,100,,21455,,,0,100,,21456,,,0,100,,21457,,,0,100,,21458,,,0,100,,21459,,,0,100,,21460,,,0,100,,21461,,,0
2003001,'236.0.3',603,,21462,,,0,30,,21463,,,0,70,,21464,,,0,35,,21465,,,0,70,,21466,,,0,30,,21467,,,0,70,,21468,,,0,28,,21469,,,0,70,,21470,,,0,30,,21471,,,0,70,,21472,,,0,30,,21473,,,0,70,,21474,,,0,30,,21475,,,0,70,,21476,,,0,30,,21477,,,0,70,,21478,,,0,30,,21479,,,0,72,,21480,,,0,30,,21481,,,0,70,,21482,,,0,30,,21483,,,0,70,,21484,,,0,30,,21485,,,0,70,,21486,,,0,30,,21487,,,0,70,,21488,,,0,29,,21489,,,0,68,,21490,,,0,30,,21491,,,0,70,,21492,,,0,30,,21493,,,0,69,,21494,,,0,29,,21495,,,0,70,,21496,,,0,30,,21497,,,0
