2400,'236.0.1',619,,2343,35,,,0,30,,2344,35,,,0,70,,2345,35,,,0,30,,2346,35,,,0,70,,2347,35,,,0,30,,2348,35,,,0,70,,2349,35,,,0,30,,2350,35,,,0,71,,2351,35,,,0,30,,2352,35,,,0,70,,2353,35,,,0,32,,2354,35,,,0,70,,2355,35,,,0,30,,2356,35,,,0,70,,2357,35,,,0,30,,2358,35,,,0,70,,2359,35,,,0,28,,2360,35,,,0,70,,2361,35,,,0,30,,2362,35,,,0,70,,2363,35,,,0,30,,2364,35,,,0,70,,2365,35,,,0,30,,2366,35,,,0,70,,2367,35,,,0,28,,2368,35,,,0,70,,2369,35,,,0,30,,2370,35,,,0,70,,2371,35,,,0,30,,2372,35,,,0,70,,2373,35,,,0,30,,2374,35,,,0,70,,2375,35,,,0,30,,2376,35,,,0,70,,2377,35,,,0,30,,2378,35,,,0
2400,'236.0.2',618,,2379,35,,,0,30,,2380,35,,,0,70,,2381,35,,,0,30,,2382,35,,,0,70,,2383,35,,,0,30,,2384,35,,,0,70,,2385,35,,,0,32,,2386,35,,,0,70,,2387,35,,,0,30,,2388,35,,,0,70,,2389,35,,,0,30,,2390,35,,,0,70,,2391,35,,,0,30,,2392,35,,,0,70,,2393,35,,,0,30,,2394,35,,,0,70,,2395,35,,,0,30,,2396,35,,,0,70,,2397,35,,,0,30,,2398,35,,,0,70,,2399,35,,,0,30,,2400,35,,,0,70,,2401,35,,,0,30,,2402,35,,,0,70,,2403,35,,,0,28,,2404,35,,,0,70,,2405,35,,,0,30,,2406,35,,,0,70,,2407,35,,,0,30,,2408,35,,,0,70,,2409,35,,,0,30,,2410,35,,,0,70,,2411,35,,,0,30,,2412,35,,,0,70,,2413,35,,,0,30,,2414,35,,,0
2400,'236.0.3',621,,2415,35,,,0,30,,2416,35,,,0,68,,2417,35,,,0,30,,2418,35,,,0,70,,2419,35,,,0,34,,2420,35,,,0,67,,2421,35,,,0,30,,2422,35,,,0,70,,2423,35,,,0,30,,2424,35,,,0,70,,2425,35,,,0,30,,2426,35,,,0,70,,2427,35,,,0,30,,2428,35,,,0,70,,2429,35,,,0,30,,2430,35,,,0,70,,2431,35,,,0,30,,2432,35,,,0,70,,2433,35,,,0,30,,2434,35,,,0,70,,2435,35,,,0,30,,2436,35,,,0,70,,2437,35,,,0,30,,2438,35,,,0,70,,2439,35,,,0,30,,2440,35,,,0,68,,2441,35,,,0,30,,2442,35,,,0,70,,2443,35,,,0,30,,2444,35,,,0,70,,2445,35,,,0,30,,2446,35,,,0,70,,2447,35,,,0,30,,2448,35,,,0,70,,2449,35,,,0,30,,2450,35,,,0
12700,'236.0.3',629,,6052,21,,,0,18,,6053,21,,,0,59,,6054,21,,,0,9,,6055,21,,,0,8,,6056,21,,,0,18,,6057,21,,,0,13,,6058,21,,,0,55,,6059,21,,,0,5,,6060,21,,,0
1000901,'236.0.1',657,,6973,30,,,0,100,,6974,30,,,0,101,,6975,30,,,0,100,,6976,30,,,0,100,,6977,30,,,0,100,,6978,30,,,0,100,,6979,30,,,0,100,,6980,30,,,0,100,,6981,30,,,0,100,,6982,30,,,0,100,,6983,30,,,0,98,,6984,30,,,0,100,,6985,30,,,0,100,,6986,30,,,0,99,,6987,30,,,0,100,,6988,30,,,0,100,,6989,30,,,0,100,,6990,30,,,0
1000901,'236.0.2',656,,6991,30,,,0,98,,6992,30,,,0,102,,6993,30,,,0,100,,6994,30,,,0,100,,6995,30,,,0,100,,6996,30,,,0,100,,6997,30,,,0,100,,6998,30,,,0,100,,6999,30,,,0,100,,7000,30,,,0,100,,7001,30,,,0,100,,7002,30,,,0,100,,7003,30,,,0,100,,7004,30,,,0,97,,7005,30,,,0,100,,7006,30,,,0,100,,7007,30,,,0,100,,7008,30,,,0
1000901,'236.0.3',542,,7009,30,,,0,67,,7010,30,,,0,25,,7011,30,,,0,10,,7012,30,,,0,5,,7013,30,,,0,55,,7014,30,,,0,18,,7015,30,,,0,5,,7016,30,,,0,15,,7017,30,,,0,10,,7018,30,,,0,60,,7019,30,,,0,10,,7020,30,,,0,20,,7021,30,,,0,9,,7022,30,,,0,52,,7023,30,,,0,10,,7024,30,,,0,25,,7025,30,,,0,15,,7026,30,,,0,55,,7027,30,,,0,30,,7028,30,,,0,15,,7029,30,,,0,55,,7030,30,,,0,30,,7031,30,,,0,15,,7032,30,,,0,55,,7033,30,,,0,30,,7034,30,,,0,15,,7035,30,,,0,55,,7036,30,,,0,30,,7037,30,,,0,15,,7038,30,,,0,55,,7039,30,,,0,30,,7040,30,,,0,15,,7041,30,,,0,55,,7042,30,,,0,30,,7043,30,,,0,65,,7044,30,,,0,5,,7045,30,,,0,25,,7046,30,,,0,10,,7047,30,,,0,60,,7048,30,,,0,10,,7049,30,,,0,20,,7050,30,,,0,10,,7051,30,,,0,60,,7052,30,,,0,10,,7053,30,,,0,18,,7054,30,,,0,10,,7055,30,,,0,65,,7056,30,,,0,30,,7057,30,,,0,71,,7058,30,,,0,29,,7059,30,,,0,70,,7060,30,,,0,28,,7061,30,,,0,70,,7062,30,,,0,35,,7063,30,,,0,20,,7064,30,,,0,80,,7065,30,,,0,20,,7066,30,,,0,80,,7067,30,,,0,20,,7068,30,,,0
2000901,'236.0.1',628,,8002,46,0,13,0,100,,8003,46,0,13,0,99,,8004,46,0,13,0,101,,8005,46,0,13,0,100,,8006,46,0,13,0,100,,8007,46,0,13,0,100,,8008,46,0,13,0,100,,8009,46,0,13,0,100,,8010,46,0,13,0,100,,8011,46,0,13,0,100,,8012,46,0,13,0,100,,8013,46,0,13,0,98,,8014,46,0,13,0,100,,8015,46,0,13,0,99,,8016,46,0,13,0,100,,8017,46,0,13,0,100,,8018,46,0,13,0,100,,8019,46,0,13,0,100,,8020,46,0,13,0
2000901,'236.0.2',626,,8021,46,0,13,0,100,,8022,46,0,13,0,98,,8023,46,0,13,0,102,,8024,46,0,13,0,100,,8025,46,0,13,0,100,,8026,46,0,13,0,100,,8027,46,0,13,0,100,,8028,46,0,13,0,100,,8029,46,0,13,0,100,,8030,46,0,13,0,100,,8031,46,0,13,0,100,,8032,46,0,13,0,100,,8033,46,0,13,0,100,,8034,46,0,13,0,97,,8035,46,0,13,0,100,,8036,46,0,13,0,100,,8037,46,0,13,0,99,,8038,46,0,13,0,100,,8039,46,0,13,0
2000901,'236.0.3',554,,8040,46,0,13,0,70,,8041,46,0,13,0,30,,8042,46,0,13,0,78,,8043,46,0,13,0,70,,8044,46,0,13,0,30,,8045,46,0,13,0,23,,8046,46,0,13,0,69,,8047,46,0,13,0,100,,8048,46,0,13,0,100,,8049,46,0,13,0,100,,8050,46,0,13,0,100,,8051,46,0,13,0,100,,8052,46,0,13,0,99,,8053,46,0,13,0,30,,8054,46,0,13,0,70,,8055,46,0,13,0,30,,8056,46,0,13,0,70,,8057,46,0,13,0,30,,8058,46,0,13,0,69,,8059,46,0,13,0,29,,8060,46,0,13,0,70,,8061,46,0,13,0,30,,8062,46,0,13,0,70,,8063,46,0,13,0,30,,8064,46,0,13,0,70,,8065,46,0,13,0,22,,8066,46,0,13,0,70,,8067,46,0,13,0,100,,8068,46,0,13,0,100,,8069,46,0,13,0
