800,'236.0.1',606,,1718,36,,,0,30,,1719,36,,,0,70,,1720,36,,,0,30,,1721,36,,,0,70,,1722,36,,,0,23,,1723,36,,,0,22,,1724,36,,,0,70,,1725,36,,,0,30,,1726,36,,,0,70,,1727,36,,,0,31,,1728,36,,,0,69,,1729,36,,,0,30,,1730,36,,,0,70,,1731,36,,,0,30,,1732,36,,,0,70,,1733,36,,,0,30,,1734,36,,,0,70,,1735,36,,,0,32,,1736,36,,,0,70,,1737,36,,,0,30,,1738,36,,,0,70,,1739,36,,,0,30,,1740,36,,,0,70,,1741,36,,,0,30,,1742,36,,,0,70,,1743,36,,,0,30,,1744,36,,,0,70,,1745,36,,,0,30,,1746,36,,,0,70,,1747,36,,,0,30,,1748,36,,,0,70,,1749,36,,,0,30,,1750,36,,,0,70,,1751,36,,,0,26,,1752,36,,,0,69,,1753,36,,,0,30,,1754,36,,,0,100,,1755,36,,,0
800,'236.0.2',624,,1756,36,,,0,30,,1757,36,,,0,70,,1758,36,,,0,30,,1759,36,,,0,70,,1760,36,,,0,30,,1761,36,,,0,70,,1762,36,,,0,30,,1763,36,,,0,70,,1764,36,,,0,34,,1765,36,,,0,70,,1766,36,,,0,25,,1767,36,,,0,71,,1768,36,,,0,32,,1769,36,,,0,70,,1770,36,,,0,30,,1771,36,,,0,70,,1772,36,,,0,30,,1773,36,,,0,70,,1774,36,,,0,30,,1775,36,,,0,70,,1776,36,,,0,75,,1777,36,,,0,29,,1778,36,,,0,70,,1779,36,,,0,30,,1780,36,,,0,29,,1781,36,,,0,68,,1782,36,,,0,30,,1783,36,,,0,68,,1784,36,,,0,29,,1785,36,,,0,70,,1786,36,,,0,30,,1787,36,,,0,70,,1788,36,,,0,30,,1789,36,,,0,100,,1790,36,,,0,100,,1791,36,,,0
800,'236.0.3',554,,1794,36,,,0,70,,1795,36,,,0,30,,1796,36,,,0,77,,1797,36,,,0,72,,1798,36,,,0,31,,1799,36,,,0,70,,1800,36,,,0,30,,1801,36,,,0,70,,1802,36,,,0,20,,1803,36,,,0,20,,1804,36,,,0,60,,1805,36,,,0,20,,1806,36,,,0,20,,1807,36,,,0,60,,1808,36,,,0,20,,1809,36,,,0,20,,1810,36,,,0,60,,1811,36,,,0,20,,1812,36,,,0,20,,1813,36,,,0,60,,1814,36,,,0,20,,1815,36,,,0,20,,1816,36,,,0,61,,1817,36,,,0,29,,1818,36,,,0,24,,1819,36,,,0,60,,1820,36,,,0,20,,1821,36,,,0,20,,1822,36,,,0,60,,1823,36,,,0,20,,1824,36,,,0,20,,1825,36,,,0,57,,1826,36,,,0,26,,1827,36,,,0,10,,1842,36,,,0,50,,1828,36,,,0,30,,1829,36,,,0,70,,1830,36,,,0,30,,1831,36,,,0,70,,1832,36,,,0,28,,1833,36,,,0,29,,1834,36,,,0,70,,1835,36,,,0,30,,1836,36,,,0,70,,1837,36,,,0,30,,1838,36,,,0,70,,1839,36,,,0,30,,1840,36,,,0,70,,1841,36,,,0
9000,'236.0.1',630,,5717,31,,,0,25,,5718,31,,,0,70,,5719,31,,,0,30,,5720,31,,,0,70,,5721,31,,,0,25,,5722,31,,,0,70,,5723,31,,,0,30,,5724,31,,,0,65,,5725,31,,,0,33,,5726,31,,,0,70,,5727,31,,,0,30,,5728,31,,,0,70,,5729,31,,,0,27,,5730,31,,,0,70,,5731,31,,,0,30,,5732,31,,,0,70,,5733,31,,,0,30,,5734,31,,,0,70,,5735,31,,,0,30,,5736,31,,,0,70,,5737,31,,,0,33,,5738,31,,,0,70,,5739,31,,,0,30,,5740,31,,,0,70,,5741,31,,,0,30,,5742,31,,,0,70,,5743,31,,,0,30,,5744,31,,,0,70,,5745,31,,,0,104,,5746,31,,,0,100,,5747,31,,,0,100,,5748,31,,,0,100,,5749,31,,,0
9000,'236.0.2',618,,5750,31,,,0,100,,5751,31,,,0,100,,5752,31,,,0,95,,5753,31,,,0,97,,5754,31,,,0,100,,5755,31,,,0,102,,5756,31,,,0,100,,5757,31,,,0,98,,5758,31,,,0,100,,5759,31,,,0,100,,5760,31,,,0,100,,5761,31,,,0,103,,5762,31,,,0,104,,5763,31,,,0,101,,5764,31,,,0,100,,5765,31,,,0,100,,5766,31,,,0,100,,5767,31,,,0
9000,'236.0.3',615,,5801,31,,,0,15,,5800,31,,,0,15,,5768,31,,,0,55,,5802,31,,,0,15,,5769,31,,,0,15,,5803,31,,,0,15,,5770,31,,,0,55,,5804,31,,,0,20,,5771,31,,,0,30,,5772,31,,,0,65,,5773,31,,,0,31,,5774,31,,,0,69,,5775,31,,,0,30,,5776,31,,,0,70,,5777,31,,,0,28,,5778,31,,,0,71,,5779,31,,,0,30,,5780,31,,,0,70,,5781,31,,,0,30,,5782,31,,,0,70,,5783,31,,,0,35,,5784,31,,,0,57,,5805,31,,,0,15,,5785,31,,,0,15,,5806,31,,,0,15,,5786,31,,,0,55,,5807,31,,,0,15,,5787,31,,,0,15,,5808,31,,,0,15,,5812,31,,,0,55,,5809,31,,,0,15,,5788,31,,,0,15,,5810,31,,,0,14,,5789,31,,,0,50,,5811,31,,,0,12,,5790,31,,,0,35,,5791,31,,,0,70,,5792,31,,,0,30,,5793,31,,,0,70,,5794,31,,,0,30,,5795,31,,,0,100,,5796,31,,,0,97,,5797,31,,,0,100,,5798,31,,,0,100,,5799,31,,,0
9100,'236.0.1',722,,5910,14,,,0,100,,5911,14,,,0,100,,5912,14,,,0,100,,5913,14,,,0,100,,5914,14,,,0,100,,5915,14,,,0,100,,5916,14,,,0,100,,5917,14,,,0,100,,5918,14,,,0,100,,5919,14,,,0,100,,5920,14,,,0,100,,5921,14,,,0,100,,5922,14,,,0,100,,5923,14,,,0,100,,5924,14,,,0,100,,5925,14,,,0
9100,'236.0.2',751,,5926,14,,,0,100,,5927,14,,,0,100,,5928,14,,,0,100,,5929,14,,,0,100,,5930,14,,,0,100,,5931,14,,,0,100,,5932,14,,,0,100,,5933,14,,,0,100,,5934,14,,,0,100,,5935,14,,,0,100,,5936,14,,,0,100,,5937,14,,,0,100,,5938,14,,,0,100,,5939,14,,,0,100,,5940,14,,,0
9100,'236.0.3',632,,5941,14,,,0,24,,5942,14,,,0,67,,5943,14,,,0,36,,5944,14,,,0,69,,5945,14,,,0,31,,5946,14,,,0,100,,5947,14,,,0,143,,5948,14,,,0,100,,5949,14,,,0,99,,5950,14,,,0,100,,5951,14,,,0,101,,5952,14,,,0,30,,5953,14,,,0,70,,5954,14,,,0,30,,5955,14,,,0,70,,5956,14,,,0,30,,5957,14,,,0,71,,5958,14,,,0,30,,5959,14,,,0,97,,5960,14,,,0,100,,5961,14,,,0,100,,5962,14,,,0,100,,5963,14,,,0
9300,'236.0.3',1539,,6019,22,,,0,66,,6020,22,,,0,42,,6021,22,,,0,63,,6022,22,,,0,34,,6023,22,,,0,60,,6024,22,,,0,30,,6025,22,,,0
