5401,'236.0.1',636,,3472,16,,,0,100,,3473,16,,,0,100,,3474,16,,,0,100,,3475,16,,,0,104,,3476,16,,,0,100,,3477,16,,,0,100,,3478,16,,,0,100,,3479,16,,,0,100,,3480,16,,,0,99,,3481,16,,,0,100,,3482,16,,,0,100,,3483,16,,,0,98,,3484,16,,,0,100,,3485,16,,,0,100,,3486,16,,,0,100,,3487,16,,,0,100,,3488,16,,,0
5401,'236.0.2',836,,3489,16,,,0,100,,3490,16,,,0,104,,3491,16,,,0,100,,3492,16,,,0,99,,3493,16,,,0,100,,3494,16,,,0,100,,3495,16,,,0,100,,3496,16,,,0,100,,3497,16,,,0,100,,3498,16,,,0,97,,3499,16,,,0,100,,3500,16,,,0,100,,3501,16,,,0,100,,3502,16,,,0
5401,'236.0.3',639,,3503,16,,,0,72,,3504,16,,,0,27,,3505,16,,,0,70,,3506,16,,,0,30,,3507,16,,,0,70,,3508,16,,,0,35,,3509,16,,,0,100,,3510,16,,,0,100,,3511,16,,,0,104,,3512,16,,,0,100,,3513,16,,,0,101,,3514,16,,,0,100,,3515,16,,,0,70,,3516,16,,,0,35,,3517,16,,,0,68,,3518,16,,,0,30,,3519,16,,,0,64,,3520,16,,,0,30,,3521,16,,,0,70,,3522,16,,,0,30,,3523,16,,,0,70,,3524,16,,,0,30,,3525,16,,,0,100,,3526,16,,,0
6701,'236.0.1',743,,4595,25,,,0,100,,4596,25,,,0,102,,4597,25,,,0,100,,4598,25,,,0,100,,4599,25,,,0,100,,4600,25,,,0,100,,4601,25,,,0,100,,4602,25,,,0,100,,4603,25,,,0,100,,4604,25,,,0,100,,4605,25,,,0,98,,4606,25,,,0,100,,4607,25,,,0,100,,4608,25,,,0,100,,4609,25,,,0,100,,4610,25,,,0
6701,'236.0.2',742,,4611,25,,,0,100,,4612,25,,,0,100,,4613,25,,,0,103,,4614,25,,,0,100,,4615,25,,,0,100,,4616,25,,,0,100,,4617,25,,,0,100,,4618,25,,,0,100,,4619,25,,,0,100,,4620,25,,,0,98,,4621,25,,,0,100,,4622,25,,,0,100,,4623,25,,,0,100,,4624,25,,,0,98,,4625,25,,,0,100,,4626,25,,,0
6701,'236.0.3',628,,4627,25,,,0,30,,4628,25,,,0,70,,4629,25,,,0,30,,4630,25,,,0,70,,4631,25,,,0,30,,4632,25,,,0,142,,4633,25,,,0,100,,4634,25,,,0,100,,4635,25,,,0,100,,4636,25,,,0,100,,4637,25,,,0,102,,4638,25,,,0,30,,4639,25,,,0,70,,4640,25,,,0,30,,4641,25,,,0,70,,4642,25,,,0,30,,4643,25,,,0,70,,4644,25,,,0,27,,4645,25,,,0,30,,4646,25,,,0,70,,4647,25,,,0,98,,4648,25,,,0,100,,4649,25,,,0,100,,4650,25,,,0
7200,'236.0.1',612,,4757,14,,,0,30,,4758,14,,,0,70,,4759,14,,,0,30,,4760,14,,,0,70,,4761,14,,,0,30,,4762,14,,,0,70,,4763,14,,,0,30,,4764,14,,,0,70,,4765,14,,,0,31,,4766,14,,,0,70,,4767,14,,,0,30,,4768,14,,,0,70,,4769,14,,,0,30,,4770,14,,,0,70,,4771,14,,,0,30,,4772,14,,,0,70,,4773,14,,,0,30,,4774,14,,,0,70,,4775,14,,,0,30,,4776,14,,,0,70,,4777,14,,,0,30,,4778,14,,,0,70,,4779,14,,,0,29,,4780,14,,,0,70,,4781,14,,,0,100,,4782,14,,,0,100,,4783,14,,,0,100,,4784,14,,,0,100,,4785,14,,,0,100,,4786,14,,,0
7200,'236.0.2',712,,4787,14,,,0,100,,4788,14,,,0,100,,4789,14,,,0,100,,4790,14,,,0,101,,4791,14,,,0,100,,4792,14,,,0,100,,4793,14,,,0,100,,4794,14,,,0,100,,4795,14,,,0,100,,4796,14,,,0,100,,4797,14,,,0,100,,4798,14,,,0,99,,4799,14,,,0,100,,4800,14,,,0,100,,4801,14,,,0,100,,4802,14,,,0
7200,'236.0.3',612,,4803,14,,,0,30,,4804,14,,,0,70,,4805,14,,,0,30,,4806,14,,,0,70,,4807,14,,,0,30,,4808,14,,,0,70,,4809,14,,,0,30,,4810,14,,,0,70,,4811,14,,,0,30,,4812,14,,,0,70,,4813,14,,,0,30,,4814,14,,,0,70,,4815,14,,,0,30,,4816,14,,,0,70,,4817,14,,,0,30,,4818,14,,,0,70,,4819,14,,,0,30,,4820,14,,,0,70,,4821,14,,,0,30,,4822,14,,,0,70,,4823,14,,,0,30,,4824,14,,,0,70,,4825,14,,,0,30,,4826,14,,,0,69,,4827,14,,,0,30,,4828,14,,,0,70,,4829,14,,,0,100,,4830,14,,,0,100,,4831,14,,,0,100,,4832,14,,,0,100,,4833,14,,,0
3001001,'236.0.1',601,,8731,5,,,0,54,,8732,5,,,0,100,,8733,5,,,0,70,,8734,5,,,0,30,,8735,5,,,0,70,,8736,5,,,0,30,,8737,5,,,0,74,,8738,5,,,0,30,,8739,5,,,0,71,,8740,5,,,0,72,,8741,5,,,0,34,,8742,5,,,0,70,,8743,5,,,0,30,,8744,5,,,0,70,,8745,5,,,0,30,,8746,5,,,0,70,,8747,5,,,0,30,,8748,5,,,0,70,,8749,5,,,0,30,,8750,5,,,0,70,,8751,5,,,0,30,,8752,5,,,0,70,,8753,5,,,0,30,,8754,5,,,0,67,,8755,5,,,0,28,,8756,5,,,0,70,,8757,5,,,0,100,,8758,5,,,0,56,,8759,5,,,0,97,,8760,5,,,0,100,,8761,5,,,0,95,,8762,5,0,8 7,0
3001001,'236.0.2',601,,8763,5,,,0,50,,8764,5,,,0,100,,8765,5,,,0,70,,8766,5,,,0,30,,8767,5,,,0,70,,8768,5,,,0,30,,8769,5,,,0,72,,8770,5,,,0,34,,8771,5,,,0,70,,8772,5,,,0,30,,8773,5,,,0,70,,8774,5,,,0,31,,8775,5,,,0,70,,8776,5,,,0,30,,8777,5,,,0,70,,8778,5,,,0,73,,8779,5,,,0,30,,8780,5,,,0,70,,8781,5,,,0,30,,8782,5,,,0,70,,8783,5,,,0,30,,8784,5,,,0,70,,8785,5,,,0,30,,8786,5,,,0,69,,8787,5,,,0,100,,8788,5,,,0,54,,8789,5,,,0,100,,8790,5,,,0,100,,8791,5,,,0,95,,8792,5,0,8 7,0
3001001,'236.0.3',524,,8793,5,,,0,30,,8794,5,,,0,70,,8795,5,,,0,20,,8796,5,,,0,60,,8797,5,,,0,20,,8798,5,,,0,18,,8799,5,,,0,59,,8800,5,,,0,20,,8801,5,,,0,20,,8802,5,,,0,73,,8803,5,,,0,20,,8804,5,,,0,20,,8805,5,,,0,68,,8806,5,,,0,30,,8807,5,,,0,70,,8808,5,,,0,30,,8809,5,,,0,70,,8810,5,,,0,30,,8811,5,,,0,70,,8812,5,,,0,30,,8813,5,,,0,70,,8814,5,,,0,30,,8815,5,,,0,61,,8816,5,,,0,20,,8817,5,,,0,20,,8818,5,,,0,61,,8819,5,,,0,27,,8820,5,,,0,63,,8821,5,,,0,20,,8822,5,,,0,20,,8823,5,,,0,58,,8824,5,,,0,16,,8825,5,,,0,17,,8826,5,,,0,14,,8827,5,,,0,55,,8828,5,,,0,20,,8829,5,,,0,15,,8841,5,0,9 15,0,64,,8830,5,,,0,30,,8831,5,,,0,70,,8832,5,,,0,30,,8833,5,,,0,70,,8834,5,,,0,27,,8835,5,,,0,27,,8836,5,,,0,70,,8837,5,0,8 7,0,25,,8838,5,0,8 7,0,70,,8839,5,0,8 7,0,30,,8840,5,0,8 7,0
