501,'236.0.1',621,,14609,,,0,20,,14610,,,0,60,,14611,,,0,20,,14612,,,0,20,,14613,,,0,60,,14614,,,0,20,,14615,,,0,20,,14616,,,0,60,,14617,,,0,20,,14618,,,0,20,,14619,,,0,62,,14620,,,0,24,,14621,,,0,20,,14622,,,0,60,,14623,,,0,20,,14624,,,0,20,,14625,,,0,60,,14626,,,0,20,,14627,,,0,20,,14628,,,0,60,,14629,,,0,20,,14630,,,0,20,,14631,,,0,60,,14632,,,0,20,,14633,,,0,20,,14634,,,0,60,,14635,,,0,20,,14636,,,0,20,,14637,,,0,59,,14638,,,0,19,,14639,,,0,20,,14640,,,0,60,,14641,,,0,20,,14642,,,0,20,,14643,,,0,60,,14644,,,0,20,,14645,,,0,20,,14646,,,0,60,,14647,,,0,20,,14648,,,0,20,,14649,,,0,59,,14650,,,0,17,,14651,,,0,20,,14652,,,0,60,,14653,,,0,20,,14654,,,0,20,,14655,,,0,60,,14656,,,0,20,,14657,,,0,30,,14658,,,0,70,,14659,,,0,30,,14660,,,0,70,,14661,,,0,30,,14662,,,0
501,'236.0.2',621,,14663,,,0,30,,14664,,,0,70,,14665,,,0,30,,14666,,,0,70,,14667,,,0,30,,14668,,,0,70,,14669,,,0,30,,14670,,,0,70,,14671,,,0,33,,14672,,,0,69,,14673,,,0,30,,14674,,,0,70,,14675,,,0,31,,14676,,,0,69,,14677,,,0,30,,14678,,,0,70,,14679,,,0,30,,14680,,,0,70,,14681,,,0,30,,14682,,,0,70,,14683,,,0,30,,14684,,,0,70,,14685,,,0,30,,14686,,,0,70,,14687,,,0,30,,14688,,,0,70,,14689,,,0,30,,14690,,,0,70,,14691,,,0,30,,14692,,,0,70,,14693,,,0,27,,14694,,,0,70,,14695,,,0,30,,14696,,,0,70,,14697,,,0,30,,14698,,,0
501,'236.0.3',523,,14699,,,0,30,,14700,,,0,70,,14701,,,0,15,,14702,,,0,15,,14703,,,0,55,,14704,,,0,18,,14705,,,0,22,,14706,,,0,55,,14707,,,0,15,,14708,,,0,15,,14709,,,0,14,,14710,,,0,53,,14711,,,0,12,,14712,,,0,13,,14713,,,0,15,,14714,,,0,15,,14715,,,0,55,,14716,,,0,15,,14717,,,0,15,,14718,,,0,15,,14719,,,0,55,,14720,,,0,15,,14721,,,0,15,,14722,,,0,15,,14723,,,0,55,,14724,,,0,15,,14725,,,0,15,,14726,,,0,15,,14727,,,0,55,,14728,,,0,15,,14729,,,0,15,,14730,,,0,15,,14731,,,0,55,,14732,,,0,15,,14733,,,0,15,,14734,,,0,15,,14735,,,0,55,,14736,,,0,15,,14737,,,0,15,,14738,,,0,15,,14739,,,0,58,,14740,,,0,15,,14741,,,0,15,,14742,,,0,15,,14743,,,0,55,,14744,,,0,15,,14745,,,0,15,,14746,,,0,15,,14747,,,0,55,,14748,,,0,14,,14749,,,0,12,,14750,,,0,12,,14751,,,0,60,,14752,,,0,20,,14753,,,0,20,,14754,,,0,60,,14755,,,0,20,,14756,,,0,20,,14757,,,0,60,,14758,,,0,20,,14759,,,0,20,,14760,,,0,60,,14761,,,0,30,,14762,,,0,70,,14763,,,0,30,,14764,,,0,70,,14765,,,0,30,,14766,,,0
5001,'236.0.3',634,,16294,,,0,15,,16295,,,0,71,,16296,,,0,30,,16297,,,0,70,,16298,,,0
1001001,'236.0.3',639,,20142,,,0,62,,20143,,,0,20,,20144,,,0,20,,20145,,,0,60,,20146,,,0,20,,20147,,,0,20,,20148,,,0,18,,20149,,,0,60,,20150,,,0,506,,20151,,,0,15,,20152,,,0,64,,20153,,,0,21,,20154,,,0,20,,20155,,,0,60,,20156,,,0,20,,20157,,,0,25,,20158,,,0,64,,20159,,,0,22,,20160,,,0,20,,20161,,,0,49,,20162,,,0,20,,20163,,,0
2001001,'236.0.1',649,,21221,,,0,94,,21222,,,0,87,,21223,,,0,72,,21224,,,0,30,,21225,,,0,71,,21226,,,0,33,,21227,,,0,70,,21228,,,0,30,,21229,,,0,72,,21230,,,0,33,,21231,,,0,72,,21232,,,0,30,,21233,,,0,70,,21234,,,0,30,,21235,,,0,70,,21236,,,0,30,,21237,,,0,70,,21238,,,0,30,,21239,,,0,70,,21240,,,0,30,,21241,,,0,70,,21242,,,0,30,,21243,,,0,68,,21244,,,0,26,,21245,,,0,70,,21246,,,0,30,,21247,,,0,100,,21248,,,0,99,,21249,,,0,99,,21250,,,0,100,,21251,,,0
2001001,'236.0.2',643,,21252,,,0,92,,21253,,,0,90,,21254,,,0,32,,21255,,,0,70,,21256,,,0,32,,21257,,,0,72,,21258,,,0,72,,21259,,,0,31,,21260,,,0,70,,21261,,,0,30,,21262,,,0,70,,21263,,,0,30,,21264,,,0,70,,21265,,,0,32,,21266,,,0,71,,21267,,,0,30,,21268,,,0,70,,21269,,,0,30,,21270,,,0,69,,21271,,,0,30,,21272,,,0,70,,21273,,,0,30,,21274,,,0,101,,21275,,,0,100,,21276,,,0,100,,21277,,,0,100,,21278,,,0,100,,21279,,,0,100,,21280,,,0
2001001,'236.0.3',600,,21281,,,0,30,,21282,,,0,22,,21283,,,0,62,,21284,,,0,22,,21319,,,0,20,,21285,,,0,60,,21286,,,0,20,,21287,,,0,21,,21288,,,0,91,,21289,,,0,60,,21290,,,0,24,,21291,,,0,69,,21292,,,0,31,,21293,,,0,70,,21294,,,0,30,,21295,,,0,70,,21296,,,0,30,,21297,,,0,79,,21298,,,0,21,,21299,,,0,24,,21300,,,0,55,,21301,,,0,21,,21302,,,0,20,,21303,,,0,60,,21304,,,0,21,,21305,,,0,24,,21306,,,0,65,,21307,,,0,21,,21308,,,0,60,,21309,,,0,9,,21310,,,0,20,,21311,,,0,70,,21312,,,0,27,,21313,,,0,72,,21314,,,0,30,,21315,,,0,70,,21316,,,0,30,,21317,,,0,70,,21318,,,0
3001001,'236.0.1',619,,21781,,,0,94,,21782,,,0,100,,21783,,,0,34,,21784,,,0,70,,21785,,,0,30,,21786,,,0,70,,21787,,,0,34,,21788,,,0,70,,21789,,,0,31,,21790,,,0,72,,21791,,,0,34,,21792,,,0,70,,21793,,,0,30,,21794,,,0,70,,21795,,,0,30,,21796,,,0,70,,21797,,,0,30,,21798,,,0,70,,21799,,,0,30,,21800,,,0,70,,21801,,,0,30,,21802,,,0,70,,21803,,,0,30,,21804,,,0,65,,21805,,,0,28,,21806,,,0,70,,21807,,,0,100,,21808,,,0,96,,21809,,,0,94,,21810,,,0,100,,21811,,,0
3001001,'236.0.2',618,,21813,,,0,90,,21814,,,0,100,,21815,,,0,30,,21816,,,0,70,,21817,,,0,30,,21818,,,0,72,,21819,,,0,33,,21820,,,0,74,,21821,,,0,30,,21822,,,0,70,,21823,,,0,30,,21824,,,0,71,,21825,,,0,30,,21826,,,0,70,,21827,,,0,30,,21828,,,0,73,,21829,,,0,30,,21830,,,0,70,,21831,,,0,30,,21832,,,0,70,,21833,,,0,30,,21834,,,0,70,,21835,,,0,30,,21836,,,0,67,,21837,,,0,100,,21838,,,0,94,,21839,,,0,100,,21840,,,0,100,,21841,,,0
3001001,'236.0.3',545,,21843,,,0,70,,21844,,,0,30,,21845,,,0,64,,21846,,,0,22,,21847,,,0,20,,21848,,,0,58,,21849,,,0,19,,21850,,,0,20,,21851,,,0,58,,21852,,,0,32,,21853,,,0,20,,21854,,,0,60,,21855,,,0,28,,21856,,,0,71,,21857,,,0,30,,21858,,,0,70,,21859,,,0,30,,21860,,,0,70,,21861,,,0,30,,21862,,,0,70,,21863,,,0,30,,21864,,,0,70,,21865,,,0,21,,21866,,,0,20,,21867,,,0,60,,21868,,,0,21,,21869,,,0,67,,21870,,,0,23,,21871,,,0,20,,21872,,,0,60,,21873,,,0,18,,21874,,,0,16,,21875,,,0,57,,21876,,,0,14,,21877,,,0,12,,21878,,,0,19,,21879,,,0,79,,21880,,,0,30,,21881,,,0,70,,21882,,,0,30,,21883,,,0,70,,21884,,,0,28,,21885,,,0,64,,21886,,,0
