801,'220.0.1',538,,2685,,,0,70,,2686,,,0,30,,2687,,,0,70,,2688,,,0,30,,2689,,,0,72,,2690,,,0,30,,2691,,,0,70,,2692,,,0,30,,2693,,,0,71,,2694,,,0,30,,2695,,,0,70,,2696,,,0,30,,2697,,,0,70,,2698,,,0,30,,2699,,,0,71,,2700,,,0,30,,2701,,,0,70,,2702,,,0,30,,2703,,,0,70,,2704,,,0,30,,2705,,,0,70,,2706,,,0,30,,2707,,,0,70,,2708,,,0,29,,2709,,,0,69,,2710,,,0,30,,2711,,,0,70,,2712,,,0,29,,2713,,,0,69,,2714,,,0,30,,2715,,,0,70,,2716,,,0,30,,2717,,,0,70,,2718,,,0,30,,2719,,,0,70,,2720,,,0,30,,2721,,,0,100,,2722,,,0
801,'220.0.2',543,,2723,,,0,70,,2724,,,0,30,,2725,,,0,70,,2726,,,0,30,,2727,,,0,70,,2728,,,0,30,,2729,,,0,72,,2730,,,0,30,,2731,,,0,70,,2732,,,0,30,,2733,,,0,70,,2734,,,0,30,,2735,,,0,70,,2736,,,0,30,,2737,,,0,70,,2738,,,0,30,,2739,,,0,70,,2740,,,0,30,,2741,,,0,70,,2742,,,0,30,,2743,,,0,70,,2744,,,0,30,,2745,,,0,70,,2746,,,0,30,,2747,,,0,69,,2748,,,0,30,,2749,,,0,70,,2750,,,0,30,,2751,,,0,70,,2752,,,0,30,,2753,,,0,69,,2754,,,0,30,,2755,,,0,70,,2756,,,0,100,,2757,,,0,100,,2758,,,0
801,'220.0.3',526,,2759,,,0,30,,2760,,,0,70,,2761,,,0,20,,2762,,,0,60,,2763,,,0,20,,2764,,,0,20,,2765,,,0,60,,2766,,,0,20,,2767,,,0,20,,2768,,,0,60,,2769,,,0,20,,2770,,,0,20,,2771,,,0,60,,2772,,,0,20,,2773,,,0,20,,2774,,,0,60,,2775,,,0,20,,2776,,,0,20,,2777,,,0,60,,2778,,,0,20,,2779,,,0,20,,2780,,,0,60,,2781,,,0,20,,2782,,,0,20,,2783,,,0,60,,2784,,,0,20,,2785,,,0,20,,2786,,,0,60,,2787,,,0,33,,2788,,,0,70,,2789,,,0,30,,2790,,,0,70,,2791,,,0,30,,2792,,,0,69,,2793,,,0,28,,2794,,,0,70,,2795,,,0,30,,2796,,,0,70,,2797,,,0,30,,2798,,,0,69,,2799,,,0,29,,2800,,,0,70,,2801,,,0,30,,2802,,,0,70,,2803,,,0,30,,2804,,,0,70,,2805,,,0,30,,2806,,,0
801,'220.0.4',526,,2807,,,0,30,,2808,,,0,70,,2809,,,0,20,,2810,,,0,60,,2811,,,0,20,,2812,,,0,20,,2813,,,0,60,,2814,,,0,20,,2815,,,0,20,,2816,,,0,60,,2817,,,0,20,,2818,,,0,20,,2819,,,0,60,,2820,,,0,20,,2821,,,0,20,,2822,,,0,60,,2823,,,0,20,,2824,,,0,20,,2825,,,0,60,,2826,,,0,20,,2827,,,0,20,,2828,,,0,60,,2829,,,0,20,,2830,,,0,20,,2831,,,0,60,,2832,,,0,20,,2833,,,0,20,,2834,,,0,60,,2835,,,0,33,,2836,,,0,70,,2837,,,0,30,,2838,,,0,70,,2839,,,0,30,,2840,,,0,69,,2841,,,0,28,,2842,,,0,70,,2843,,,0,30,,2844,,,0,70,,2845,,,0,30,,2846,,,0,69,,2847,,,0,29,,2848,,,0,70,,2849,,,0,30,,2850,,,0,70,,2851,,,0,30,,2852,,,0,70,,2853,,,0,30,,2854,,,0
8701,'220.0.1',619,,7995,,,0,30,,7996,,,0,70,,7997,,,0,30,,7998,,,0,70,,7999,,,0,30,,8000,,,0,70,,8001,,,0,31,,8002,,,0,70,,8003,,,0,30,,8004,,,0,70,,8005,,,0,31,,8006,,,0,70,,8007,,,0,30,,8008,,,0,70,,8009,,,0,30,,8010,,,0,70,,8011,,,0,30,,8012,,,0,70,,8013,,,0,30,,8014,,,0,70,,8015,,,0,30,,8016,,,0,70,,8017,,,0,30,,8018,,,0,68,,8019,,,0,95,,8020,,,0,100,,8021,,,0,100,,8022,,,0,100,,8023,,,0,100,,8024,,,0
8701,'220.0.2',619,,8025,,,0,100,,8026,,,0,100,,8027,,,0,101,,8028,,,0,100,,8029,,,0,100,,8030,,,0,100,,8031,,,0,102,,8032,,,0,100,,8033,,,0,100,,8034,,,0,100,,8035,,,0,100,,8036,,,0,97,,8037,,,0,100,,8038,,,0,100,,8039,,,0,100,,8040,,,0,100,,8041,,,0,99,,8042,,,0
8701,'220.0.3',641,,8043,,,0,70,,8044,,,0,15,,8045,,,0,30,,8046,,,0,70,,8047,,,0,30,,8048,,,0,70,,8049,,,0,30,,8050,,,0,70,,8051,,,0,30,,8052,,,0,70,,8053,,,0,30,,8054,,,0,70,,8055,,,0,30,,8056,,,0,70,,8057,,,0,30,,8058,,,0,70,,8059,,,0,31,,8060,,,0,70,,8061,,,0,30,,8062,,,0,71,,8063,,,0,30,,8064,,,0,70,,8065,,,0,30,,8066,,,0,68,,8067,,,0,30,,8068,,,0,90,,8069,,,0,100,,8070,,,0,100,,8071,,,0,100,,8072,,,0,100,,8073,,,0
8701,'220.0.4',641,,8074,,,0,70,,8075,,,0,15,,8076,,,0,30,,8077,,,0,70,,8078,,,0,30,,8079,,,0,70,,8080,,,0,30,,8081,,,0,70,,8082,,,0,30,,8083,,,0,70,,8084,,,0,30,,8085,,,0,70,,8086,,,0,30,,8087,,,0,70,,8088,,,0,30,,8089,,,0,70,,8090,,,0,31,,8091,,,0,70,,8092,,,0,30,,8093,,,0,71,,8094,,,0,30,,8095,,,0,70,,8096,,,0,30,,8097,,,0,68,,8098,,,0,30,,8099,,,0,90,,8100,,,0,100,,8101,,,0,100,,8102,,,0,100,,8103,,,0,100,,8104,,,0,100,,8105,,,0,100,,8106,,,0
9301,'220.0.3',602,,8699,,,0,30,,8700,,,0,69,,8701,,,0,28,,8702,,,0,71,,8703,,,0,31,,8704,,,0
9301,'220.0.4',602,,8705,,,0,30,,8706,,,0,69,,8707,,,0,28,,8708,,,0,71,,8709,,,0,31,,8710,,,0
18201,'220.0.3',548,,9031,,,0,55,,9032,,,0,15,,9033,,,0,15,,9034,,,0,16,,9035,,,0,55,,9036,,,0,15,,9037,,,0,14,,9043,,,0,15,,9038,,,0,55,,9039,,,0,15,,9040,,,0,15,,9042,,,0,15,,9041,,,0
18201,'220.0.4',548,,9044,,,0,55,,9045,,,0,15,,9046,,,0,15,,9047,,,0,16,,9048,,,0,55,,9049,,,0,15,,9050,,,0,14,,9056,,,0,15,,9051,,,0,55,,9052,,,0,15,,9053,,,0,15,,9055,,,0,15,,9054,,,0
