400,'220.0.1',606,,1597,,,0,100,,1598,,,0,100,,1599,,,0,30,,1600,,,0,70,,1601,,,0,31,,1602,,,0,72,,1603,,,0,30,,1604,,,0,70,,1605,,,0,30,,1606,,,0,70,,1607,,,0,30,,1608,,,0,70,,1609,,,0,30,,1610,,,0,70,,1611,,,0,30,,1612,,,0,70,,1613,,,0,30,,1614,,,0,70,,1615,,,0,30,,1616,,,0,70,,1617,,,0,30,,1618,,,0,70,,1619,,,0,30,,1620,,,0,70,,1621,,,0,30,,1622,,,0,70,,1623,,,0,30,,1624,,,0,69,,1625,,,0,28,,1626,,,0,70,,1627,,,0,100,,1628,,,0,100,,1629,,,0
400,'220.0.2',701,,1630,,,0,30,,1631,,,0,70,,1632,,,0,30,,1633,,,0,70,,1634,,,0,30,,1635,,,0,70,,1636,,,0,30,,1637,,,0,70,,1638,,,0,30,,1639,,,0,72,,1640,,,0,30,,1641,,,0,70,,1642,,,0,30,,1643,,,0,70,,1644,,,0,30,,1645,,,0,70,,1646,,,0,30,,1647,,,0,70,,1648,,,0,30,,1649,,,0,70,,1650,,,0,30,,1651,,,0,70,,1652,,,0,28,,1653,,,0,70,,1654,,,0,30,,1655,,,0,70,,1656,,,0,100,,1657,,,0,100,,1658,,,0,100,,1659,,,0,100,,1660,,,0
400,'220.0.3',616,,1661,,,0,20,,1662,,,0,20,,1663,,,0,60,,1664,,,0,15,,1665,,,0,18,,1666,,,0,55,,1667,,,0,15,,1668,,,0,15,,1669,,,0,15,,1670,,,0,55,,1671,,,0,15,,1672,,,0,15,,1673,,,0,15,,1674,,,0,55,,1675,,,0,15,,1676,,,0,15,,1677,,,0,15,,1678,,,0,55,,1679,,,0,15,,1680,,,0,15,,1681,,,0,17,,1682,,,0,55,,1683,,,0,15,,1684,,,0,15,,1685,,,0,15,,1686,,,0,55,,1687,,,0,15,,1688,,,0,10,,1689,,,0,10,,1690,,,0,10,,1691,,,0,50,,1692,,,0,10,,1693,,,0,10,,1694,,,0,8,,1695,,,0,8,,1696,,,0,8,,1697,,,0,8,,1698,,,0,48,,1699,,,0,8,,1700,,,0,9,,1701,,,0,8,,1702,,,0,8,,1703,,,0,8,,1704,,,0,8,,1705,,,0,8,,1706,,,0,48,,1707,,,0,8,,1708,,,0,8,,1709,,,0,8,,1710,,,0,8,,1711,,,0,8,,1712,,,0,8,,1713,,,0,48,,1714,,,0,16,,1715,,,0,8,,1716,,,0,8,,1717,,,0,8,,1718,,,0,8,,1719,,,0,8,,1720,,,0,48,,1721,,,0,13,,1722,,,0,15,,1723,,,0,15,,1724,,,0,60,,1725,,,0,20,,1726,,,0,20,,1727,,,0,60,,1728,,,0,20,,1729,,,0,20,,1730,,,0,59,,1731,,,0,18,,1732,,,0,20,,1733,,,0,60,,1734,,,0,30,,1735,,,0,70,,1736,,,0,30,,1737,,,0,70,,1738,,,0,30,,1739,,,0,70,,1740,,,0
400,'220.0.4',616,,1741,,,0,20,,1742,,,0,20,,1743,,,0,60,,1744,,,0,15,,1745,,,0,18,,1746,,,0,55,,1747,,,0,15,,1748,,,0,15,,1749,,,0,15,,1750,,,0,55,,1751,,,0,15,,1752,,,0,15,,1753,,,0,15,,1754,,,0,55,,1755,,,0,15,,1756,,,0,15,,1757,,,0,15,,1758,,,0,55,,1759,,,0,15,,1760,,,0,15,,1761,,,0,17,,1762,,,0,55,,1763,,,0,15,,1764,,,0,15,,1765,,,0,15,,1766,,,0,55,,1767,,,0,15,,1768,,,0,10,,1769,,,0,10,,1770,,,0,10,,1771,,,0,50,,1772,,,0,10,,1773,,,0,10,,1774,,,0,8,,1775,,,0,8,,1776,,,0,8,,1777,,,0,8,,1778,,,0,48,,1779,,,0,8,,1780,,,0,9,,1781,,,0,8,,1782,,,0,8,,1783,,,0,8,,1784,,,0,8,,1785,,,0,8,,1786,,,0,48,,1787,,,0,8,,1788,,,0,8,,1789,,,0,8,,1790,,,0,8,,1791,,,0,8,,1792,,,0,8,,1793,,,0,48,,1794,,,0,8,,1795,,,0,8,,1796,,,0,8,,1797,,,0,8,,1798,,,0,8,,1799,,,0,8,,1800,,,0,8,,1801,,,0,48,,1802,,,0,13,,1803,,,0,15,,1804,,,0,15,,1805,,,0,60,,1806,,,0,20,,1807,,,0,20,,1808,,,0,60,,1809,,,0,20,,1810,,,0,20,,1811,,,0,59,,1812,,,0,18,,1813,,,0,20,,1814,,,0,60,,1815,,,0,30,,1816,,,0,70,,1817,,,0,30,,1818,,,0,70,,1819,,,0,30,,1820,,,0,70,,1821,,,0,30,,1822,,,0,70,,1823,,,0
400,'220.1141.3',1710,,1824,,,0
400,'220.1143.3',1710,,1825,,,0
9000,'220.0.1',620,,8237,,,0,25,,8238,,,0,70,,8239,,,0,30,,8240,,,0,70,,8241,,,0,25,,8242,,,0,70,,8243,,,0,30,,8244,,,0,65,,8245,,,0,33,,8246,,,0,70,,8247,,,0,30,,8248,,,0,70,,8249,,,0,27,,8250,,,0,70,,8251,,,0,30,,8252,,,0,70,,8253,,,0,30,,8254,,,0,70,,8255,,,0,30,,8256,,,0,70,,8257,,,0,33,,8258,,,0,70,,8259,,,0,30,,8260,,,0,70,,8261,,,0,30,,8262,,,0,70,,8263,,,0,30,,8264,,,0,70,,8265,,,0,104,,8266,,,0,100,,8267,,,0,100,,8268,,,0,100,,8269,,,0
9000,'220.0.2',608,,8270,,,0,100,,8271,,,0,100,,8272,,,0,95,,8273,,,0,97,,8274,,,0,59,,8275,,,0,142,,8276,,,0,100,,8277,,,0,58,,8278,,,0,100,,8279,,,0,100,,8280,,,0,100,,8281,,,0,143,,8282,,,0,105,,8283,,,0,101,,8284,,,0,100,,8285,,,0,100,,8286,,,0,100,,8287,,,0
9000,'220.0.3',604,,8321,,,0,15,,8320,,,0,15,,8288,,,0,15,,8322,,,0,55,,8289,,,0,15,,8323,,,0,15,,8290,,,0,15,,8324,,,0,60,,8291,,,0,30,,8292,,,0,65,,8293,,,0,31,,8294,,,0,69,,8295,,,0,30,,8296,,,0,70,,8297,,,0,27,,8298,,,0,71,,8299,,,0,30,,8300,,,0,70,,8301,,,0,30,,8302,,,0,70,,8303,,,0,33,,8304,,,0,17,,8325,,,0,55,,8305,,,0,15,,8326,,,0,15,,8306,,,0,15,,8327,,,0,55,,8307,,,0,15,,8328,,,0,15,,8332,,,0,15,,8329,,,0,55,,8308,,,0,15,,8330,,,0,15,,8309,,,0,12,,8331,,,0,52,,8310,,,0,35,,8311,,,0,70,,8312,,,0,30,,8313,,,0,70,,8314,,,0,30,,8315,,,0,100,,8316,,,0,98,,8317,,,0,100,,8318,,,0,100,,8319,,,0
9000,'220.0.4',604,,8366,,,0,15,,8365,,,0,15,,8333,,,0,15,,8367,,,0,55,,8334,,,0,15,,8368,,,0,15,,8335,,,0,15,,8369,,,0,60,,8336,,,0,30,,8337,,,0,65,,8338,,,0,31,,8339,,,0,69,,8340,,,0,30,,8341,,,0,70,,8342,,,0,27,,8343,,,0,71,,8344,,,0,30,,8345,,,0,70,,8346,,,0,30,,8347,,,0,70,,8348,,,0,33,,8349,,,0,17,,8370,,,0,55,,8350,,,0,15,,8371,,,0,15,,8351,,,0,15,,8372,,,0,55,,8352,,,0,15,,8373,,,0,15,,8377,,,0,15,,8374,,,0,55,,8353,,,0,15,,8375,,,0,15,,8354,,,0,12,,8376,,,0,52,,8355,,,0,35,,8356,,,0,70,,8357,,,0,30,,8358,,,0,70,,8359,,,0,30,,8360,,,0,100,,8361,,,0,98,,8362,,,0,100,,8363,,,0,100,,8364,,,0,100,,8378,,,0
