800,'236.0.1',605,,14767,4,,0,31,,14768,4,,0,70,,14769,4,,0,30,,14770,4,,0,70,,14771,4,,0,36,,14772,4,,0,63,,14773,4,,0,22,,14774,4,,0,30,,14775,4,,0,70,,14776,4,,0,73,,14777,4,,0,32,,14778,4,,0,69,,14779,4,,0,30,,14780,4,,0,70,,14781,4,,0,30,,14782,4,,0,70,,14783,4,,0,30,,14784,4,,0,69,,14785,4,,0,32,,14786,4,,0,70,,14787,4,,0,30,,14788,4,,0,70,,14789,4,,0,30,,14790,4,,0,70,,14791,4,,0,30,,14792,4,,0,25,,14793,4,,0,70,,14794,4,,0,30,,14795,4,,0,70,,14796,4,,0,30,,14797,4,,0,70,,14798,4,,0,30,,14799,4,,0,70,,14800,4,,0,29,,14801,4,,0,63,,14802,4,,0,29,,14803,4,,0,70,,14804,4,,0,100,,14805,4,,0
800,'236.0.2',655,,14806,4,,0,70,,14807,4,,0,30,,14808,4,,0,70,,14809,4,,0,30,,14810,4,,0,70,,14811,4,,0,30,,14812,4,,0,70,,14813,4,,0,34,,14814,4,,0,74,,14815,4,,0,70,,14816,4,,0,26,,14817,4,,0,71,,14818,4,,0,32,,14819,4,,0,70,,14820,4,,0,30,,14821,4,,0,70,,14822,4,,0,30,,14823,4,,0,70,,14824,4,,0,30,,14825,4,,0,68,,14826,4,,0,35,,14827,4,,0,69,,14828,4,,0,30,,14829,4,,0,68,,14830,4,,0,29,,14831,4,,0,28,,14832,4,,0,69,,14833,4,,0,26,,14834,4,,0,69,,14835,4,,0,30,,14836,4,,0,70,,14837,4,,0,30,,14838,4,,0,70,,14839,4,,0,100,,14840,4,,0,100,,14841,4,,0
800,'236.0.3',525,,14842,4,,0,30,,14843,4,,0,72,,14844,4,,0,30,,14845,4,,0,74,,14846,4,,0,80,,14847,4,,0,32,,14848,4,,0,71,,14849,4,,0,30,,14850,4,,0,70,,14851,4,,0,30,,14852,4,,0,60,,14853,4,,0,20,,14854,4,,0,20,,14855,4,,0,60,,14856,4,,0,20,,14857,4,,0,20,,14858,4,,0,60,,14859,4,,0,20,,14860,4,,0,20,,14861,4,,0,60,,14862,4,,0,20,,14863,4,,0,20,,14864,4,,0,60,,14865,4,,0,20,,14866,4,,0,24,,14867,4,,0,69,,14868,4,,0,24,,14869,4,,0,60,,14870,4,,0,20,,14871,4,,0,20,,14872,4,,0,60,,14873,4,,0,18,,14874,4,,0,18,,14875,4,,0,14,,14876,4,,0,66,,14877,4,,0,10,,14892,4,,0,10,,14878,4,,0,70,,14879,4,,0,30,,14880,4,,0,70,,14881,4,,0,26,,14882,4,,0,68,,14883,4,,0,29,,14884,4,,0,70,,14885,4,,0,30,,14886,4,,0,70,,14887,4,,0,30,,14888,4,,0,70,,14889,4,,0,30,,14890,4,,0,70,,14891,4,,0
801,'236.0.1',525,,14893,,,0,30,,14894,,,0,70,,14895,,,0,30,,14896,,,0,70,,14897,,,0,30,,14898,,,0,70,,14899,,,0,30,,14900,,,0,70,,14901,,,0,30,,14902,,,0,70,,14903,,,0,30,,14904,,,0,70,,14905,,,0,30,,14906,,,0,70,,14907,,,0,30,,14908,,,0,70,,14909,,,0,30,,14910,,,0,70,,14911,,,0,30,,14912,,,0,70,,14913,,,0,30,,14914,,,0,70,,14915,,,0,30,,14916,,,0,70,,14917,,,0,30,,14918,,,0,70,,14919,,,0,30,,14920,,,0,70,,14921,,,0,30,,14922,,,0,70,,14923,,,0,30,,14924,,,0,70,,14925,,,0,30,,14926,,,0,70,,14927,,,0,30,,14928,,,0,70,,14929,,,0,100,,14930,,,0
801,'236.0.2',530,,14931,,,0,70,,14932,,,0,30,,14933,,,0,70,,14934,,,0,30,,14935,,,0,70,,14936,,,0,30,,14937,,,0,70,,14938,,,0,30,,14939,,,0,70,,14940,,,0,30,,14941,,,0,70,,14942,,,0,30,,14943,,,0,70,,14944,,,0,30,,14945,,,0,70,,14946,,,0,30,,14947,,,0,70,,14948,,,0,30,,14949,,,0,70,,14950,,,0,30,,14951,,,0,70,,14952,,,0,30,,14953,,,0,70,,14954,,,0,30,,14955,,,0,70,,14956,,,0,30,,14957,,,0,70,,14958,,,0,30,,14959,,,0,70,,14960,,,0,30,,14961,,,0,70,,14962,,,0,30,,14963,,,0,70,,14964,,,0,100,,14965,,,0,100,,14966,,,0
801,'236.0.3',510,,14967,,,0,30,,14968,,,0,70,,14969,,,0,20,,14970,,,0,20,,14971,,,0,60,,14972,,,0,20,,14973,,,0,20,,14974,,,0,60,,14975,,,0,20,,14976,,,0,20,,14977,,,0,60,,14978,,,0,20,,14979,,,0,20,,14980,,,0,60,,14981,,,0,20,,14982,,,0,20,,14983,,,0,60,,14984,,,0,20,,14985,,,0,20,,14986,,,0,60,,14987,,,0,20,,14988,,,0,20,,14989,,,0,60,,14990,,,0,20,,14991,,,0,20,,14992,,,0,60,,14993,,,0,20,,14994,,,0,20,,14995,,,0,70,,14996,,,0,30,,14997,,,0,70,,14998,,,0,30,,14999,,,0,70,,15000,,,0,30,,15001,,,0,70,,15002,,,0,30,,15003,,,0,70,,15004,,,0,30,,15005,,,0,70,,15006,,,0,30,,15007,,,0,70,,15008,,,0,30,,15009,,,0,70,,15010,,,0,30,,15011,,,0,70,,15012,,,0,30,,15013,,,0,70,,15014,,,0
8700,'236.0.1',710,,18515,4,,0,30,,18516,4,,0,70,,18517,4,,0,30,,18518,4,,0,70,,18519,4,,0,30,,18520,4,,0,67,,18521,4,,0,30,,18522,4,,0,71,,18523,4,,0,32,,18524,4,,0,70,,18525,4,,0,30,,18526,4,,0,70,,18527,4,,0,30,,18528,4,,0,70,,18529,4,,0,30,,18530,4,,0,70,,18531,4,,0,30,,18532,4,,0,70,,18533,4,,0,30,,18534,4,,0,69,,18535,4,,0,30,,18536,4,,0,70,,18537,4,,0,30,,18538,4,,0,68,,18539,4,,0,102,,18540,4,,0,100,,18541,4,,0,100,,18542,4,,0,100,,18543,4,,0,100,,18544,4,,0
8700,'236.0.2',711,,18545,4,,0,100,,18546,4,,0,102,,18547,4,,0,100,,18548,4,,0,101,,18549,4,,0,101,,18550,4,,0,100,,18551,4,,0,100,,18552,4,,0,100,,18553,4,,0,100,,18554,4,,0,100,,18555,4,,0,100,,18556,4,,0,98,,18557,4,,0,100,,18558,4,,0,100,,18559,4,,0,100,,18560,4,,0,100,,18561,4,,0
8700,'236.0.3',716,,18562,4,,0,30,,18563,4,,0,70,,18564,4,,0,31,,18565,4,,0,70,,18566,4,,0,30,,18567,4,,0,70,,18568,4,,0,30,,18569,4,,0,70,,18570,4,,0,30,,18571,4,,0,71,,18572,4,,0,30,,18573,4,,0,70,,18574,4,,0,30,,18575,4,,0,70,,18576,4,,0,30,,18577,4,,0,70,,18578,4,,0,31,,18579,4,,0,76,,18580,4,,0,33,,18581,4,,0,70,,18582,4,,0,27,,18583,4,,0,68,,18584,4,,0,25,,18585,4,,0,86,,18586,4,,0,100,,18587,4,,0,100,,18588,4,,0,100,,18589,4,,0,100,,18590,4,,0,100,,18591,4,,0
8701,'236.0.1',605,,18592,,,0,30,,18593,,,0,70,,18594,,,0,30,,18595,,,0,70,,18596,,,0,30,,18597,,,0,70,,18598,,,0,30,,18599,,,0,70,,18600,,,0,30,,18601,,,0,70,,18602,,,0,30,,18603,,,0,70,,18604,,,0,30,,18605,,,0,70,,18606,,,0,30,,18607,,,0,70,,18608,,,0,30,,18609,,,0,70,,18610,,,0,30,,18611,,,0,70,,18612,,,0,30,,18613,,,0,70,,18614,,,0,30,,18615,,,0,70,,18616,,,0,95,,18617,,,0,100,,18618,,,0,100,,18619,,,0,100,,18620,,,0,100,,18621,,,0
8701,'236.0.2',605,,18622,,,0,100,,18623,,,0,100,,18624,,,0,100,,18625,,,0,100,,18626,,,0,100,,18627,,,0,100,,18628,,,0,100,,18629,,,0,100,,18630,,,0,100,,18631,,,0,100,,18632,,,0,100,,18633,,,0,100,,18634,,,0,100,,18635,,,0,100,,18636,,,0,100,,18637,,,0,100,,18638,,,0,100,,18639,,,0
8701,'236.0.3',625,,18640,,,0,30,,18641,,,0,55,,18642,,,0,30,,18643,,,0,70,,18644,,,0,30,,18645,,,0,70,,18646,,,0,30,,18647,,,0,70,,18648,,,0,30,,18649,,,0,70,,18650,,,0,30,,18651,,,0,70,,18652,,,0,30,,18653,,,0,70,,18654,,,0,30,,18655,,,0,70,,18656,,,0,30,,18657,,,0,70,,18658,,,0,30,,18659,,,0,70,,18660,,,0,30,,18661,,,0,70,,18662,,,0,30,,18663,,,0,70,,18664,,,0,30,,18665,,,0,90,,18666,,,0,100,,18667,,,0,100,,18668,,,0,100,,18669,,,0,100,,18670,,,0
