6700,'236.0.1',816,,4539,28,,,0,100,,4540,28,,,0,104,,4541,28,,,0,103,,4542,28,,,0,100,,4543,28,,,0,100,,4544,28,,,0,100,,4545,28,,,0,100,,4546,28,,,0,100,,4547,28,,,0,100,,4548,28,,,0,100,,4549,28,,,0,94,,4550,28,,,0,99,,4551,28,,,0,100,,4552,28,,,0,100,,4553,28,,,0,100,,4554,28,,,0
6700,'236.0.2',814,,4555,28,,,0,100,,4556,28,,,0,100,,4557,28,,,0,106,,4558,28,,,0,102,,4559,28,,,0,100,,4560,28,,,0,100,,4561,28,,,0,100,,4562,28,,,0,100,,4563,28,,,0,100,,4564,28,,,0,97,,4565,28,,,0,98,,4566,28,,,0,100,,4567,28,,,0,100,,4568,28,,,0,97,,4569,28,,,0,100,,4570,28,,,0
6700,'236.0.3',630,,4571,28,,,0,70,,4572,28,,,0,30,,4573,28,,,0,70,,4574,28,,,0,30,,4575,28,,,0,70,,4576,28,,,0,30,,4577,28,,,0,100,,4578,28,,,0,99,,4579,28,,,0,100,,4580,28,,,0,100,,4581,28,,,0,100,,4582,28,,,0,100,,4583,28,,,0,30,,4584,28,,,0,70,,4585,28,,,0,30,,4586,28,,,0,70,,4587,28,,,0,71,,4588,28,,,0,30,,4589,28,,,0,70,,4590,28,,,0,100,,4591,28,,,0,100,,4592,28,,,0,100,,4593,28,,,0,100,,4594,28,,,0
1000601,'236.0.3',542,,6531,14,,,0,70,,6532,14,,,0,30,,6533,14,,,0,70,,6534,14,,,0,30,,6535,14,,,0,70,,6536,14,,,0,30,,6537,14,,,0,70,,6538,14,,,0,15,,6539,14,,,0,30,,6540,14,,,0,70,,6541,14,,,0,30,,6542,14,,,0,70,,6543,14,,,0,30,,6544,14,,,0,70,,6545,14,,,0,30,,6546,14,,,0,70,,6547,14,,,0,30,,6548,14,,,0,70,,6549,14,,,0,30,,6550,14,,,0,55,,6551,14,,,0,30,,6552,14,,,0,70,,6553,14,,,0,30,,6554,14,,,0,70,,6555,14,,,0,30,,6556,14,,,0,70,,6557,14,,,0,30,,6558,14,,,0
2000601,'236.0.1',608,,7540,14,,,0,100,,7541,14,,,0,101,,7542,14,,,0,100,,7543,14,,,0,101,,7544,14,,,0,100,,7545,14,,,0,100,,7546,14,,,0,100,,7547,14,,,0,100,,7548,14,,,0,100,,7549,14,,,0,100,,7550,14,,,0,99,,7551,14,,,0,100,,7552,14,,,0,100,,7553,14,,,0,100,,7554,14,,,0,100,,7555,14,,,0,100,,7556,14,,,0,100,,7557,14,,,0,100,,7558,14,,,0
2000601,'236.0.2',608,,7560,14,,,0,100,,7561,14,,,0,100,,7562,14,,,0,102,,7563,14,,,0,100,,7564,14,,,0,100,,7565,14,,,0,100,,7566,14,,,0,100,,7567,14,,,0,100,,7568,14,,,0,100,,7569,14,,,0,100,,7570,14,,,0,100,,7571,14,,,0,100,,7572,14,,,0,99,,7573,14,,,0,100,,7574,14,,,0,100,,7575,14,,,0,100,,7576,14,,,0,100,,7577,14,,,0,100,,7578,14,,,0
2000601,'236.0.3',548,,7581,14,,,0,70,,7582,14,,,0,31,,7583,14,,,0,70,,7584,14,,,0,30,,7585,14,,,0,70,,7586,14,,,0,31,,7587,14,,,0,65,,7588,14,,,0,100,,7589,14,,,0,100,,7590,14,,,0,100,,7591,14,,,0,100,,7592,14,,,0,100,,7593,14,,,0,104,,7594,14,,,0,30,,7595,14,,,0,70,,7596,14,,,0,30,,7597,14,,,0,69,,7598,14,,,0,30,,7599,14,,,0,70,,7600,14,,,0,100,,7601,14,,,0,100,,7602,14,,,0,100,,7603,14,,,0,100,,7604,14,,,0,100,,7605,14,,,0,100,,7606,14,,,0
3000601,'236.0.1',638,,8554,14,,,0,100,,8555,14,,,0,100,,8556,14,,,0,100,,8557,14,,,0,101,,8558,14,,,0,100,,8559,14,,,0,101,,8560,14,,,0,100,,8561,14,,,0,100,,8562,14,,,0,100,,8563,14,,,0,100,,8564,14,,,0,100,,8565,14,,,0,99,,8566,14,,,0,100,,8567,14,,,0,100,,8568,14,,,0,100,,8569,14,,,0,100,,8570,14,,,0,100,,8571,14,,,0,100,,8572,14,,,0
3000601,'236.0.2',638,,8574,14,,,0,100,,8575,14,,,0,100,,8576,14,,,0,100,,8577,14,,,0,102,,8578,14,,,0,100,,8579,14,,,0,100,,8580,14,,,0,100,,8581,14,,,0,100,,8582,14,,,0,100,,8583,14,,,0,100,,8584,14,,,0,100,,8585,14,,,0,100,,8586,14,,,0,100,,8587,14,,,0,99,,8588,14,,,0,100,,8589,14,,,0,100,,8590,14,,,0,100,,8591,14,,,0,100,,8592,14,,,0
3000601,'236.0.3',603,,8594,14,,,0,30,,8595,14,,,0,70,,8596,14,,,0,31,,8597,14,,,0,70,,8598,14,,,0,30,,8599,14,,,0,70,,8600,14,,,0,40,,8601,14,,,0,100,,8602,14,,,0,100,,8603,14,,,0,101,,8604,14,,,0,100,,8605,14,,,0,100,,8606,14,,,0,89,,8607,14,,,0,70,,8608,14,,,0,30,,8609,14,,,0,70,,8610,14,,,0,30,,8611,14,,,0,69,,8612,14,,,0,30,,8613,14,,,0,116,,8614,14,,,0,100,,8615,14,,,0,100,,8616,14,,,0,100,,8617,14,,,0,100,,8618,14,,,0,100,,8619,14,,,0
