400,'236.0.1',556,,1112,9,,,0,100,,1113,9,,,0,100,,1114,9,,,0,70,,1115,9,,,0,30,,1116,9,,,0,70,,1117,9,,,0,32,,1118,9,,,0,70,,1119,9,,,0,30,,1120,9,,,0,70,,1121,9,,,0,30,,1122,9,,,0,70,,1123,9,,,0,30,,1124,9,,,0,70,,1125,9,,,0,30,,1126,9,,,0,70,,1127,9,,,0,30,,1128,9,,,0,70,,1129,9,,,0,30,,1130,9,,,0,70,,1131,9,,,0,30,,1132,9,,,0,70,,1133,9,,,0,30,,1134,9,,,0,70,,1135,9,,,0,30,,1136,9,,,0,70,,1137,9,,,0,30,,1138,9,,,0,70,,1139,9,,,0,29,,1140,9,,,0,69,,1141,9,,,0,30,,1142,9,,,0,100,,1143,9,,,0,100,,1144,9,,,0
400,'236.0.2',651,,1145,9,,,0,70,,1146,9,,,0,30,,1147,9,,,0,70,,1148,9,,,0,30,,1149,9,,,0,70,,1150,9,,,0,30,,1151,9,,,0,70,,1152,9,,,0,30,,1153,9,,,0,70,,1154,9,,,0,31,,1155,9,,,0,70,,1156,9,,,0,30,,1157,9,,,0,70,,1158,9,,,0,30,,1159,9,,,0,70,,1160,9,,,0,30,,1161,9,,,0,70,,1162,9,,,0,30,,1163,9,,,0,70,,1164,9,,,0,30,,1165,9,,,0,70,,1166,9,,,0,30,,1167,9,,,0,69,,1168,9,,,0,30,,1169,9,,,0,70,,1170,9,,,0,30,,1171,9,,,0,100,,1172,9,,,0,100,,1173,9,,,0,100,,1174,9,,,0,100,,1175,9,,,0
400,'236.0.3',606,,1176,9,,,0,20,,1177,9,,,0,20,,1178,9,,,0,60,,1179,9,,,0,15,,1180,9,,,0,16,,1181,9,,,0,15,,1182,9,,,0,55,,1183,9,,,0,15,,1184,9,,,0,15,,1185,9,,,0,15,,1186,9,,,0,55,,1187,9,,,0,15,,1188,9,,,0,15,,1189,9,,,0,15,,1190,9,,,0,55,,1191,9,,,0,15,,1192,9,,,0,15,,1193,9,,,0,15,,1194,9,,,0,55,,1195,9,,,0,15,,1196,9,,,0,16,,1197,9,,,0,15,,1198,9,,,0,55,,1199,9,,,0,15,,1200,9,,,0,15,,1201,9,,,0,15,,1202,9,,,0,55,,1203,9,,,0,10,,1204,9,,,0,10,,1205,9,,,0,10,,1206,9,,,0,10,,1207,9,,,0,10,,1208,9,,,0,50,,1209,9,,,0,8,,1210,9,,,0,8,,1211,9,,,0,8,,1212,9,,,0,8,,1213,9,,,0,8,,1214,9,,,0,8,,1215,9,,,0,48,,1216,9,,,0,8,,1217,9,,,0,8,,1218,9,,,0,8,,1219,9,,,0,8,,1220,9,,,0,8,,1221,9,,,0,8,,1222,9,,,0,48,,1223,9,,,0,8,,1224,9,,,0,8,,1225,9,,,0,8,,1226,9,,,0,8,,1227,9,,,0,8,,1228,9,,,0,8,,1229,9,,,0,56,,1230,9,,,0,8,,1231,9,,,0,8,,1232,9,,,0,8,,1233,9,,,0,8,,1234,9,,,0,8,,1235,9,,,0,9,,1236,9,,,0,55,,1237,9,,,0,15,,1238,9,,,0,15,,1239,9,,,0,20,,1240,9,,,0,60,,1241,9,,,0,20,,1242,9,,,0,20,,1243,9,,,0,60,,1244,9,,,0,20,,1245,9,,,0,20,,1246,9,,,0,58,,1247,9,,,0,20,,1248,9,,,0,20,,1249,9,,,0,70,,1250,9,,,0,30,,1251,9,,,0,70,,1252,9,,,0,30,,1253,9,,,0,70,,1254,9,,,0,30,,1255,9,,,0
400,'236.1141.3',1656,,1256,9,,,0
400,'236.1143.3',1656,,1257,9,,,0
1001000,'236.0.3',627,,7069,9,,,0,19,,7070,9,,,0,59,,7071,9,,,0,28,,7072,9,,,0,18,,7073,9,,,0,58,,7074,9,,,0,20,,7075,9,,,0,20,,7076,9,,,0,60,,7077,9,,,0,500,,7078,9,,,0,19,,7079,9,,,0,20,,7080,9,,,0,60,,7081,9,,,0,20,,7082,9,,,0,21,,7083,9,,,0,60,,7084,9,,,0,20,,7085,9,,,0,20,,7086,9,,,0,10,,7087,9,,,0,69,,7088,9,,,0,20,,7089,9,,,0,60,,7090,9,,,0,19,,7091,9,,,0
2001000,'236.0.1',636,,8072,9,,,0,85,,8073,9,,,0,30,,8074,9,,,0,70,,8075,9,,,0,30,,8076,9,,,0,70,,8077,9,,,0,31,,8078,9,,,0,70,,8079,9,,,0,30,,8080,9,,,0,71,,8081,9,,,0,30,,8082,9,,,0,70,,8083,9,,,0,30,,8084,9,,,0,70,,8085,9,,,0,30,,8086,9,,,0,70,,8087,9,,,0,30,,8088,9,,,0,70,,8089,9,,,0,30,,8090,9,,,0,70,,8091,9,,,0,30,,8092,9,,,0,70,,8093,9,,,0,30,,8094,9,,,0,70,,8095,9,,,0,29,,8096,9,,,0,70,,8097,9,,,0,30,,8098,9,,,0,85,,8099,9,,,0,100,,8100,9,,,0,100,,8101,9,,,0,100,,8102,9,,,0
2001000,'236.0.2',636,,8103,9,,,0,115,,8104,9,,,0,70,,8105,9,,,0,30,,8106,9,,,0,70,,8107,9,,,0,31,,8108,9,,,0,70,,8109,9,,,0,30,,8110,9,,,0,70,,8111,9,,,0,30,,8112,9,,,0,70,,8113,9,,,0,30,,8114,9,,,0,70,,8115,9,,,0,30,,8116,9,,,0,70,,8117,9,,,0,30,,8118,9,,,0,70,,8119,9,,,0,30,,8120,9,,,0,70,,8121,9,,,0,30,,8122,9,,,0,70,,8123,9,,,0,30,,8124,9,,,0,85,,8125,9,,,0,99,,8126,9,,,0,100,,8127,9,,,0,100,,8128,9,,,0,100,,8129,9,,,0,100,,8130,9,,,0,100,,8131,9,,,0
2001000,'236.0.3',549,,8132,9,,,0,91,,8133,9,,,0,60,,8134,9,,,0,20,,8135,9,,,0,20,,8136,9,,,0,61,,8137,9,,,0,21,,8138,9,,,0,20,,8139,9,,,0,60,,8140,9,,,0,37,,8141,9,,,0,70,,8142,9,,,0,30,,8143,9,,,0,70,,8144,9,,,0,30,,8145,9,,,0,70,,8146,9,,,0,30,,8147,9,,,0,70,,8148,9,,,0,30,,8149,9,,,0,65,,8150,9,,,0,17,,8151,9,,,0,20,,8152,9,,,0,60,,8153,9,,,0,20,,8154,9,,,0,21,,8155,9,,,0,60,,8156,9,,,0,20,,8157,9,,,0,20,,8158,9,,,0,60,,8159,9,,,0,19,,8160,9,,,0,20,,8161,9,,,0,60,,8162,9,,,0,19,,8163,9,,,0,23,,8164,9,,,0,60,,8165,9,,,0,24,,8166,9,,,0,30,,8167,9,,,0,70,,8168,9,,,0,30,,8169,9,,,0,70,,8170,9,,,0
3001000,'236.0.1',606,,8621,9,0,14,0,100,,8622,9,0,14,0,30,,8623,9,0,14,0,70,,8624,9,0,14,0,30,,8625,9,0,14,0,70,,8626,9,0,14,0,31,,8627,9,0,14,0,70,,8628,9,0,14,0,30,,8629,9,0,14,0,70,,8630,9,0,14,0,31,,8631,9,0,14,0,70,,8632,9,0,14,0,30,,8633,9,0,14,0,70,,8634,9,0,14,0,30,,8635,9,0,14,0,70,,8636,9,0,14,0,30,,8637,9,0,14,0,70,,8638,9,0,14,0,30,,8639,9,0,14,0,70,,8640,9,0,14,0,30,,8641,9,0,14,0,70,,8642,9,0,14,0,30,,8643,9,0,14,0,70,,8644,9,0,14,0,29,,8645,9,0,14,0,70,,8646,9,0,14,0,100,,8647,9,0,14,0,100,,8648,9,0,14,0,100,,8649,9,0,14,0,100,,8650,9,0,14,0,100,,8651,9,0,14,0
3001000,'236.0.2',606,,8653,9,0,14,0,100,,8654,9,0,14,0,30,,8655,9,0,14,0,70,,8656,9,0,14,0,30,,8657,9,0,14,0,70,,8658,9,0,14,0,30,,8659,9,0,14,0,71,,8660,9,0,14,0,30,,8661,9,0,14,0,70,,8662,9,0,14,0,30,,8663,9,0,14,0,70,,8664,9,0,14,0,30,,8665,9,0,14,0,70,,8666,9,0,14,0,30,,8667,9,0,14,0,70,,8668,9,0,14,0,30,,8669,9,0,14,0,70,,8670,9,0,14,0,30,,8671,9,0,14,0,70,,8672,9,0,14,0,30,,8673,9,0,14,0,70,,8674,9,0,14,0,30,,8675,9,0,14,0,70,,8676,9,0,14,0,100,,8677,9,0,14,0,99,,8678,9,0,14,0,100,,8679,9,0,14,0,100,,8680,9,0,14,0,100,,8681,9,0,14,0
3001000,'236.0.3',554,,8685,9,0,14,0,59,,8686,9,0,14,0,20,,8687,9,0,14,0,19,,8688,9,0,14,0,58,,8689,9,0,14,0,17,,8690,9,0,14,0,18,,8691,9,0,14,0,71,,8692,9,0,14,0,20,,8693,9,0,14,0,20,,8694,9,0,14,0,68,,8695,9,0,14,0,30,,8696,9,0,14,0,70,,8697,9,0,14,0,30,,8698,9,0,14,0,70,,8699,9,0,14,0,30,,8700,9,0,14,0,70,,8701,9,0,14,0,30,,8702,9,0,14,0,70,,8703,9,0,14,0,30,,8704,9,0,14,0,60,,8705,9,0,14,0,20,,8706,9,0,14,0,20,,8707,9,0,14,0,60,,8708,9,0,14,0,20,,8709,9,0,14,0,21,,8710,9,0,14,0,60,,8711,9,0,14,0,20,,8712,9,0,14,0,20,,8713,9,0,14,0,59,,8714,9,0,14,0,20,,8715,9,0,14,0,20,,8716,9,0,14,0,59,,8717,9,0,14,0,20,,8718,9,0,14,0,20,,8719,9,0,14,0,59,,8720,9,0,14,0,30,,8721,9,0,14,0,70,,8722,9,0,14,0,30,,8723,9,0,14,0,70,,8724,9,0,14,0,30,,8725,9,0,14,0,68,,8726,9,0,14,0,30,,8727,9,0,14,0,70,,8728,9,0,14,0,30,,8729,9,0,14,0,70,,8730,9,0,14,0
