6100,'220.0.1',615,,5804,,,0,100,,5805,,,0,100,,5806,,,0,100,,5807,,,0,100,,5808,,,0,101,,5809,,,0,100,,5810,,,0,100,,5811,,,0,100,,5812,,,0,100,,5813,,,0,100,,5814,,,0,100,,5815,,,0,100,,5816,,,0,100,,5817,,,0,100,,5818,,,0,99,,5819,,,0,100,,5820,,,0,100,,5821,,,0
6100,'220.0.2',715,,5822,,,0,100,,5823,,,0,100,,5824,,,0,100,,5825,,,0,101,,5826,,,0,100,,5827,,,0,100,,5828,,,0,100,,5829,,,0,100,,5830,,,0,100,,5831,,,0,100,,5832,,,0,100,,5833,,,0,99,,5834,,,0,100,,5835,,,0,100,,5836,,,0,100,,5837,,,0
6100,'220.0.3',618,,5840,,,0,30,,5841,,,0,70,,5842,,,0,30,,5843,,,0,100,,5844,,,0,100,,5845,,,0,100,,5846,,,0,101,,5847,,,0,100,,5848,,,0,101,,5849,,,0,100,,5850,,,0,469,,5851,,,0,100,,5852,,,0,99,,5853,,,0,100,,5854,,,0
6100,'220.0.4',618,,5857,,,0,30,,5858,,,0,70,,5859,,,0,30,,5860,,,0,100,,5861,,,0,100,,5862,,,0,100,,5863,,,0,101,,5864,,,0,100,,5865,,,0,101,,5866,,,0,100,,5867,,,0,469,,5868,,,0,100,,5869,,,0,99,,5870,,,0,100,,5871,,,0,100,,5872,,,0,100,,5873,,,0,100,,5874,,,0,100,,5875,,,0
6301,'220.0.1',738,,6195,,,0,100,,6196,,,0,100,,6197,,,0,100,,6198,,,0,100,,6199,,,0,100,,6200,,,0,100,,6201,,,0,100,,6202,,,0,100,,6203,,,0,100,,6204,,,0,100,,6205,,,0,100,,6206,,,0,98,,6207,,,0,100,,6208,,,0,100,,6209,,,0,100,,6210,,,0
6301,'220.0.2',707,,6211,,,0,100,,6212,,,0,100,,6213,,,0,100,,6214,,,0,100,,6215,,,0,100,,6216,,,0,100,,6217,,,0,100,,6218,,,0,99,,6219,,,0,100,,6220,,,0,100,,6221,,,0,100,,6222,,,0,100,,6223,,,0,100,,6224,,,0,100,,6225,,,0
6301,'220.0.3',627,,6226,,,0,30,,6227,,,0,70,,6228,,,0,30,,6229,,,0,70,,6230,,,0,30,,6231,,,0,70,,6232,,,0,16,,6233,,,0,100,,6234,,,0,100,,6235,,,0,100,,6236,,,0,100,,6237,,,0,100,,6238,,,0,115,,6239,,,0,70,,6240,,,0,30,,6241,,,0,70,,6242,,,0,30,,6243,,,0,70,,6244,,,0,30,,6245,,,0,100,,6246,,,0,100,,6247,,,0,100,,6248,,,0,100,,6249,,,0
6301,'220.0.4',627,,6250,,,0,30,,6251,,,0,70,,6252,,,0,30,,6253,,,0,70,,6254,,,0,30,,6255,,,0,70,,6256,,,0,16,,6257,,,0,100,,6258,,,0,100,,6259,,,0,100,,6260,,,0,100,,6261,,,0,100,,6262,,,0,115,,6263,,,0,70,,6264,,,0,30,,6265,,,0,70,,6266,,,0,30,,6267,,,0,70,,6268,,,0,30,,6269,,,0,100,,6270,,,0,100,,6271,,,0,100,,6272,,,0,100,,6273,,,0,100,,6274,,,0,100,,6275,,,0,100,,6276,,,0
16101,'220.0.3',1554,,8970,,,0,73,,8965,,,0,75,,8966,,,0,32,,8967,,,0,25,,8968,,,0,64,,8969,,,0
16101,'220.0.4',1554,,8976,,,0,73,,8971,,,0,75,,8972,,,0,32,,8973,,,0,25,,8974,,,0,64,,8975,,,0
