6701,'236.0.1',726,,4595,4,,,0,100,,4596,4,,,0,100,,4597,4,,,0,100,,4598,4,,,0,100,,4599,4,,,0,100,,4600,4,,,0,100,,4601,4,,,0,100,,4602,4,,,0,100,,4603,4,,,0,100,,4604,4,,,0,100,,4605,4,,,0,100,,4606,4,,,0,100,,4607,4,,,0,100,,4608,4,,,0,100,,4609,4,,,0,100,,4610,4,,,0
6701,'236.0.2',726,,4611,4,,,0,100,,4612,4,,,0,100,,4613,4,,,0,100,,4614,4,,,0,100,,4615,4,,,0,100,,4616,4,,,0,100,,4617,4,,,0,100,,4618,4,,,0,100,,4619,4,,,0,100,,4620,4,,,0,100,,4621,4,,,0,100,,4622,4,,,0,100,,4623,4,,,0,100,,4624,4,,,0,100,,4625,4,,,0,100,,4626,4,,,0
6701,'236.0.3',610,,4627,4,,,0,30,,4628,4,,,0,70,,4629,4,,,0,30,,4630,4,,,0,70,,4631,4,,,0,30,,4632,4,,,0,100,,4633,4,,,0,100,,4634,4,,,0,100,,4635,4,,,0,100,,4636,4,,,0,100,,4637,4,,,0,100,,4638,4,,,0,70,,4639,4,,,0,30,,4640,4,,,0,70,,4641,4,,,0,30,,4642,4,,,0,70,,4643,4,,,0,30,,4644,4,,,0,70,,4645,4,,,0,30,,4646,4,,,0,70,,4647,4,,,0,100,,4648,4,,,0,100,,4649,4,,,0,100,,4650,4,,,0
1000600,'236.0.3',525,,6503,4,,,0,30,,6504,4,,,0,70,,6505,4,,,0,30,,6506,4,,,0,70,,6507,4,,,0,30,,6508,4,,,0,70,,6509,4,,,0,30,,6510,4,,,0,70,,6511,4,,,0,17,,6512,4,,,0,70,,6513,4,,,0,30,,6514,4,,,0,70,,6515,4,,,0,30,,6516,4,,,0,70,,6517,4,,,0,30,,6518,4,,,0,70,,6519,4,,,0,30,,6520,4,,,0,70,,6521,4,,,0,30,,6522,4,,,0,70,,6523,4,,,0,15,,6524,4,,,0,30,,6525,4,,,0,70,,6526,4,,,0,30,,6527,4,,,0,70,,6528,4,,,0,30,,6529,4,,,0,70,,6530,4,,,0
2000600,'236.0.1',545,,7471,32,,,0,100,,7472,32,,,0,100,,7473,32,,,0,100,,7474,32,,,0,100,,7475,32,,,0,102,,7476,32,,,0,100,,7477,32,,,0,102,,7478,32,,,0,100,,7479,32,,,0,100,,7480,32,,,0,100,,7481,32,,,0,99,,7482,32,,,0,100,,7483,32,,,0,99,,7484,32,,,0,98,,7485,32,,,0,100,,7486,32,,,0,100,,7487,32,,,0,98,,7488,32,,,0,100,,7489,32,,,0,100,,7490,32,,,0
2000600,'236.0.2',541,,7491,32,,,0,103,,7492,32,,,0,100,,7493,32,,,0,100,,7494,32,,,0,100,,7495,32,,,0,102,,7496,32,,,0,100,,7497,32,,,0,100,,7498,32,,,0,101,,7499,32,,,0,100,,7500,32,,,0,100,,7501,32,,,0,100,,7502,32,,,0,100,,7503,32,,,0,100,,7504,32,,,0,100,,7505,32,,,0,98,,7506,32,,,0,100,,7507,32,,,0,97,,7508,32,,,0,100,,7509,32,,,0,100,,7510,32,,,0
2000600,'236.0.3',553,,7511,32,,,0,51,,7512,32,,,0,26,,7513,34,,,0,70,,7514,34,,,0,32,,7515,34,,,0,72,,7516,34,,,0,29,,7517,34,,,0,70,,7518,34,,,0,30,,7519,34,,,0,25,,7520,34,,,0,100,,7521,34,,,0,100,,7522,34,,,0,101,,7523,34,,,0,100,,7524,34,,,0,100,,7525,34,,,0,145,,7526,34,,,0,30,,7527,34,,,0,69,,7528,34,,,0,30,,7529,34,,,0,70,,7530,34,,,0,29,,7531,34,,,0,69,,7532,34,,,0,56,,7533,34,,,0,100,,7534,34,,,0,98,,7535,32,,,0,97,,7536,32,,,0,100,,7537,32,,,0,100,,7538,32,,,0
3000600,'236.0.1',616,,8486,32,,,0,103,,8487,32,,,0,100,,8488,32,,,0,101,,8489,32,,,0,101,,8490,32,,,0,101,,8491,32,,,0,100,,8492,32,,,0,102,,8493,32,,,0,100,,8494,32,,,0,100,,8495,32,,,0,99,,8496,32,,,0,100,,8497,32,,,0,99,,8498,32,,,0,100,,8499,32,,,0,98,,8500,32,,,0,99,,8501,32,,,0,99,,8502,32,,,0,100,,8503,32,,,0,100,,8504,32,,,0,100,,8505,32,,,0
3000600,'236.0.2',616,,8506,32,,,0,103,,8507,32,,,0,100,,8508,32,,,0,100,,8509,32,,,0,100,,8510,32,,,0,102,,8511,32,,,0,101,,8512,32,,,0,101,,8513,32,,,0,100,,8514,32,,,0,100,,8515,32,,,0,99,,8516,32,,,0,100,,8517,32,,,0,100,,8518,32,,,0,100,,8519,32,,,0,100,,8520,32,,,0,98,,8521,32,,,0,98,,8522,32,,,0,100,,8523,32,,,0,100,,8524,32,,,0,100,,8525,32,,,0
3000600,'236.0.3',619,,8526,34,,,0,30,,8527,34,,,0,69,,8528,34,,,0,30,,8529,34,,,0,70,,8530,34,,,0,30,,8531,34,,,0,73,,8532,34,,,0,30,,8533,34,,,0,81,,8534,34,,,0,100,,8535,34,,,0,100,,8536,34,,,0,101,,8537,34,,,0,100,,8538,34,,,0,100,,8539,34,,,0,90,,8540,34,,,0,29,,8541,34,,,0,70,,8542,34,,,0,30,,8543,34,,,0,69,,8544,34,,,0,27,,8545,34,,,0,69,,8546,34,,,0,116,,8547,34,,,0,100,,8548,34,,,0,100,,8549,34,,,0,95,,8550,32,,,0,100,,8551,32,,,0,100,,8552,32,,,0
