1005100,'220.0.1',637,,10795,4,,0,70,,10796,4,,0,30,,10797,4,,0,70,,10798,4,,0,30,,10799,4,,0,70,,10800,4,,0,30,,10801,4,,0,70,,10802,4,,0,30,,10803,4,,0,70,,10804,4,,0,30,,10805,4,,0,70,,10806,4,,0,30,,10807,4,,0,70,,10808,4,,0,30,,10809,4,,0,70,,10810,4,,0,30,,10811,4,,0,70,,10812,4,,0,30,,10813,4,,0,70,,10814,4,,0,30,,10815,4,,0,70,,10816,4,,0,30,,10817,4,,0,70,,10818,4,,0,30,,10819,4,,0,70,,10820,4,,0,30,,10821,4,,0,70,,10822,4,,0,30,,10823,4,,0,70,,10824,4,,0,30,,10825,4,,0,70,,10826,4,,0,30,,10827,4,,0,70,,10828,4,,0,30,,10829,4,,0,70,,10830,4,,0
1005100,'220.0.2',727,,10831,4,,0,100,,10832,4,,0,100,,10833,4,,0,100,,10834,4,,0,100,,10835,4,,0,100,,10836,4,,0,100,,10837,4,,0,100,,10838,4,,0,100,,10839,4,,0,100,,10840,4,,0,100,,10841,4,,0,100,,10842,4,,0,100,,10843,4,,0,100,,10844,4,,0,100,,10845,4,,0,100,,10846,4,,0
1005100,'220.0.3',913,,10847,4,,0,30,,10848,4,,0,70,,10849,4,,0,30,,10850,4,,0,70,,10851,4,,0,30,,10852,4,,0,70,,10853,4,,0,30,,10854,4,,0,70,,10855,4,,0,30,,10856,4,,0,70,,10857,4,,0,30,,10858,4,,0,70,,10859,4,,0,31,,10860,4,,0,70,,10861,4,,0,30,,10862,4,,0,70,,10863,4,,0,30,,10864,4,,0,70,,10865,4,,0,28,,10866,4,,0,70,,10867,4,,0,30,,10868,4,,0,70,,10869,4,,0,30,,10870,4,,0,70,,10871,4,,0,30,,10872,4,,0,70,,10873,4,,0,30,,10874,4,,0,70,,10875,4,,0,30,,10876,4,,0,70,,10877,4,,0
1005100,'220.0.4',913,,10878,4,,0,30,,10879,4,,0,70,,10880,4,,0,30,,10881,4,,0,70,,10882,4,,0,30,,10883,4,,0,70,,10884,4,,0,30,,10885,4,,0,70,,10886,4,,0,30,,10887,4,,0,70,,10888,4,,0,30,,10889,4,,0,70,,10890,4,,0,31,,10891,4,,0,70,,10892,4,,0,30,,10893,4,,0,70,,10894,4,,0,30,,10895,4,,0,70,,10896,4,,0,28,,10897,4,,0,70,,10898,4,,0,30,,10899,4,,0,70,,10900,4,,0,30,,10901,4,,0,70,,10902,4,,0,30,,10903,4,,0,70,,10904,4,,0,30,,10905,4,,0,70,,10906,4,,0,30,,10907,4,,0,70,,10908,4,,0,30,,10909,4,,0,70,,10910,4,,0,30,,10911,4,,0
1005101,'220.0.1',637,,10912,,,0,70,,10913,,,0,30,,10914,,,0,70,,10915,,,0,30,,10916,,,0,70,,10917,,,0,30,,10918,,,0,70,,10919,,,0,30,,10920,,,0,70,,10921,,,0,30,,10922,,,0,70,,10923,,,0,30,,10924,,,0,70,,10925,,,0,30,,10926,,,0,70,,10927,,,0,30,,10928,,,0,70,,10929,,,0,30,,10930,,,0,70,,10931,,,0,30,,10932,,,0,70,,10933,,,0,30,,10934,,,0,70,,10935,,,0,30,,10936,,,0,70,,10937,,,0,30,,10938,,,0,70,,10939,,,0,30,,10940,,,0,70,,10941,,,0,30,,10942,,,0,70,,10943,,,0,30,,10944,,,0,70,,10945,,,0,30,,10946,,,0,70,,10947,,,0
1005101,'220.0.2',727,,10948,,,0,100,,10949,,,0,100,,10950,,,0,100,,10951,,,0,100,,10952,,,0,100,,10953,,,0,100,,10954,,,0,100,,10955,,,0,100,,10956,,,0,100,,10957,,,0,100,,10958,,,0,100,,10959,,,0,100,,10960,,,0,100,,10961,,,0,100,,10962,,,0,100,,10963,,,0
1005101,'220.0.3',914,,10964,,,0,30,,10965,,,0,70,,10966,,,0,30,,10967,,,0,70,,10968,,,0,30,,10969,,,0,70,,10970,,,0,30,,10971,,,0,70,,10972,,,0,30,,10973,,,0,70,,10974,,,0,30,,10975,,,0,70,,10976,,,0,30,,10977,,,0,70,,10978,,,0,30,,10979,,,0,70,,10980,,,0,30,,10981,,,0,70,,10982,,,0,30,,10983,,,0,70,,10984,,,0,30,,10985,,,0,70,,10986,,,0,30,,10987,,,0,70,,10988,,,0,30,,10989,,,0,70,,10990,,,0,30,,10991,,,0,70,,10992,,,0,30,,10993,,,0,70,,10994,,,0
1005101,'220.0.4',914,,10995,,,0,30,,10996,,,0,70,,10997,,,0,30,,10998,,,0,70,,10999,,,0,30,,11000,,,0,70,,11001,,,0,30,,11002,,,0,70,,11003,,,0,30,,11004,,,0,70,,11005,,,0,30,,11006,,,0,70,,11007,,,0,30,,11008,,,0,70,,11009,,,0,30,,11010,,,0,70,,11011,,,0,30,,11012,,,0,70,,11013,,,0,30,,11014,,,0,70,,11015,,,0,30,,11016,,,0,70,,11017,,,0,30,,11018,,,0,70,,11019,,,0,30,,11020,,,0,70,,11021,,,0,30,,11022,,,0,70,,11023,,,0,30,,11024,,,0,70,,11025,,,0,30,,11026,,,0,70,,11027,,,0,30,,11028,,,0
2005100,'220.0.3',614,,12461,,,0,30,,12462,,,0,70,,12463,,,0,29,,12464,,,0,70,,12465,,,0,30,,12466,,,0,668,,12467,,,0,31,,12468,,,0,70,,12469,,,0,30,,12470,,,0,70,,12471,,,0,30,,12472,,,0,68,,12473,,,0
2005100,'220.0.4',614,,12474,,,0,30,,12475,,,0,70,,12476,,,0,29,,12477,,,0,70,,12478,,,0,30,,12479,,,0,668,,12480,,,0,31,,12481,,,0,70,,12482,,,0,30,,12483,,,0,70,,12484,,,0,30,,12485,,,0,68,,12486,,,0
2005101,'220.0.3',612,,12487,,,0,30,,12488,,,0,72,,12489,,,0,30,,12490,,,0,70,,12491,,,0,30,,12492,,,0,675,,12493,,,0,30,,12494,,,0,70,,12495,,,0,30,,12496,,,0,70,,12497,,,0,30,,12498,,,0,70,,12499,,,0
2005101,'220.0.4',612,,12500,,,0,30,,12501,,,0,72,,12502,,,0,30,,12503,,,0,70,,12504,,,0,30,,12505,,,0,675,,12506,,,0,30,,12507,,,0,70,,12508,,,0,30,,12509,,,0,70,,12510,,,0,30,,12511,,,0,70,,12512,,,0
