5601,'236.0.1',637,,3730,23,,,0,70,,3731,23,,,0,30,,3732,23,,,0,70,,3733,23,,,0,30,,3734,23,,,0,70,,3735,23,,,0,30,,3736,23,,,0,70,,3737,23,,,0,36,,3738,23,,,0,70,,3739,23,,,0,30,,3740,23,,,0,70,,3741,23,,,0,30,,3742,23,,,0,70,,3743,23,,,0,30,,3744,23,,,0,70,,3745,23,,,0,30,,3746,23,,,0,70,,3747,23,,,0,30,,3748,23,,,0,70,,3749,23,,,0,30,,3750,23,,,0,68,,3751,23,,,0,30,,3752,23,,,0,70,,3753,23,,,0,30,,3754,23,,,0,70,,3755,23,,,0,30,,3756,23,,,0,70,,3757,23,,,0,30,,3758,23,,,0,66,,3759,23,,,0,30,,3760,23,,,0,70,,3761,23,,,0,30,,3762,23,,,0,70,,3763,23,,,0,30,,3764,23,,,0,70,,3765,23,,,0
5601,'236.0.2',800,,3766,23,,,0,30,,3767,23,,,0,70,,3768,23,,,0,30,,3769,23,,,0,70,,3770,23,,,0,30,,3771,23,,,0,70,,3772,23,,,0,30,,3773,23,,,0,74,,3774,23,,,0,30,,3775,23,,,0,70,,3776,23,,,0,30,,3777,23,,,0,70,,3778,23,,,0,30,,3779,23,,,0,70,,3780,23,,,0,30,,3781,23,,,0,70,,3782,23,,,0,30,,3783,23,,,0,70,,3784,23,,,0,30,,3785,23,,,0,70,,3786,23,,,0,30,,3787,23,,,0,70,,3788,23,,,0,27,,3789,23,,,0,70,,3790,23,,,0,30,,3791,23,,,0,70,,3792,23,,,0,30,,3793,23,,,0,70,,3794,23,,,0,30,,3795,23,,,0
5601,'236.0.3',639,,3796,23,,,0,70,,3797,23,,,0,30,,3798,23,,,0,70,,3799,23,,,0,30,,3800,23,,,0,70,,3801,23,,,0,30,,3802,23,,,0,70,,3803,23,,,0,34,,3804,23,,,0,70,,3805,23,,,0,30,,3806,23,,,0,70,,3807,23,,,0,30,,3808,23,,,0,70,,3809,23,,,0,30,,3810,23,,,0,70,,3811,23,,,0,30,,3812,23,,,0,70,,3813,23,,,0,31,,3814,23,,,0,70,,3815,23,,,0,30,,3816,23,,,0,70,,3817,23,,,0,30,,3818,23,,,0,70,,3819,23,,,0,30,,3820,23,,,0,69,,3821,23,,,0,27,,3822,23,,,0,70,,3823,23,,,0,30,,3824,23,,,0,70,,3825,23,,,0,29,,3826,23,,,0,69,,3827,23,,,0,30,,3828,23,,,0,70,,3829,23,,,0,30,,3830,23,,,0,70,,3831,23,,,0
7201,'236.0.1',641,,4834,10,,,0,77,,4835,30,,,0,30,,4836,30,,,0,70,,4837,30,,,0,30,,4838,30,,,0,70,,4839,30,,,0,30,,4840,30,,,0,75,,4841,30,,,0,30,,4842,30,,,0,70,,4843,30,,,0,36,,4844,30,,,0,70,,4845,30,,,0,30,,4846,30,,,0,70,,4847,30,,,0,30,,4848,30,,,0,70,,4849,30,,,0,30,,4850,30,,,0,70,,4851,30,,,0,30,,4852,30,,,0,70,,4853,30,,,0,30,,4854,30,,,0,70,,4855,30,,,0,30,,4856,30,,,0,67,,4857,30,,,0,25,,4858,30,,,0,70,,4859,30,,,0,100,,4860,30,,,0,100,,4861,30,,,0,100,,4862,30,,,0,100,,4863,30,,,0,100,,4864,30,,,0
7201,'236.0.2',717,,4865,10,,,0,100,,4866,30,,,0,100,,4867,30,,,0,100,,4868,30,,,0,104,,4869,30,,,0,106,,4870,30,,,0,100,,4871,30,,,0,100,,4872,30,,,0,100,,4873,30,,,0,100,,4874,30,,,0,100,,4875,30,,,0,96,,4876,30,,,0,100,,4877,30,,,0,92,,4878,30,,,0,100,,4879,30,,,0,100,,4880,30,,,0,100,,4881,30,,,0
7201,'236.0.3',653,,4882,30,,,0,70,,4883,30,,,0,30,,4884,30,,,0,73,,4885,30,,,0,32,,4886,30,,,0,72,,4887,30,,,0,70,,4888,30,,,0,28,,4889,30,,,0,30,,4890,30,,,0,70,,4891,30,,,0,30,,4892,30,,,0,70,,4893,30,,,0,30,,4894,30,,,0,70,,4895,30,,,0,30,,4896,30,,,0,70,,4897,30,,,0,72,,4898,30,,,0,30,,4899,30,,,0,71,,4900,30,,,0,31,,4901,30,,,0,70,,4902,30,,,0,30,,4903,30,,,0,70,,4904,30,,,0,30,,4905,30,,,0,24,,4906,30,,,0,64,,4907,30,,,0,100,,4908,30,,,0,100,,4909,30,,,0,100,,4910,30,,,0,100,,4911,30,,,0
2001000,'236.0.1',700,,8072,34,,,0,45,,8073,34,,,0,70,,8074,34,,,0,30,,8075,34,,,0,70,,8076,34,,,0,31,,8077,34,,,0,73,,8078,34,,,0,30,,8079,34,,,0,70,,8080,34,,,0,33,,8081,34,,,0,70,,8082,34,,,0,30,,8083,34,,,0,70,,8084,34,,,0,30,,8085,34,,,0,70,,8086,34,,,0,30,,8087,34,,,0,70,,8088,34,,,0,30,,8089,34,,,0,70,,8090,34,,,0,30,,8091,34,,,0,70,,8092,34,,,0,30,,8093,34,,,0,70,,8094,34,,,0,30,,8095,34,,,0,68,,8096,34,,,0,30,,8097,34,,,0,70,,8098,34,,,0,85,,8099,34,,,0,96,,8100,34,,,0,100,,8101,34,,,0,100,,8102,34,,,0
2001000,'236.0.2',658,,8103,34,,,0,155,,8104,34,,,0,30,,8105,34,,,0,70,,8106,34,,,0,32,,8107,34,,,0,72,,8108,34,,,0,30,,8109,34,,,0,70,,8110,34,,,0,30,,8111,34,,,0,70,,8112,34,,,0,30,,8113,34,,,0,70,,8114,34,,,0,32,,8115,34,,,0,71,,8116,34,,,0,30,,8117,34,,,0,70,,8118,34,,,0,30,,8119,34,,,0,70,,8120,34,,,0,30,,8121,34,,,0,70,,8122,34,,,0,30,,8123,34,,,0,70,,8124,34,,,0,85,,8125,34,,,0,96,,8126,34,,,0,100,,8127,34,,,0,100,,8128,34,,,0,100,,8129,34,,,0,100,,8130,34,,,0,100,,8131,34,,,0
2001000,'236.0.3',614,,8132,34,,,0,91,,8133,34,,,0,20,,8134,34,,,0,20,,8135,34,,,0,61,,8136,34,,,0,24,,8137,34,,,0,21,,8138,34,,,0,60,,8139,34,,,0,20,,8140,34,,,0,77,,8141,34,,,0,30,,8142,34,,,0,70,,8143,34,,,0,30,,8144,34,,,0,70,,8145,34,,,0,30,,8146,34,,,0,70,,8147,34,,,0,30,,8148,34,,,0,70,,8149,34,,,0,25,,8150,34,,,0,17,,8151,34,,,0,60,,8152,34,,,0,20,,8153,34,,,0,21,,8154,34,,,0,68,,8155,34,,,0,20,,8156,34,,,0,20,,8157,34,,,0,60,,8158,34,,,0,18,,8159,34,,,0,19,,8160,34,,,0,59,,8161,34,,,0,15,,8162,34,,,0,16,,8163,34,,,0,63,,8164,34,,,0,20,,8165,34,,,0,24,,8166,34,,,0,70,,8167,34,,,0,30,,8168,34,,,0,70,,8169,34,,,0,30,,8170,34,,,0
3001000,'236.0.1',630,,8621,34,,,0,100,,8622,34,,,0,70,,8623,34,,,0,30,,8624,34,,,0,70,,8625,34,,,0,31,,8626,34,,,0,73,,8627,34,,,0,30,,8628,34,,,0,70,,8629,34,,,0,30,,8630,34,,,0,73,,8631,34,,,0,30,,8632,34,,,0,70,,8633,34,,,0,30,,8634,34,,,0,70,,8635,34,,,0,30,,8636,34,,,0,70,,8637,34,,,0,30,,8638,34,,,0,70,,8639,34,,,0,30,,8640,34,,,0,70,,8641,34,,,0,30,,8642,34,,,0,70,,8643,34,,,0,30,,8644,34,,,0,68,,8645,34,,,0,30,,8646,34,,,0,100,,8647,34,,,0,100,,8648,34,,,0,96,,8649,34,,,0,100,,8650,34,,,0,100,,8651,34,,,0
3001000,'236.0.2',628,,8653,34,,,0,100,,8654,34,,,0,30,,8655,34,,,0,70,,8656,34,,,0,30,,8657,34,,,0,70,,8658,34,,,0,30,,8659,34,,,0,74,,8660,34,,,0,70,,8661,34,,,0,30,,8662,34,,,0,70,,8663,34,,,0,30,,8664,34,,,0,70,,8665,34,,,0,30,,8666,34,,,0,70,,8667,34,,,0,33,,8668,34,,,0,70,,8669,34,,,0,30,,8670,34,,,0,70,,8671,34,,,0,30,,8672,34,,,0,70,,8673,34,,,0,30,,8674,34,,,0,70,,8675,34,,,0,30,,8676,34,,,0,100,,8677,34,,,0,96,,8678,34,,,0,100,,8679,34,,,0,100,,8680,34,,,0,100,,8681,34,,,0
3001000,'236.0.3',619,,8685,34,,,0,19,,8686,34,,,0,20,,8687,34,,,0,59,,8688,34,,,0,18,,8689,34,,,0,17,,8690,34,,,0,60,,8691,34,,,0,33,,8692,34,,,0,60,,8693,34,,,0,20,,8694,34,,,0,28,,8695,34,,,0,70,,8696,34,,,0,30,,8697,34,,,0,70,,8698,34,,,0,30,,8699,34,,,0,70,,8700,34,,,0,30,,8701,34,,,0,70,,8702,34,,,0,30,,8703,34,,,0,70,,8704,34,,,0,20,,8705,34,,,0,60,,8706,34,,,0,20,,8707,34,,,0,20,,8708,34,,,0,66,,8709,34,,,0,23,,8710,34,,,0,20,,8711,34,,,0,60,,8712,34,,,0,18,,8713,34,,,0,19,,8714,34,,,0,60,,8715,34,,,0,14,,8716,34,,,0,16,,8717,34,,,0,20,,8718,34,,,0,60,,8719,34,,,0,19,,8720,34,,,0,70,,8721,34,,,0,30,,8722,34,,,0,70,,8723,34,,,0,30,,8724,34,,,0,69,,8725,34,,,0,27,,8726,34,,,0,70,,8727,34,,,0,30,,8728,34,,,0,70,,8729,34,,,0,30,,8730,34,,,0
