2401,'236.0.1',641,,2451,50,,,0,70,,2452,50,,,0,30,,2453,50,,,0,70,,2454,50,,,0,30,,2455,50,,,0,70,,2456,50,,,0,30,,2457,50,,,0,71,,2458,50,,,0,37,,2459,50,,,0,71,,2460,50,,,0,30,,2461,50,,,0,71,,2462,50,,,0,32,,2463,50,,,0,70,,2464,50,,,0,30,,2465,50,,,0,70,,2466,50,,,0,30,,2467,50,,,0,70,,2468,50,,,0,28,,2469,50,,,0,70,,2470,50,,,0,30,,2471,50,,,0,70,,2472,50,,,0,30,,2473,50,,,0,70,,2474,50,,,0,30,,2475,50,,,0,67,,2476,50,,,0,27,,2477,50,,,0,70,,2478,50,,,0,30,,2479,50,,,0,68,,2480,50,,,0,28,,2481,50,,,0,70,,2482,50,,,0,30,,2483,50,,,0,70,,2484,50,,,0,30,,2485,50,,,0,70,,2486,50,,,0
2401,'236.0.2',638,,2487,50,,,0,70,,2488,50,,,0,30,,2489,50,,,0,70,,2490,50,,,0,30,,2491,50,,,0,70,,2492,50,,,0,30,,2493,50,,,0,72,,2494,50,,,0,36,,2495,50,,,0,70,,2496,50,,,0,30,,2497,50,,,0,70,,2498,50,,,0,30,,2499,50,,,0,70,,2500,50,,,0,32,,2501,50,,,0,70,,2502,50,,,0,30,,2503,50,,,0,70,,2504,50,,,0,30,,2505,50,,,0,70,,2506,50,,,0,30,,2507,50,,,0,70,,2508,50,,,0,30,,2509,50,,,0,70,,2510,50,,,0,30,,2511,50,,,0,68,,2512,50,,,0,28,,2513,50,,,0,68,,2514,50,,,0,28,,2515,50,,,0,70,,2516,50,,,0,30,,2517,50,,,0,70,,2518,50,,,0,30,,2519,50,,,0,70,,2520,50,,,0,30,,2521,50,,,0,70,,2522,50,,,0
2401,'236.0.3',717,,2523,50,,,0,30,,2524,50,,,0,74,,2525,50,,,0,31,,2526,50,,,0,70,,2527,50,,,0,30,,2528,50,,,0,65,,2529,50,,,0,30,,2530,50,,,0,70,,2531,50,,,0,31,,2532,50,,,0,71,,2533,50,,,0,30,,2534,50,,,0,70,,2535,50,,,0,30,,2536,50,,,0,71,,2537,50,,,0,33,,2538,50,,,0,71,,2539,50,,,0,79,,2540,50,,,0,30,,2541,50,,,0,70,,2542,50,,,0,29,,2543,50,,,0,22,,2544,50,,,0,68,,2545,50,,,0,29,,2546,50,,,0,66,,2547,50,,,0,28,,2548,50,,,0,66,,2549,50,,,0,30,,2550,50,,,0,70,,2551,50,,,0,30,,2552,50,,,0,70,,2553,50,,,0,30,,2554,50,,,0,70,,2555,50,,,0,30,,2556,50,,,0,70,,2557,50,,,0,30,,2558,50,,,0
2500,'236.0.1',745,,2560,18,,,0,100,,2561,18,,,0,100,,2562,18,,,0,100,,2563,18,,,0,100,,2564,18,,,0,100,,2565,18,,,0,100,,2566,18,,,0,100,,2567,18,,,0,100,,2568,18,,,0,100,,2569,18,,,0,100,,2570,18,,,0,100,,2571,18,,,0,100,,2572,18,,,0,100,,2573,18,,,0,100,,2574,18,,,0,100,,2575,18,,,0
2500,'236.0.2',845,,2577,18,,,0,100,,2578,18,,,0,100,,2579,18,,,0,100,,2580,18,,,0,100,,2581,18,,,0,100,,2582,18,,,0,100,,2583,18,,,0,100,,2584,18,,,0,100,,2585,18,,,0,100,,2586,18,,,0,100,,2587,18,,,0,100,,2588,18,,,0,100,,2589,18,,,0,100,,2590,18,,,0
2500,'236.0.3',547,,2591,18,,,0,70,,2592,18,,,0,30,,2593,18,,,0,70,,2594,18,,,0,30,,2595,18,,,0,70,,2596,18,,,0,30,,2597,18,,,0,70,,2598,18,,,0,100,,2599,18,,,0,100,,2600,18,,,0,100,,2601,18,,,0,100,,2602,18,,,0,100,,2603,18,,,0,100,,2604,18,,,0,33,,2605,18,,,0,71,,2606,18,,,0,30,,2607,18,,,0,67,,2608,18,,,0,30,,2609,18,,,0,69,,2610,18,,,0,30,,2611,18,,,0,70,,2612,18,,,0,100,,2613,18,,,0,100,,2614,18,,,0,100,,2615,18,,,0,100,,2616,18,,,0
12701,'236.0.3',1613,,6061,20,,,0,17,,6062,20,,,0,16,,6063,20,,,0,80,,6064,20,,,0,15,,6065,20,,,0,14,,6066,20,,,0,55,,6067,20,,,0
12701,'236.1141.3',1656,,6068,20,,,0,57,,6069,20,,,0
12701,'236.1143.3',1656,,6070,20,,,0,57,,6071,20,,,0
1000900,'236.0.1',712,,6883,35,,,0,100,,6884,35,,,0,100,,6885,35,,,0,102,,6886,35,,,0,100,,6887,35,,,0,96,,6888,35,,,0,103,,6889,35,,,0,100,,6890,35,,,0,100,,6891,35,,,0,100,,6892,35,,,0,100,,6893,35,,,0,100,,6894,35,,,0,100,,6895,35,,,0,99,,6896,35,,,0,100,,6897,35,,,0,100,,6898,35,,,0,100,,6899,35,,,0,100,,6900,35,,,0
1000900,'236.0.2',711,,6901,35,,,0,96,,6902,35,,,0,100,,6903,35,,,0,100,,6904,35,,,0,108,,6905,35,,,0,100,,6906,35,,,0,100,,6907,35,,,0,100,,6908,35,,,0,100,,6909,35,,,0,100,,6910,35,,,0,100,,6911,35,,,0,100,,6912,35,,,0,100,,6913,35,,,0,100,,6914,35,,,0,96,,6915,35,,,0,100,,6916,35,,,0,100,,6917,35,,,0,100,,6918,35,,,0
1000900,'236.0.3',626,,6919,35,,,0,30,,6920,35,,,0,70,,6921,35,,,0,32,,6922,35,,,0,72,,6923,35,,,0,29,,6924,35,,,0,52,,6925,35,,,0,15,,6926,35,,,0,30,,6927,35,,,0,55,,6928,35,,,0,15,,6929,35,,,0,30,,6930,35,,,0,59,,6931,35,,,0,13,,6932,35,,,0,27,,6933,35,,,0,55,,6934,35,,,0,15,,6935,35,,,0,30,,6936,35,,,0,55,,6937,35,,,0,15,,6938,35,,,0,30,,6939,35,,,0,55,,6940,35,,,0,15,,6941,35,,,0,30,,6942,35,,,0,69,,6943,35,,,0,25,,6944,35,,,0,9,,6945,35,,,0,59,,6946,35,,,0,10,,6947,35,,,0,20,,6948,35,,,0,10,,6949,35,,,0,60,,6950,35,,,0,10,,6951,35,,,0,10,,6952,35,,,0,17,,6953,35,,,0,5,,6954,35,,,0,46,,6955,35,,,0,16,,6956,35,,,0,10,,6957,35,,,0,20,,6958,35,,,0,50,,6959,35,,,0,30,,6960,35,,,0,70,,6961,35,,,0,30,,6962,35,,,0,70,,6963,35,,,0,27,,6964,35,,,0,27,,6965,35,,,0,55,,6966,35,,,0,15,,6967,35,,,0,75,,6968,35,,,0,20,,6969,35,,,0,80,,6970,35,,,0,20,,6971,35,,,0,80,,6972,35,,,0
2000900,'236.0.1',642,,7933,35,,,0,100,,7934,35,,,0,100,,7935,35,,,0,102,,7936,35,,,0,100,,7937,35,,,0,100,,7938,35,,,0,99,,7939,35,,,0,100,,7940,35,,,0,100,,7941,35,,,0,100,,7942,35,,,0,100,,7943,35,,,0,100,,7944,35,,,0,100,,7945,35,,,0,99,,7946,35,,,0,100,,7947,35,,,0,100,,7948,35,,,0,100,,7949,35,,,0,100,,7950,35,,,0,100,,7951,35,,,0
2000900,'236.0.2',642,,7952,35,,,0,97,,7953,35,,,0,98,,7954,35,,,0,100,,7955,35,,,0,108,,7956,35,,,0,100,,7957,35,,,0,100,,7958,35,,,0,100,,7959,35,,,0,100,,7960,35,,,0,100,,7961,35,,,0,100,,7962,35,,,0,100,,7963,35,,,0,100,,7964,35,,,0,100,,7965,35,,,0,96,,7966,35,,,0,100,,7967,35,,,0,100,,7968,35,,,0,100,,7969,35,,,0,100,,7970,35,,,0
2000900,'236.0.3',541,,7971,17,,,0,70,,7972,17,,,0,30,,7973,35,,,0,70,,7974,35,,,0,30,,7975,35,,,0,70,,7976,35,,,0,30,,7977,35,,,0,100,,7978,35,,,0,100,,7979,35,,,0,100,,7980,35,,,0,96,,7981,35,,,0,100,,7982,35,,,0,100,,7983,35,,,0,68,,7984,35,,,0,33,,7985,35,,,0,69,,7986,35,,,0,30,,7987,35,,,0,70,,7988,35,,,0,35,,7989,35,,,0,67,,7990,35,,,0,30,,7991,35,,,0,70,,7992,35,,,0,30,,7993,35,,,0,70,,7994,35,,,0,30,,7995,35,,,0,69,,7996,35,,,0,27,,7997,35,,,0,100,,7998,35,,,0,100,,7999,35,,,0,100,,8000,35,,,0,100,,8001,35,,,0
