13500,'236.0.3',659,,19122,,,0,70,,19123,,,0,30,,19124,,,0,55,,19125,,,0,15,,19126,,,0,15,,19127,,,0
13500,'236.1141.3',744,,19128,,,0
13500,'236.1143.3',744,,19129,,,0
13600,'236.0.3',648,,19137,,,0,70,,19138,,,0,16,,19139,,,0,15,,19140,,,0,55,,19141,,,0,16,,19142,,,0,10,,19143,,,0,20,,19144,,,0
13700,'236.0.3',653,,19157,,,0,70,,19153,,,0,21,,19158,,,0,10,,19154,,,0,70,,19155,,,0,30,,19156,,,0
13800,'236.0.3',638,,19165,,,0,70,,19166,,,0,15,,19167,,,0,16,,19168,,,0,70,,19169,,,0,5,,19170,,,0,26,,19171,,,0
15801,'236.0.3',737,,19183,,,0,71,,19186,,,0,29,,19184,,,0,69,,19185,,,0
15901,'236.0.3',624,,19196,,,0,24,,19204,,,0,56,,19197,,,0,23,,19198,,,0,23,,19199,,,0,62,,19200,,,0,19,,19201,,,0,21,,19202,,,0,57,,19203,,,0
16100,'236.0.3',628,,19205,,,0,30,,19206,,,0,74,,19207,,,0,73,,19208,,,0,30,,19209,,,0,69,,19210,,,0
16500,'236.0.3',1525,,19217,,,0,31,,19218,,,0,70,,19219,,,0,31,,19220,,,0,70,,19221,,,0,30,,19222,,,0
16501,'236.0.3',645,,19223,,,0,70,,19224,,,0,36,,19225,,,0,73,,19226,,,0,30,,19227,,,0,70,,19228,,,0
1000701,'236.0.1',622,,19771,,,0,20,,19772,,,0,60,,19773,,,0,20,,19774,,,0,20,,19775,,,0,60,,19776,,,0,20,,19777,,,0,20,,19778,,,0,60,,19779,,,0,20,,19780,,,0,20,,19781,,,0,60,,19782,,,0,20,,19783,,,0,20,,19784,,,0,60,,19785,,,0,20,,19786,,,0,20,,19787,,,0,60,,19788,,,0,20,,19789,,,0,20,,19790,,,0,60,,19791,,,0,20,,19792,,,0,20,,19793,,,0,60,,19794,,,0,20,,19795,,,0,20,,19796,,,0,60,,19797,,,0,20,,19798,,,0,20,,19799,,,0,60,,19800,,,0,20,,19801,,,0,20,,19802,,,0,60,,19803,,,0,20,,19804,,,0,20,,19805,,,0,60,,19806,,,0,20,,19807,,,0,20,,19808,,,0,60,,19809,,,0,20,,19810,,,0,20,,19811,,,0,60,,19812,,,0,20,,19813,,,0,20,,19814,,,0,60,,19815,,,0,20,,19816,,,0,20,,19817,,,0,60,,19818,,,0,20,,19819,,,0,20,,19820,,,0,60,,19821,,,0,20,,19822,,,0,20,,19823,,,0,60,,19824,,,0
1000701,'236.0.2',622,,19825,,,0,30,,19826,,,0,70,,19827,,,0,30,,19828,,,0,70,,19829,,,0,30,,19830,,,0,70,,19831,,,0,30,,19832,,,0,70,,19833,,,0,30,,19834,,,0,70,,19835,,,0,30,,19836,,,0,70,,19837,,,0,30,,19838,,,0,70,,19839,,,0,30,,19840,,,0,70,,19841,,,0,30,,19842,,,0,70,,19843,,,0,30,,19844,,,0,70,,19845,,,0,30,,19846,,,0,70,,19847,,,0,30,,19848,,,0,70,,19849,,,0,30,,19850,,,0,70,,19851,,,0,30,,19852,,,0,70,,19853,,,0,30,,19854,,,0,70,,19855,,,0,30,,19856,,,0,70,,19857,,,0,30,,19858,,,0,70,,19859,,,0,30,,19860,,,0
1000701,'236.0.3',606,,19861,,,0,15,,19862,,,0,15,,19863,,,0,15,,19864,,,0,55,,19865,,,0,17,,19866,,,0,19,,19867,,,0,15,,19868,,,0,55,,19869,,,0,15,,19870,,,0,15,,19871,,,0,15,,19872,,,0,55,,19873,,,0,15,,19874,,,0,15,,19875,,,0,12,,19876,,,0,54,,19877,,,0,15,,19878,,,0,15,,19879,,,0,15,,19880,,,0,55,,19881,,,0,15,,19882,,,0,15,,19883,,,0,15,,19884,,,0,55,,19885,,,0,15,,19886,,,0,15,,19887,,,0,15,,19888,,,0,55,,19889,,,0,15,,19890,,,0,15,,19891,,,0,15,,19892,,,0,55,,19893,,,0,15,,19894,,,0,15,,19895,,,0,16,,19896,,,0,56,,19897,,,0,15,,19898,,,0,15,,19899,,,0,15,,19900,,,0,55,,19901,,,0,15,,19902,,,0,15,,19903,,,0,15,,19904,,,0,55,,19905,,,0,15,,19906,,,0,14,,19907,,,0,15,,19908,,,0,53,,19909,,,0,15,,19910,,,0,15,,19911,,,0,15,,19912,,,0,55,,19913,,,0,15,,19914,,,0,15,,19915,,,0,13,,19916,,,0,55,,19917,,,0,15,,19918,,,0,15,,19919,,,0,15,,19920,,,0,55,,19921,,,0,15,,19922,,,0,15,,19923,,,0,15,,19924,,,0,55,,19925,,,0,15,,19926,,,0,15,,19927,,,0,15,,19928,,,0,55,,19929,,,0,30,,19930,,,0,70,,19931,,,0,30,,19932,,,0
1016801,'236.0.3',650,,20515,,,0,71,,20516,,,0,36,,20517,,,0,70,,20518,,,0,29,,20519,,,0,66,,20520,,,0
2016801,'236.0.3',637,,21530,,,0,70,,21531,,,0,35,,21532,,,0,73,,21533,,,0,30,,21534,,,0,70,,21535,,,0
