401,'236.0.1',632,,14308,,,0,100,,14309,,,0,100,,14310,,,0,70,,14311,,,0,30,,14312,,,0,70,,14313,,,0,30,,14314,,,0,71,,14315,,,0,33,,14316,,,0,70,,14317,,,0,30,,14318,,,0,70,,14319,,,0,30,,14320,,,0,70,,14321,,,0,30,,14322,,,0,70,,14323,,,0,30,,14324,,,0,70,,14325,,,0,30,,14326,,,0,70,,14327,,,0,30,,14328,,,0,70,,14329,,,0,28,,14330,,,0,70,,14331,,,0,30,,14332,,,0,70,,14333,,,0,30,,14334,,,0,70,,14335,,,0,30,,14336,,,0,69,,14337,,,0,27,,14338,,,0,100,,14339,,,0,100,,14340,,,0
401,'236.0.2',732,,14341,,,0,70,,14342,,,0,30,,14343,,,0,70,,14344,,,0,30,,14345,,,0,70,,14346,,,0,30,,14347,,,0,71,,14348,,,0,29,,14349,,,0,70,,14350,,,0,30,,14351,,,0,70,,14352,,,0,30,,14353,,,0,70,,14354,,,0,30,,14355,,,0,70,,14356,,,0,30,,14357,,,0,70,,14358,,,0,30,,14359,,,0,70,,14360,,,0,30,,14361,,,0,70,,14362,,,0,30,,14363,,,0,70,,14364,,,0,30,,14365,,,0,71,,14366,,,0,27,,14367,,,0,100,,14368,,,0,100,,14369,,,0,100,,14370,,,0,100,,14371,,,0
401,'236.0.3',611,,14372,,,0,15,,14373,,,0,15,,14374,,,0,15,,14375,,,0,59,,14376,,,0,20,,14377,,,0,8,,14378,,,0,8,,14379,,,0,8,,14380,,,0,48,,14381,,,0,8,,14382,,,0,8,,14383,,,0,8,,14384,,,0,8,,14385,,,0,8,,14386,,,0,8,,14387,,,0,48,,14388,,,0,8,,14389,,,0,7,,14390,,,0,6,,14391,,,0,8,,14392,,,0,8,,14393,,,0,8,,14394,,,0,8,,14395,,,0,48,,14396,,,0,8,,14397,,,0,8,,14398,,,0,8,,14399,,,0,8,,14400,,,0,11,,14401,,,0,55,,14402,,,0,15,,14403,,,0,15,,14404,,,0,15,,14405,,,0,55,,14406,,,0,15,,14407,,,0,15,,14408,,,0,15,,14409,,,0,55,,14410,,,0,15,,14411,,,0,15,,14412,,,0,15,,14413,,,0,55,,14414,,,0,15,,14415,,,0,15,,14416,,,0,15,,14417,,,0,55,,14418,,,0,15,,14419,,,0,17,,14420,,,0,18,,14421,,,0,55,,14422,,,0,15,,14423,,,0,15,,14424,,,0,15,,14425,,,0,55,,14426,,,0,15,,14427,,,0,15,,14428,,,0,15,,14429,,,0,53,,14430,,,0,12,,14431,,,0,11,,14432,,,0,15,,14433,,,0,15,,14434,,,0,60,,14435,,,0,20,,14436,,,0,20,,14437,,,0,60,,14438,,,0,20,,14439,,,0,20,,14440,,,0,60,,14441,,,0,20,,14442,,,0,20,,14443,,,0,59,,14444,,,0,28,,14445,,,0,70,,14446,,,0,30,,14447,,,0,70,,14448,,,0,30,,14449,,,0,70,,14450,,,0
1001001,'236.0.3',649,,20142,,,0,65,,20143,,,0,20,,20144,,,0,20,,20145,,,0,60,,20146,,,0,20,,20147,,,0,20,,20148,,,0,56,,20149,,,0,20,,20150,,,0,509,,20151,,,0,15,,20152,,,0,64,,20153,,,0,21,,20154,,,0,20,,20155,,,0,60,,20156,,,0,20,,20157,,,0,65,,20158,,,0,24,,20159,,,0,22,,20160,,,0,60,,20161,,,0,9,,20162,,,0,20,,20163,,,0
2001001,'236.0.1',658,,21221,,,0,94,,21222,,,0,88,,21223,,,0,72,,21224,,,0,30,,21225,,,0,71,,21226,,,0,33,,21227,,,0,71,,21228,,,0,31,,21229,,,0,72,,21230,,,0,33,,21231,,,0,72,,21232,,,0,30,,21233,,,0,70,,21234,,,0,30,,21235,,,0,70,,21236,,,0,30,,21237,,,0,70,,21238,,,0,30,,21239,,,0,70,,21240,,,0,30,,21241,,,0,70,,21242,,,0,30,,21243,,,0,66,,21244,,,0,26,,21245,,,0,70,,21246,,,0,30,,21247,,,0,100,,21248,,,0,99,,21249,,,0,99,,21250,,,0,100,,21251,,,0
2001001,'236.0.2',651,,21252,,,0,92,,21253,,,0,90,,21254,,,0,72,,21255,,,0,32,,21256,,,0,72,,21257,,,0,32,,21258,,,0,72,,21259,,,0,31,,21260,,,0,71,,21261,,,0,30,,21262,,,0,70,,21263,,,0,30,,21264,,,0,70,,21265,,,0,32,,21266,,,0,71,,21267,,,0,30,,21268,,,0,70,,21269,,,0,30,,21270,,,0,69,,21271,,,0,30,,21272,,,0,69,,21273,,,0,30,,21274,,,0,101,,21275,,,0,100,,21276,,,0,100,,21277,,,0,100,,21278,,,0,100,,21279,,,0,100,,21280,,,0
2001001,'236.0.3',610,,21281,,,0,30,,21282,,,0,64,,21283,,,0,23,,21284,,,0,22,,21319,,,0,60,,21285,,,0,20,,21286,,,0,20,,21287,,,0,60,,21288,,,0,50,,21289,,,0,60,,21290,,,0,24,,21291,,,0,72,,21292,,,0,31,,21293,,,0,70,,21294,,,0,30,,21295,,,0,70,,21296,,,0,30,,21297,,,0,79,,21298,,,0,21,,21299,,,0,64,,21300,,,0,15,,21301,,,0,21,,21302,,,0,60,,21303,,,0,20,,21304,,,0,21,,21305,,,0,64,,21306,,,0,25,,21307,,,0,21,,21308,,,0,60,,21309,,,0,9,,21310,,,0,20,,21311,,,0,70,,21312,,,0,24,,21313,,,0,72,,21314,,,0,30,,21315,,,0,70,,21316,,,0,30,,21317,,,0,70,,21318,,,0
3001001,'236.0.1',628,,21781,,,0,94,,21782,,,0,100,,21783,,,0,35,,21784,,,0,70,,21785,,,0,30,,21786,,,0,70,,21787,,,0,74,,21788,,,0,32,,21789,,,0,71,,21790,,,0,32,,21791,,,0,74,,21792,,,0,30,,21793,,,0,70,,21794,,,0,30,,21795,,,0,70,,21796,,,0,30,,21797,,,0,70,,21798,,,0,30,,21799,,,0,70,,21800,,,0,30,,21801,,,0,70,,21802,,,0,30,,21803,,,0,69,,21804,,,0,24,,21805,,,0,68,,21806,,,0,30,,21807,,,0,100,,21808,,,0,96,,21809,,,0,94,,21810,,,0,100,,21811,,,0
3001001,'236.0.2',626,,21813,,,0,90,,21814,,,0,100,,21815,,,0,30,,21816,,,0,70,,21817,,,0,30,,21818,,,0,74,,21819,,,0,33,,21820,,,0,74,,21821,,,0,30,,21822,,,0,70,,21823,,,0,31,,21824,,,0,71,,21825,,,0,30,,21826,,,0,70,,21827,,,0,30,,21828,,,0,73,,21829,,,0,70,,21830,,,0,30,,21831,,,0,70,,21832,,,0,30,,21833,,,0,70,,21834,,,0,30,,21835,,,0,69,,21836,,,0,27,,21837,,,0,100,,21838,,,0,94,,21839,,,0,100,,21840,,,0,100,,21841,,,0
3001001,'236.0.3',555,,21843,,,0,70,,21844,,,0,32,,21845,,,0,65,,21846,,,0,22,,21847,,,0,60,,21848,,,0,18,,21849,,,0,19,,21850,,,0,60,,21851,,,0,16,,21852,,,0,32,,21853,,,0,60,,21854,,,0,20,,21855,,,0,28,,21856,,,0,74,,21857,,,0,70,,21858,,,0,30,,21859,,,0,70,,21860,,,0,30,,21861,,,0,70,,21862,,,0,30,,21863,,,0,70,,21864,,,0,30,,21865,,,0,21,,21866,,,0,60,,21867,,,0,20,,21868,,,0,21,,21869,,,0,67,,21870,,,0,23,,21871,,,0,60,,21872,,,0,20,,21873,,,0,18,,21874,,,0,16,,21875,,,0,57,,21876,,,0,11,,21877,,,0,12,,21878,,,0,19,,21879,,,0,79,,21880,,,0,70,,21881,,,0,30,,21882,,,0,70,,21883,,,0,30,,21884,,,0,68,,21885,,,0,24,,21886,,,0
