5800,'236.0.1',621,,3832,3,,,0,100,,3833,3,,,0,100,,3834,3,,,0,100,,3835,3,,,0,100,,3836,3,,,0,100,,3837,3,,,0,100,,3838,3,,,0,100,,3839,3,,,0,100,,3840,3,,,0,100,,3841,3,,,0,100,,3842,3,,,0,100,,3843,3,,,0,100,,3844,3,,,0,100,,3845,3,,,0,100,,3846,3,,,0,100,,3847,3,,,0,100,,3848,3,,,0
5800,'236.0.2',721,,3849,3,,,0,100,,3850,3,,,0,100,,3851,3,,,0,100,,3852,3,,,0,100,,3853,3,,,0,100,,3854,3,,,0,100,,3855,3,,,0,100,,3856,3,,,0,100,,3857,3,,,0,100,,3858,3,,,0,100,,3859,3,,,0,100,,3860,3,,,0,100,,3861,3,,,0,100,,3862,3,,,0,100,,3863,3,,,0,100,,3864,3,,,0
5800,'236.0.3',609,,3865,3,,,0,30,,3866,3,,,0,70,,3867,3,,,0,30,,3868,3,,,0,70,,3869,3,,,0,117,,3870,3,,,0,100,,3871,3,,,0,100,,3872,3,,,0,100,,3873,3,,,0,100,,3874,3,,,0,100,,3875,3,,,0,100,,3876,3,,,0,30,,3877,3,,,0,270,,3878,3,,,0,100,,3879,3,,,0,100,,3880,3,,,0,100,,3881,3,,,0,100,,3882,3,,,0,100,,3883,3,,,0
6300,'236.0.1',757,,4262,3,,,0,100,,4263,3,,,0,100,,4264,3,,,0,100,,4265,3,,,0,100,,4266,3,,,0,100,,4267,3,,,0,100,,4268,3,,,0,100,,4269,3,,,0,100,,4270,3,,,0,100,,4271,3,,,0,100,,4272,3,,,0,100,,4273,3,,,0,97,,4274,3,,,0,100,,4275,3,,,0,100,,4276,3,,,0,100,,4277,3,,,0
6300,'236.0.2',726,,4278,3,,,0,100,,4279,3,,,0,100,,4280,3,,,0,100,,4281,3,,,0,100,,4282,3,,,0,100,,4283,3,,,0,100,,4284,3,,,0,100,,4285,3,,,0,98,,4286,3,,,0,100,,4287,3,,,0,100,,4288,3,,,0,100,,4289,3,,,0,100,,4290,3,,,0,100,,4291,3,,,0,100,,4292,3,,,0
6300,'236.0.3',648,,4293,3,,,0,70,,4294,3,,,0,30,,4295,3,,,0,70,,4296,3,,,0,30,,4297,3,,,0,70,,4298,3,,,0,30,,4299,3,,,0,56,,4300,3,,,0,100,,4301,3,,,0,100,,4302,3,,,0,100,,4303,3,,,0,100,,4304,3,,,0,100,,4305,3,,,0,115,,4306,3,,,0,30,,4307,3,,,0,68,,4308,3,,,0,30,,4309,3,,,0,70,,4310,3,,,0,30,,4311,3,,,0,70,,4312,3,,,0,100,,4313,3,,,0,100,,4314,3,,,0,100,,4315,3,,,0
6701,'236.0.1',739,,4595,17,,,0,100,,4596,17,,,0,101,,4597,17,,,0,100,,4598,17,,,0,100,,4599,17,,,0,100,,4600,17,,,0,100,,4601,17,,,0,100,,4602,17,,,0,100,,4603,17,,,0,100,,4604,17,,,0,100,,4605,17,,,0,99,,4606,17,,,0,100,,4607,17,,,0,100,,4608,17,,,0,100,,4609,17,,,0,100,,4610,17,,,0
6701,'236.0.2',738,,4611,17,,,0,100,,4612,17,,,0,100,,4613,17,,,0,102,,4614,17,,,0,100,,4615,17,,,0,100,,4616,17,,,0,100,,4617,17,,,0,100,,4618,17,,,0,100,,4619,17,,,0,100,,4620,17,,,0,99,,4621,17,,,0,100,,4622,17,,,0,100,,4623,17,,,0,100,,4624,17,,,0,98,,4625,17,,,0,100,,4626,17,,,0
6701,'236.0.3',624,,4627,17,,,0,30,,4628,17,,,0,70,,4629,17,,,0,30,,4630,17,,,0,70,,4631,17,,,0,30,,4632,17,,,0,101,,4633,17,,,0,100,,4634,17,,,0,100,,4635,17,,,0,100,,4636,17,,,0,100,,4637,17,,,0,101,,4638,17,,,0,70,,4639,17,,,0,30,,4640,17,,,0,70,,4641,17,,,0,30,,4642,17,,,0,70,,4643,17,,,0,30,,4644,17,,,0,68,,4645,17,,,0,30,,4646,17,,,0,70,,4647,17,,,0,99,,4648,17,,,0,100,,4649,17,,,0,100,,4650,17,,,0
15800,'236.0.3',1615,,6129,15,,,0,32,,6130,15,,,0,72,,6131,15,,,0,27,,6132,15,,,0
