2901,'220.0.1',643,,4261,,,0,70,,4262,,,0,30,,4263,,,0,70,,4264,,,0,30,,4265,,,0,70,,4266,,,0,30,,4267,,,0,70,,4268,,,0,32,,4269,,,0,68,,4270,,,0,30,,4271,,,0,70,,4272,,,0,30,,4273,,,0,70,,4274,,,0,30,,4275,,,0,70,,4276,,,0,30,,4277,,,0,70,,4278,,,0,30,,4279,,,0,70,,4280,,,0,30,,4281,,,0,70,,4282,,,0,30,,4283,,,0,70,,4284,,,0,30,,4285,,,0,70,,4286,,,0,29,,4287,,,0,100,,4288,,,0,100,,4289,,,0,100,,4290,,,0,100,,4291,,,0,81,,4292,,,0
2901,'220.0.2',641,,4293,,,0,70,,4294,,,0,30,,4295,,,0,70,,4296,,,0,30,,4297,,,0,70,,4298,,,0,30,,4299,,,0,71,,4300,,,0,29,,4301,,,0,70,,4302,,,0,30,,4303,,,0,70,,4304,,,0,30,,4305,,,0,70,,4306,,,0,30,,4307,,,0,70,,4308,,,0,30,,4309,,,0,70,,4310,,,0,30,,4311,,,0,70,,4312,,,0,30,,4313,,,0,70,,4314,,,0,30,,4315,,,0,70,,4316,,,0,30,,4317,,,0,99,,4318,,,0,100,,4319,,,0,100,,4320,,,0,100,,4321,,,0,100,,4322,,,0,83,,4323,,,0
2901,'220.0.3',627,,4324,,,0,15,,4325,,,0,15,,4326,,,0,55,,4327,,,0,15,,4328,,,0,15,,4329,,,0,15,,4330,,,0,55,,4331,,,0,15,,4332,,,0,14,,4333,,,0,16,,4334,,,0,69,,4335,,,0,30,,4336,,,0,70,,4337,,,0,30,,4338,,,0,70,,4339,,,0,30,,4340,,,0,70,,4341,,,0,30,,4342,,,0,70,,4343,,,0,30,,4344,,,0,70,,4345,,,0,31,,4346,,,0,70,,4347,,,0,15,,4348,,,0,15,,4349,,,0,55,,4350,,,0,15,,4351,,,0,15,,4352,,,0,15,,4353,,,0,55,,4354,,,0,15,,4355,,,0,14,,4356,,,0,15,,4357,,,0,55,,4358,,,0,15,,4359,,,0,15,,4360,,,0,15,,4361,,,0,70,,4362,,,0,30,,4363,,,0,70,,4364,,,0,30,,4365,,,0,70,,4366,,,0,30,,4367,,,0,70,,4368,,,0,100,,4369,,,0,94,,4370,,,0
2901,'220.0.4',627,,4371,,,0,15,,4372,,,0,15,,4373,,,0,55,,4374,,,0,15,,4375,,,0,15,,4376,,,0,15,,4377,,,0,55,,4378,,,0,15,,4379,,,0,14,,4380,,,0,16,,4381,,,0,69,,4382,,,0,30,,4383,,,0,70,,4384,,,0,30,,4385,,,0,70,,4386,,,0,30,,4387,,,0,70,,4388,,,0,30,,4389,,,0,70,,4390,,,0,30,,4391,,,0,70,,4392,,,0,31,,4393,,,0,70,,4394,,,0,15,,4395,,,0,15,,4396,,,0,55,,4397,,,0,15,,4398,,,0,15,,4399,,,0,15,,4400,,,0,55,,4401,,,0,15,,4402,,,0,14,,4403,,,0,15,,4404,,,0,55,,4405,,,0,15,,4406,,,0,15,,4407,,,0,15,,4408,,,0,70,,4409,,,0,30,,4410,,,0,70,,4411,,,0,30,,4412,,,0,70,,4413,,,0,30,,4414,,,0,70,,4415,,,0,100,,4416,,,0,94,,4417,,,0,100,,4418,,,0,100,,4419,,,0
5001,'220.0.3',643,,4655,4,,0,15,,4656,4,,0,72,,4657,4,,0,70,,4658,4,,0,30,,4659,4,,0
5001,'220.0.4',643,,4660,4,,0,15,,4661,4,,0,72,,4662,4,,0,70,,4663,4,,0,30,,4664,4,,0
8400,'220.0.1',633,,7368,,,0,100,,7369,,,0,100,,7370,,,0,100,,7371,,,0,100,,7372,,,0,96,,7373,,,0,100,,7374,,,0,100,,7375,,,0,100,,7376,,,0,100,,7377,,,0,100,,7378,,,0,100,,7379,,,0,99,,7380,,,0,105,,7381,,,0,100,,7382,,,0,100,,7383,,,0,100,,7384,,,0
8400,'220.0.2',638,,7385,,,0,100,,7386,,,0,100,,7387,,,0,100,,7388,,,0,100,,7389,,,0,96,,7390,,,0,100,,7391,,,0,100,,7392,,,0,100,,7393,,,0,100,,7394,,,0,104,,7395,,,0,100,,7396,,,0,100,,7397,,,0,100,,7398,,,0,100,,7399,,,0,100,,7400,,,0,100,,7401,,,0
8400,'220.0.3',544,,7432,,,0,70,,7402,,,0,30,,7403,,,0,70,,7404,,,0,30,,7405,,,0,70,,7406,,,0,30,,7407,,,0,100,,7408,,,0,100,,7409,,,0,100,,7410,,,0,100,,7411,,,0,100,,7412,,,0,101,,7413,,,0,70,,7414,,,0,15,,7415,,,0,15,,7416,,,0,55,,7417,,,0,15,,7418,,,0,15,,7419,,,0,15,,7420,,,0,55,,7421,,,0,15,,7422,,,0,15,,7423,,,0,14,,7424,,,0,15,,7433,,,0,55,,7425,,,0,100,,7426,,,0,100,,7427,,,0,100,,7428,,,0,100,,7429,,,0,103,,7430,,,0,103,,7431,,,0
8400,'220.0.4',544,,7464,,,0,70,,7434,,,0,30,,7435,,,0,70,,7436,,,0,30,,7437,,,0,70,,7438,,,0,30,,7439,,,0,100,,7440,,,0,100,,7441,,,0,100,,7442,,,0,100,,7443,,,0,100,,7444,,,0,101,,7445,,,0,70,,7446,,,0,15,,7447,,,0,15,,7448,,,0,55,,7449,,,0,15,,7450,,,0,15,,7451,,,0,15,,7452,,,0,55,,7453,,,0,15,,7454,,,0,15,,7455,,,0,14,,7456,,,0,15,,7465,,,0,55,,7457,,,0,100,,7458,,,0,100,,7459,,,0,100,,7460,,,0,100,,7461,,,0,103,,7462,,,0,103,,7463,,,0,30,,7466,,,0,70,,7467,,,0
9300,'220.0.3',1522,,8685,,,0,26,,8686,,,0,77,,8687,,,0,23,,8688,,,0,78,,8689,,,0,22,,8690,,,0,72,,8691,,,0
9300,'220.0.4',1522,,8692,,,0,26,,8693,,,0,77,,8694,,,0,23,,8695,,,0,78,,8696,,,0,22,,8697,,,0,72,,8698,,,0
18200,'220.0.3',1503,,9001,,,0,15,,9002,,,0,15,,9003,,,0,16,,9004,,,0,55,,9005,,,0,15,,9006,,,0,15,,9007,,,0,15,,9008,,,0,54,,9009,,,0,15,,9010,,,0,15,,9011,,,0,15,,9012,,,0,55,,9014,,,0,14,,9013,,,0,16,,9015,,,0
18200,'220.0.4',1503,,9016,,,0,15,,9017,,,0,15,,9018,,,0,16,,9019,,,0,55,,9020,,,0,15,,9021,,,0,15,,9022,,,0,15,,9023,,,0,54,,9024,,,0,15,,9025,,,0,15,,9026,,,0,15,,9027,,,0,55,,9029,,,0,14,,9028,,,0,16,,9030,,,0
18300,'220.0.3',1507,,9057,,,0,30,,9058,,,0,73,,9059,,,0,31,,9060,,,0,67,,9061,,,0,28,,9062,,,0,69,,9063,,,0
18300,'220.0.4',1507,,9064,,,0,30,,9065,,,0,73,,9066,,,0,31,,9067,,,0,67,,9068,,,0,28,,9069,,,0,69,,9070,,,0
18500,'220.0.3',1515,,9083,,,0,15,,9084,,,0,15,,9085,,,0,58,,9086,,,0,15,,9087,,,0,16,,9088,,,0,15,,9089,,,0,55,,9090,,,0,10,,9091,,,0,14,,9094,,,0,15,,9092,,,0,15,,9095,,,0,55,,9093,,,0,15,,9096,,,0
18500,'220.0.4',1515,,9097,,,0,15,,9098,,,0,15,,9099,,,0,58,,9100,,,0,15,,9101,,,0,16,,9102,,,0,15,,9103,,,0,55,,9104,,,0,10,,9105,,,0,14,,9108,,,0,15,,9106,,,0,15,,9109,,,0,55,,9107,,,0,15,,9110,,,0
18600,'220.0.3',1522,,9135,,,0,31,,9136,,,0,72,,9137,,,0,30,,9140,,,0,66,,9138,,,0,28,,9139,,,0
18600,'220.0.4',1522,,9141,,,0,31,,9142,,,0,72,,9143,,,0,30,,9146,,,0,66,,9144,,,0,28,,9145,,,0
