8201,'236.0.1',701,,4962,34,,,0,100,,4963,34,,,0,100,,4964,34,,,0,100,,4965,34,,,0,100,,4966,34,,,0,100,,4967,34,,,0,100,,4968,34,,,0,100,,4969,34,,,0,100,,4970,34,,,0,100,,4971,34,,,0,100,,4972,34,,,0,100,,4973,34,,,0,100,,4974,34,,,0,100,,4975,34,,,0,100,,4976,34,,,0,100,,4977,34,,,0,100,,4978,34,,,0
8201,'236.0.2',702,,4979,34,,,0,100,,4980,34,,,0,100,,4981,34,,,0,100,,4982,34,,,0,100,,4983,34,,,0,100,,4984,34,,,0,100,,4985,34,,,0,100,,4986,34,,,0,100,,4987,34,,,0,100,,4988,34,,,0,100,,4989,34,,,0,100,,4990,34,,,0,100,,4991,34,,,0,100,,4992,34,,,0,100,,4993,34,,,0,100,,4994,34,,,0
8201,'236.0.3',907,,4995,34,,,0,100,,4996,34,,,0,100,,4997,34,,,0,100,,4998,34,,,0,100,,4999,34,,,0,100,,5000,34,,,0,100,,5001,34,,,0,101,,5002,34,,,0,27,,5003,34,,,0,70,,5004,34,,,0,30,,5005,34,,,0,70,,5006,34,,,0,28,,5007,34,,,0,75,,5008,34,,,0,100,,5009,34,,,0,100,,5010,34,,,0,100,,5011,34,,,0,100,,5012,34,,,0
8401,'236.0.1',612,,5180,20,,,0,100,,5181,20,,,0,100,,5182,20,,,0,100,,5183,20,,,0,101,,5184,20,,,0,100,,5185,20,,,0,100,,5186,20,,,0,101,,5187,20,,,0,100,,5188,20,,,0,100,,5189,20,,,0,100,,5190,20,,,0,99,,5191,20,,,0,100,,5192,20,,,0,100,,5193,20,,,0,99,,5194,20,,,0,100,,5195,20,,,0,100,,5196,20,,,0
8401,'236.0.2',616,,5197,20,,,0,100,,5198,20,,,0,100,,5199,20,,,0,102,,5200,20,,,0,100,,5201,20,,,0,100,,5202,20,,,0,100,,5203,20,,,0,100,,5204,20,,,0,100,,5205,20,,,0,100,,5206,20,,,0,100,,5207,20,,,0,100,,5208,20,,,0,99,,5209,20,,,0,100,,5210,20,,,0,100,,5211,20,,,0,100,,5212,20,,,0,100,,5213,20,,,0
8401,'236.0.3',518,,5214,20,,,0,30,,5215,20,,,0,70,,5216,20,,,0,15,,5217,20,,,0,15,,5245,20,,,0,55,,5218,20,,,0,15,,5219,20,,,0,15,,5220,20,,,0,15,,5221,20,,,0,55,,5222,20,,,0,15,,5223,20,,,0,15,,5224,20,,,0,15,,5225,20,,,0,56,,5246,20,,,0,15,,5226,20,,,0,100,,5227,20,,,0,100,,5228,20,,,0,100,,5229,20,,,0,100,,5230,20,,,0,100,,5231,20,,,0,100,,5232,20,,,0,30,,5233,20,,,0,71,,5234,20,,,0,30,,5235,20,,,0,70,,5236,20,,,0,30,,5237,20,,,0,68,,5238,20,,,0,100,,5239,20,,,0,99,,5240,20,,,0,100,,5241,20,,,0,100,,5242,20,,,0,100,,5243,20,,,0,100,,5244,20,,,0
8801,'236.0.1',729,,5669,5,,,0,100,,5670,5,,,0,100,,5671,5,,,0,100,,5672,5,,,0,100,,5673,5,,,0,100,,5674,5,,,0,100,,5675,5,,,0,100,,5676,5,,,0,100,,5677,5,,,0,100,,5678,5,,,0,100,,5679,5,,,0,99,,5680,5,,,0,100,,5681,5,,,0,100,,5682,5,,,0,100,,5683,5,,,0,100,,5684,5,,,0
8801,'236.0.2',729,,5685,5,,,0,100,,5686,5,,,0,100,,5687,5,,,0,100,,5688,5,,,0,100,,5689,5,,,0,100,,5690,5,,,0,100,,5691,5,,,0,100,,5692,5,,,0,100,,5693,5,,,0,100,,5694,5,,,0,100,,5695,5,,,0,100,,5696,5,,,0,100,,5697,5,,,0,100,,5698,5,,,0,100,,5699,5,,,0
8801,'236.0.3',650,,5700,5,,,0,100,,5701,5,,,0,100,,5702,5,,,0,100,,5703,5,,,0,100,,5704,5,,,0,100,,5705,5,,,0,100,,5706,5,,,0,100,,5707,5,,,0,101,,5708,5,,,0,100,,5709,5,,,0,100,,5710,5,,,0,99,,5711,5,,,0,73,,5712,5,,,0,92,,5713,5,,,0,100,,5714,5,,,0,100,,5715,5,,,0,100,,5716,5,,,0
18201,'236.0.3',543,,6194,36,,,0,15,,6195,36,,,0,55,,6196,36,,,0,15,,6197,36,,,0,15,,6198,36,,,0,15,,6199,36,,,0,55,,6200,36,,,0,15,,6206,36,,,0,15,,6201,36,,,0,15,,6202,36,,,0,55,,6203,36,,,0,15,,6205,36,,,0,15,,6204,36,,,0
