400,'236.0.1',554,,1112,6,,,0,100,,1113,6,,,0,100,,1114,6,,,0,70,,1115,6,,,0,30,,1116,6,,,0,70,,1117,6,,,0,31,,1118,6,,,0,70,,1119,6,,,0,30,,1120,6,,,0,70,,1121,6,,,0,30,,1122,6,,,0,70,,1123,6,,,0,30,,1124,6,,,0,70,,1125,6,,,0,30,,1126,6,,,0,70,,1127,6,,,0,30,,1128,6,,,0,70,,1129,6,,,0,30,,1130,6,,,0,70,,1131,6,,,0,30,,1132,6,,,0,70,,1133,6,,,0,30,,1134,6,,,0,70,,1135,6,,,0,30,,1136,6,,,0,70,,1137,6,,,0,30,,1138,6,,,0,70,,1139,6,,,0,30,,1140,6,,,0,69,,1141,6,,,0,30,,1142,6,,,0,100,,1143,6,,,0,100,,1144,6,,,0
400,'236.0.2',649,,1145,6,,,0,70,,1146,6,,,0,30,,1147,6,,,0,70,,1148,6,,,0,30,,1149,6,,,0,70,,1150,6,,,0,30,,1151,6,,,0,70,,1152,6,,,0,30,,1153,6,,,0,70,,1154,6,,,0,30,,1155,6,,,0,70,,1156,6,,,0,30,,1157,6,,,0,70,,1158,6,,,0,30,,1159,6,,,0,70,,1160,6,,,0,30,,1161,6,,,0,70,,1162,6,,,0,30,,1163,6,,,0,70,,1164,6,,,0,30,,1165,6,,,0,70,,1166,6,,,0,30,,1167,6,,,0,70,,1168,6,,,0,30,,1169,6,,,0,70,,1170,6,,,0,30,,1171,6,,,0,100,,1172,6,,,0,100,,1173,6,,,0,100,,1174,6,,,0,100,,1175,6,,,0
400,'236.0.3',604,,1176,6,,,0,20,,1177,6,,,0,20,,1178,6,,,0,60,,1179,6,,,0,15,,1180,6,,,0,15,,1181,6,,,0,15,,1182,6,,,0,55,,1183,6,,,0,15,,1184,6,,,0,15,,1185,6,,,0,15,,1186,6,,,0,55,,1187,6,,,0,15,,1188,6,,,0,15,,1189,6,,,0,15,,1190,6,,,0,55,,1191,6,,,0,15,,1192,6,,,0,15,,1193,6,,,0,15,,1194,6,,,0,55,,1195,6,,,0,15,,1196,6,,,0,16,,1197,6,,,0,15,,1198,6,,,0,55,,1199,6,,,0,15,,1200,6,,,0,15,,1201,6,,,0,15,,1202,6,,,0,55,,1203,6,,,0,10,,1204,6,,,0,10,,1205,6,,,0,10,,1206,6,,,0,10,,1207,6,,,0,10,,1208,6,,,0,50,,1209,6,,,0,8,,1210,6,,,0,8,,1211,6,,,0,8,,1212,6,,,0,8,,1213,6,,,0,8,,1214,6,,,0,8,,1215,6,,,0,48,,1216,6,,,0,8,,1217,6,,,0,8,,1218,6,,,0,8,,1219,6,,,0,8,,1220,6,,,0,8,,1221,6,,,0,8,,1222,6,,,0,8,,1223,6,,,0,48,,1224,6,,,0,8,,1225,6,,,0,8,,1226,6,,,0,8,,1227,6,,,0,8,,1228,6,,,0,8,,1229,6,,,0,56,,1230,6,,,0,8,,1231,6,,,0,8,,1232,6,,,0,8,,1233,6,,,0,8,,1234,6,,,0,8,,1235,6,,,0,9,,1236,6,,,0,55,,1237,6,,,0,15,,1238,6,,,0,15,,1239,6,,,0,20,,1240,6,,,0,60,,1241,6,,,0,20,,1242,6,,,0,20,,1243,6,,,0,60,,1244,6,,,0,20,,1245,6,,,0,20,,1246,6,,,0,59,,1247,6,,,0,20,,1248,6,,,0,20,,1249,6,,,0,70,,1250,6,,,0,30,,1251,6,,,0,70,,1252,6,,,0,30,,1253,6,,,0,70,,1254,6,,,0,30,,1255,6,,,0
400,'236.1141.3',1653,,1256,6,,,0
400,'236.1143.3',1653,,1257,6,,,0
2401,'236.0.1',612,,2451,2,,,0,30,,2452,2,,,0,70,,2453,2,,,0,30,,2454,2,,,0,70,,2455,2,,,0,30,,2456,2,,,0,70,,2457,2,,,0,30,,2458,2,,,0,73,,2459,2,,,0,31,,2460,2,,,0,70,,2461,2,,,0,31,,2462,2,,,0,72,,2463,2,,,0,30,,2464,2,,,0,70,,2465,2,,,0,30,,2466,2,,,0,70,,2467,2,,,0,30,,2468,2,,,0,68,,2469,2,,,0,30,,2470,2,,,0,70,,2471,2,,,0,30,,2472,2,,,0,70,,2473,2,,,0,30,,2474,2,,,0,70,,2475,2,,,0,27,,2476,2,,,0,67,,2477,2,,,0,30,,2478,2,,,0,70,,2479,2,,,0,30,,2480,2,,,0,70,,2481,2,,,0,30,,2482,2,,,0,70,,2483,2,,,0,30,,2484,2,,,0,70,,2485,2,,,0,30,,2486,2,,,0
2401,'236.0.2',610,,2487,2,,,0,30,,2488,2,,,0,70,,2489,2,,,0,30,,2490,2,,,0,70,,2491,2,,,0,30,,2492,2,,,0,70,,2493,2,,,0,32,,2494,2,,,0,74,,2495,2,,,0,30,,2496,2,,,0,70,,2497,2,,,0,30,,2498,2,,,0,70,,2499,2,,,0,30,,2500,2,,,0,70,,2501,2,,,0,30,,2502,2,,,0,70,,2503,2,,,0,30,,2504,2,,,0,70,,2505,2,,,0,30,,2506,2,,,0,70,,2507,2,,,0,30,,2508,2,,,0,70,,2509,2,,,0,30,,2510,2,,,0,70,,2511,2,,,0,28,,2512,2,,,0,68,,2513,2,,,0,30,,2514,2,,,0,70,,2515,2,,,0,30,,2516,2,,,0,70,,2517,2,,,0,30,,2518,2,,,0,70,,2519,2,,,0,30,,2520,2,,,0,70,,2521,2,,,0,30,,2522,2,,,0
2401,'236.0.3',645,,2523,2,,,0,70,,2524,2,,,0,34,,2525,2,,,0,71,,2526,2,,,0,30,,2527,2,,,0,70,,2528,2,,,0,25,,2529,2,,,0,70,,2530,2,,,0,30,,2531,2,,,0,70,,2532,2,,,0,31,,2533,2,,,0,70,,2534,2,,,0,30,,2535,2,,,0,70,,2536,2,,,0,30,,2537,2,,,0,70,,2538,2,,,0,30,,2539,2,,,0,70,,2540,2,,,0,30,,2541,2,,,0,70,,2542,2,,,0,30,,2543,2,,,0,70,,2544,2,,,0,30,,2545,2,,,0,70,,2546,2,,,0,30,,2547,2,,,0,68,,2548,2,,,0,26,,2549,2,,,0,70,,2550,2,,,0,30,,2551,2,,,0,70,,2552,2,,,0,30,,2553,2,,,0,70,,2554,2,,,0,30,,2555,2,,,0,70,,2556,2,,,0,30,,2557,2,,,0,70,,2558,2,,,0
1001000,'236.0.3',624,,7069,6,,,0,19,,7070,6,,,0,59,,7071,6,,,0,28,,7072,6,,,0,18,,7073,6,,,0,57,,7074,6,,,0,20,,7075,6,,,0,20,,7076,6,,,0,60,,7077,6,,,0,500,,7078,6,,,0,19,,7079,6,,,0,20,,7080,6,,,0,60,,7081,6,,,0,20,,7082,6,,,0,21,,7083,6,,,0,60,,7084,6,,,0,20,,7085,6,,,0,20,,7086,6,,,0,10,,7087,6,,,0,69,,7088,6,,,0,20,,7089,6,,,0,60,,7090,6,,,0,20,,7091,6,,,0
2001000,'236.0.1',634,,8072,6,,,0,85,,8073,6,,,0,30,,8074,6,,,0,70,,8075,6,,,0,30,,8076,6,,,0,70,,8077,6,,,0,30,,8078,6,,,0,70,,8079,6,,,0,30,,8080,6,,,0,70,,8081,6,,,0,30,,8082,6,,,0,70,,8083,6,,,0,30,,8084,6,,,0,70,,8085,6,,,0,30,,8086,6,,,0,70,,8087,6,,,0,30,,8088,6,,,0,70,,8089,6,,,0,30,,8090,6,,,0,70,,8091,6,,,0,30,,8092,6,,,0,70,,8093,6,,,0,30,,8094,6,,,0,70,,8095,6,,,0,30,,8096,6,,,0,70,,8097,6,,,0,30,,8098,6,,,0,85,,8099,6,,,0,100,,8100,6,,,0,100,,8101,6,,,0,100,,8102,6,,,0
2001000,'236.0.2',634,,8103,6,,,0,115,,8104,6,,,0,70,,8105,6,,,0,30,,8106,6,,,0,70,,8107,6,,,0,30,,8108,6,,,0,70,,8109,6,,,0,30,,8110,6,,,0,70,,8111,6,,,0,30,,8112,6,,,0,70,,8113,6,,,0,30,,8114,6,,,0,70,,8115,6,,,0,30,,8116,6,,,0,70,,8117,6,,,0,30,,8118,6,,,0,70,,8119,6,,,0,30,,8120,6,,,0,70,,8121,6,,,0,30,,8122,6,,,0,70,,8123,6,,,0,30,,8124,6,,,0,85,,8125,6,,,0,100,,8126,6,,,0,100,,8127,6,,,0,100,,8128,6,,,0,100,,8129,6,,,0,100,,8130,6,,,0,100,,8131,6,,,0
2001000,'236.0.3',546,,8132,6,,,0,91,,8133,6,,,0,20,,8134,6,,,0,60,,8135,6,,,0,20,,8136,6,,,0,20,,8137,6,,,0,61,,8138,6,,,0,20,,8139,6,,,0,20,,8140,6,,,0,77,,8141,6,,,0,70,,8142,6,,,0,30,,8143,6,,,0,70,,8144,6,,,0,30,,8145,6,,,0,70,,8146,6,,,0,30,,8147,6,,,0,70,,8148,6,,,0,30,,8149,6,,,0,65,,8150,6,,,0,17,,8151,6,,,0,20,,8152,6,,,0,20,,8153,6,,,0,60,,8154,6,,,0,21,,8155,6,,,0,20,,8156,6,,,0,60,,8157,6,,,0,20,,8158,6,,,0,20,,8159,6,,,0,59,,8160,6,,,0,20,,8161,6,,,0,20,,8162,6,,,0,60,,8163,6,,,0,23,,8164,6,,,0,60,,8165,6,,,0,24,,8166,6,,,0,30,,8167,6,,,0,70,,8168,6,,,0,30,,8169,6,,,0,70,,8170,6,,,0
3001000,'236.0.1',604,,8621,6,0,14,0,100,,8622,6,0,14,0,30,,8623,6,0,14,0,70,,8624,6,0,14,0,30,,8625,6,0,14,0,70,,8626,6,0,14,0,30,,8627,6,0,14,0,70,,8628,6,0,14,0,30,,8629,6,0,14,0,70,,8630,6,0,14,0,30,,8631,6,0,14,0,70,,8632,6,0,14,0,30,,8633,6,0,14,0,70,,8634,6,0,14,0,30,,8635,6,0,14,0,70,,8636,6,0,14,0,30,,8637,6,0,14,0,70,,8638,6,0,14,0,30,,8639,6,0,14,0,70,,8640,6,0,14,0,30,,8641,6,0,14,0,70,,8642,6,0,14,0,30,,8643,6,0,14,0,70,,8644,6,0,14,0,30,,8645,6,0,14,0,70,,8646,6,0,14,0,100,,8647,6,0,14,0,100,,8648,6,0,14,0,100,,8649,6,0,14,0,100,,8650,6,0,14,0,100,,8651,6,0,14,0
3001000,'236.0.2',604,,8653,6,0,14,0,100,,8654,6,0,14,0,30,,8655,6,0,14,0,70,,8656,6,0,14,0,30,,8657,6,0,14,0,70,,8658,6,0,14,0,30,,8659,6,0,14,0,70,,8660,6,0,14,0,30,,8661,6,0,14,0,70,,8662,6,0,14,0,30,,8663,6,0,14,0,70,,8664,6,0,14,0,30,,8665,6,0,14,0,70,,8666,6,0,14,0,30,,8667,6,0,14,0,70,,8668,6,0,14,0,30,,8669,6,0,14,0,70,,8670,6,0,14,0,30,,8671,6,0,14,0,70,,8672,6,0,14,0,30,,8673,6,0,14,0,70,,8674,6,0,14,0,30,,8675,6,0,14,0,70,,8676,6,0,14,0,100,,8677,6,0,14,0,100,,8678,6,0,14,0,100,,8679,6,0,14,0,100,,8680,6,0,14,0,100,,8681,6,0,14,0
3001000,'236.0.3',551,,8685,6,0,14,0,59,,8686,6,0,14,0,20,,8687,6,0,14,0,19,,8688,6,0,14,0,58,,8689,6,0,14,0,17,,8690,6,0,14,0,18,,8691,6,0,14,0,70,,8692,6,0,14,0,20,,8693,6,0,14,0,20,,8694,6,0,14,0,68,,8695,6,0,14,0,30,,8696,6,0,14,0,70,,8697,6,0,14,0,30,,8698,6,0,14,0,70,,8699,6,0,14,0,30,,8700,6,0,14,0,70,,8701,6,0,14,0,30,,8702,6,0,14,0,70,,8703,6,0,14,0,30,,8704,6,0,14,0,60,,8705,6,0,14,0,20,,8706,6,0,14,0,20,,8707,6,0,14,0,60,,8708,6,0,14,0,20,,8709,6,0,14,0,21,,8710,6,0,14,0,60,,8711,6,0,14,0,20,,8712,6,0,14,0,20,,8713,6,0,14,0,59,,8714,6,0,14,0,20,,8715,6,0,14,0,20,,8716,6,0,14,0,60,,8717,6,0,14,0,20,,8718,6,0,14,0,20,,8719,6,0,14,0,59,,8720,6,0,14,0,30,,8721,6,0,14,0,70,,8722,6,0,14,0,30,,8723,6,0,14,0,70,,8724,6,0,14,0,30,,8725,6,0,14,0,69,,8726,6,0,14,0,30,,8727,6,0,14,0,70,,8728,6,0,14,0,30,,8729,6,0,14,0,70,,8730,6,0,14,0
