800,'236.0.1',608,,14768,,,0,30,,14769,,,0,70,,14770,,,0,30,,14771,,,0,71,,14772,,,0,23,,14773,,,0,22,,14774,,,0,70,,14775,,,0,30,,14776,,,0,70,,14777,,,0,31,,14778,,,0,69,,14779,,,0,30,,14780,,,0,70,,14781,,,0,30,,14782,,,0,70,,14783,,,0,30,,14784,,,0,70,,14785,,,0,32,,14786,,,0,70,,14787,,,0,30,,14788,,,0,70,,14789,,,0,30,,14790,,,0,70,,14791,,,0,30,,14792,,,0,70,,14793,,,0,30,,14794,,,0,70,,14795,,,0,30,,14796,,,0,70,,14797,,,0,30,,14798,,,0,70,,14799,,,0,30,,14800,,,0,70,,14801,,,0,25,,14802,,,0,69,,14803,,,0,30,,14804,,,0,100,,14805,,,0
800,'236.0.2',626,,14806,,,0,30,,14807,,,0,70,,14808,,,0,30,,14809,,,0,70,,14810,,,0,30,,14811,,,0,70,,14812,,,0,30,,14813,,,0,71,,14814,,,0,74,,14815,,,0,30,,14816,,,0,25,,14817,,,0,71,,14818,,,0,32,,14819,,,0,70,,14820,,,0,30,,14821,,,0,70,,14822,,,0,30,,14823,,,0,70,,14824,,,0,30,,14825,,,0,70,,14826,,,0,75,,14827,,,0,29,,14828,,,0,70,,14829,,,0,29,,14830,,,0,69,,14831,,,0,28,,14832,,,0,30,,14833,,,0,68,,14834,,,0,29,,14835,,,0,70,,14836,,,0,30,,14837,,,0,70,,14838,,,0,30,,14839,,,0,100,,14840,,,0,100,,14841,,,0
800,'236.0.3',557,,14844,,,0,70,,14845,,,0,30,,14846,,,0,78,,14847,,,0,72,,14848,,,0,31,,14849,,,0,70,,14850,,,0,30,,14851,,,0,70,,14852,,,0,20,,14853,,,0,20,,14854,,,0,60,,14855,,,0,20,,14856,,,0,20,,14857,,,0,60,,14858,,,0,20,,14859,,,0,20,,14860,,,0,60,,14861,,,0,20,,14862,,,0,20,,14863,,,0,60,,14864,,,0,20,,14865,,,0,20,,14866,,,0,60,,14867,,,0,29,,14868,,,0,64,,14869,,,0,20,,14870,,,0,20,,14871,,,0,60,,14872,,,0,20,,14873,,,0,20,,14874,,,0,60,,14875,,,0,17,,14876,,,0,26,,14877,,,0,10,,14892,,,0,50,,14878,,,0,30,,14879,,,0,70,,14880,,,0,30,,14881,,,0,70,,14882,,,0,28,,14883,,,0,69,,14884,,,0,30,,14885,,,0,70,,14886,,,0,30,,14887,,,0,70,,14888,,,0,30,,14889,,,0,70,,14890,,,0,30,,14891,,,0
9000,'236.0.1',632,,18767,,,0,25,,18768,,,0,70,,18769,,,0,30,,18770,,,0,70,,18771,,,0,25,,18772,,,0,70,,18773,,,0,30,,18774,,,0,66,,18775,,,0,33,,18776,,,0,70,,18777,,,0,30,,18778,,,0,70,,18779,,,0,27,,18780,,,0,70,,18781,,,0,30,,18782,,,0,70,,18783,,,0,30,,18784,,,0,70,,18785,,,0,30,,18786,,,0,70,,18787,,,0,33,,18788,,,0,70,,18789,,,0,30,,18790,,,0,70,,18791,,,0,30,,18792,,,0,70,,18793,,,0,30,,18794,,,0,70,,18795,,,0,104,,18796,,,0,100,,18797,,,0,100,,18798,,,0,100,,18799,,,0
9000,'236.0.2',621,,18800,,,0,100,,18801,,,0,100,,18802,,,0,95,,18803,,,0,97,,18804,,,0,100,,18805,,,0,102,,18806,,,0,100,,18807,,,0,98,,18808,,,0,100,,18809,,,0,100,,18810,,,0,100,,18811,,,0,103,,18812,,,0,104,,18813,,,0,101,,18814,,,0,100,,18815,,,0,100,,18816,,,0,100,,18817,,,0
9000,'236.0.3',619,,18851,,,0,15,,18850,,,0,15,,18818,,,0,55,,18852,,,0,15,,18819,,,0,15,,18853,,,0,15,,18820,,,0,55,,18854,,,0,20,,18821,,,0,30,,18822,,,0,65,,18823,,,0,31,,18824,,,0,69,,18825,,,0,30,,18826,,,0,70,,18827,,,0,27,,18828,,,0,71,,18829,,,0,30,,18830,,,0,70,,18831,,,0,30,,18832,,,0,70,,18833,,,0,37,,18834,,,0,57,,18855,,,0,15,,18835,,,0,15,,18856,,,0,15,,18836,,,0,55,,18857,,,0,15,,18837,,,0,15,,18858,,,0,15,,18862,,,0,55,,18859,,,0,15,,18838,,,0,15,,18860,,,0,13,,18839,,,0,50,,18861,,,0,12,,18840,,,0,35,,18841,,,0,70,,18842,,,0,30,,18843,,,0,70,,18844,,,0,30,,18845,,,0,100,,18846,,,0,96,,18847,,,0,100,,18848,,,0,100,,18849,,,0
9100,'236.0.1',725,,18960,,,0,100,,18961,,,0,100,,18962,,,0,100,,18963,,,0,100,,18964,,,0,100,,18965,,,0,100,,18966,,,0,100,,18967,,,0,100,,18968,,,0,100,,18969,,,0,100,,18970,,,0,100,,18971,,,0,100,,18972,,,0,100,,18973,,,0,100,,18974,,,0,100,,18975,,,0
9100,'236.0.2',754,,18976,,,0,100,,18977,,,0,100,,18978,,,0,100,,18979,,,0,100,,18980,,,0,100,,18981,,,0,100,,18982,,,0,100,,18983,,,0,100,,18984,,,0,100,,18985,,,0,100,,18986,,,0,100,,18987,,,0,100,,18988,,,0,100,,18989,,,0,100,,18990,,,0
9100,'236.0.3',634,,18991,,,0,24,,18992,,,0,68,,18993,,,0,76,,18994,,,0,29,,18995,,,0,71,,18996,,,0,100,,18997,,,0,103,,18998,,,0,100,,18999,,,0,99,,19000,,,0,100,,19001,,,0,101,,19002,,,0,30,,19003,,,0,70,,19004,,,0,30,,19005,,,0,70,,19006,,,0,30,,19007,,,0,71,,19008,,,0,30,,19009,,,0,97,,19010,,,0,100,,19011,,,0,100,,19012,,,0,100,,19013,,,0
9300,'236.0.3',1542,,19069,,,0,67,,19070,,,0,41,,19071,,,0,63,,19072,,,0,35,,19073,,,0,59,,19074,,,0,30,,19075,,,0
