201,'236.0.1',608,,13713,,,0,100,,13714,,,0,100,,13715,,,0,15,,13716,,,0,15,,13717,,,0,15,,13718,,,0,55,,13719,,,0,15,,13720,,,0,15,,13721,,,0,15,,13722,,,0,56,,13723,,,0,16,,13724,,,0,15,,13725,,,0,15,,13726,,,0,55,,13727,,,0,15,,13728,,,0,15,,13729,,,0,15,,13730,,,0,55,,13731,,,0,15,,13732,,,0,15,,13733,,,0,15,,13734,,,0,55,,13735,,,0,15,,13736,,,0,15,,13737,,,0,15,,13738,,,0,55,,13739,,,0,15,,13740,,,0,15,,13741,,,0,15,,13742,,,0,55,,13743,,,0,15,,13744,,,0,15,,13745,,,0,15,,13746,,,0,55,,13747,,,0,15,,13748,,,0,14,,13749,,,0,15,,13750,,,0,55,,13751,,,0,15,,13752,,,0,15,,13753,,,0,15,,13754,,,0,55,,13755,,,0,15,,13756,,,0,14,,13757,,,0,14,,13758,,,0,55,,13759,,,0,30,,13760,,,0,70,,13761,,,0,30,,13762,,,0,70,,13763,,,0,30,,13764,,,0,70,,13765,,,0,30,,13766,,,0,70,,13767,,,0,30,,13768,,,0,70,,13769,,,0,30,,13770,,,0
201,'236.0.2',617,,13771,,,0,100,,13772,,,0,95,,13773,,,0,20,,13774,,,0,20,,13775,,,0,60,,13776,,,0,20,,13777,,,0,22,,13778,,,0,60,,13779,,,0,20,,13780,,,0,20,,13781,,,0,60,,13782,,,0,20,,13783,,,0,20,,13784,,,0,60,,13785,,,0,20,,13786,,,0,20,,13787,,,0,60,,13788,,,0,20,,13789,,,0,20,,13790,,,0,60,,13791,,,0,20,,13792,,,0,20,,13793,,,0,60,,13794,,,0,20,,13795,,,0,20,,13796,,,0,60,,13797,,,0,20,,13798,,,0,20,,13799,,,0,60,,13800,,,0,20,,13801,,,0,20,,13802,,,0,55,,13803,,,0,29,,13804,,,0,69,,13805,,,0,30,,13806,,,0,70,,13807,,,0,30,,13808,,,0,70,,13809,,,0,30,,13810,,,0,70,,13811,,,0,30,,13812,,,0,70,,13813,,,0,30,,13814,,,0,70,,13815,,,0
201,'236.0.3',539,,13816,,,0,70,,13817,,,0,30,,13818,,,0,15,,13819,,,0,55,,13820,,,0,17,,13821,,,0,17,,13822,,,0,15,,13823,,,0,55,,13824,,,0,15,,13825,,,0,15,,13826,,,0,15,,13827,,,0,54,,13828,,,0,15,,13829,,,0,15,,13830,,,0,15,,13831,,,0,55,,13832,,,0,15,,13833,,,0,15,,13834,,,0,15,,13835,,,0,55,,13836,,,0,15,,13837,,,0,15,,13838,,,0,15,,13839,,,0,55,,13840,,,0,15,,13841,,,0,15,,13842,,,0,15,,13843,,,0,55,,13844,,,0,15,,13845,,,0,15,,13846,,,0,15,,13847,,,0,55,,13848,,,0,15,,13849,,,0,15,,13850,,,0,15,,13851,,,0,55,,13852,,,0,15,,13853,,,0,15,,13854,,,0,15,,13855,,,0,55,,13856,,,0,15,,13857,,,0,15,,13858,,,0,15,,13859,,,0,55,,13860,,,0,15,,13861,,,0,15,,13862,,,0,14,,13863,,,0,55,,13864,,,0,15,,13865,,,0,15,,13866,,,0,70,,13867,,,0,30,,13868,,,0,70,,13869,,,0,30,,13870,,,0,70,,13871,,,0,30,,13872,,,0,70,,13873,,,0,30,,13874,,,0,70,,13875,,,0,30,,13876,,,0,70,,13877,,,0,30,,13878,,,0
801,'236.0.1',559,,14893,,,0,70,,14894,,,0,30,,14895,,,0,70,,14896,,,0,72,,14897,,,0,33,,14898,,,0,70,,14899,,,0,30,,14900,,,0,71,,14901,,,0,34,,14902,,,0,70,,14903,,,0,30,,14904,,,0,70,,14905,,,0,30,,14906,,,0,72,,14907,,,0,31,,14908,,,0,70,,14909,,,0,30,,14910,,,0,70,,14911,,,0,30,,14912,,,0,70,,14913,,,0,30,,14914,,,0,70,,14915,,,0,29,,14916,,,0,68,,14917,,,0,29,,14918,,,0,70,,14919,,,0,28,,14920,,,0,65,,14921,,,0,29,,14922,,,0,70,,14923,,,0,30,,14924,,,0,70,,14925,,,0,30,,14926,,,0,70,,14927,,,0,30,,14928,,,0,70,,14929,,,0,100,,14930,,,0
801,'236.0.2',604,,14931,,,0,30,,14932,,,0,70,,14933,,,0,30,,14934,,,0,70,,14935,,,0,30,,14936,,,0,71,,14937,,,0,35,,14938,,,0,70,,14939,,,0,30,,14940,,,0,71,,14941,,,0,30,,14942,,,0,70,,14943,,,0,30,,14944,,,0,70,,14945,,,0,30,,14946,,,0,70,,14947,,,0,30,,14948,,,0,70,,14949,,,0,30,,14950,,,0,70,,14951,,,0,30,,14952,,,0,70,,14953,,,0,30,,14954,,,0,69,,14955,,,0,28,,14956,,,0,70,,14957,,,0,30,,14958,,,0,70,,14959,,,0,30,,14960,,,0,68,,14961,,,0,27,,14962,,,0,70,,14963,,,0,30,,14964,,,0,100,,14965,,,0,100,,14966,,,0
801,'236.0.3',550,,14967,,,0,70,,14968,,,0,30,,14969,,,0,60,,14970,,,0,29,,14971,,,0,20,,14972,,,0,60,,14973,,,0,20,,14974,,,0,20,,14975,,,0,57,,14976,,,0,17,,14977,,,0,20,,14978,,,0,60,,14979,,,0,20,,14980,,,0,20,,14981,,,0,60,,14982,,,0,20,,14983,,,0,20,,14984,,,0,60,,14985,,,0,20,,14986,,,0,20,,14987,,,0,60,,14988,,,0,20,,14989,,,0,20,,14990,,,0,60,,14991,,,0,20,,14992,,,0,20,,14993,,,0,60,,14994,,,0,23,,14995,,,0,73,,14996,,,0,30,,14997,,,0,70,,14998,,,0,30,,14999,,,0,68,,15000,,,0,25,,15001,,,0,68,,15002,,,0,30,,15003,,,0,70,,15004,,,0,30,,15005,,,0,70,,15006,,,0,26,,15007,,,0,29,,15008,,,0,70,,15009,,,0,30,,15010,,,0,70,,15011,,,0,30,,15012,,,0,70,,15013,,,0,30,,15014,,,0
2801,'236.0.1',731,,15820,,,0,70,,15821,,,0,30,,15822,,,0,71,,15823,,,0,30,,15824,,,0,70,,15825,,,0,30,,15826,,,0,70,,15827,,,0,33,,15828,,,0,71,,15829,,,0,30,,15830,,,0,70,,15831,,,0,30,,15832,,,0,70,,15833,,,0,30,,15834,,,0,70,,15835,,,0,30,,15836,,,0,70,,15837,,,0,30,,15838,,,0,70,,15839,,,0,30,,15840,,,0,70,,15841,,,0,26,,15842,,,0,69,,15843,,,0,30,,15844,,,0,70,,15845,,,0,30,,15846,,,0,70,,15847,,,0,30,,15848,,,0,70,,15849,,,0,30,,15850,,,0,70,,15851,,,0,30,,15852,,,0,70,,15853,,,0,30,,15854,,,0
2801,'236.0.2',720,,15855,,,0,100,,15856,,,0,100,,15857,,,0,101,,15858,,,0,104,,15859,,,0,100,,15860,,,0,100,,15861,,,0,100,,15862,,,0,100,,15863,,,0,100,,15864,,,0,100,,15865,,,0,98,,15866,,,0,100,,15867,,,0,100,,15868,,,0,100,,15869,,,0,100,,15870,,,0,100,,15871,,,0
2801,'236.0.3',640,,15872,,,0,70,,15873,,,0,33,,15874,,,0,70,,15875,,,0,30,,15876,,,0,70,,15877,,,0,29,,15878,,,0,65,,15879,,,0,30,,15880,,,0,70,,15881,,,0,33,,15882,,,0,70,,15883,,,0,30,,15884,,,0,70,,15885,,,0,30,,15886,,,0,70,,15887,,,0,30,,15888,,,0,70,,15889,,,0,36,,15890,,,0,70,,15891,,,0,30,,15892,,,0,70,,15893,,,0,30,,15894,,,0,69,,15895,,,0,26,,15896,,,0,70,,15897,,,0,30,,15898,,,0,70,,15899,,,0,100,,15900,,,0,100,,15901,,,0,100,,15902,,,0,100,,15903,,,0
2901,'236.0.1',704,,16018,,,0,30,,16019,,,0,70,,16020,,,0,30,,16021,,,0,70,,16022,,,0,30,,16023,,,0,70,,16024,,,0,32,,16025,,,0,73,,16026,,,0,28,,16027,,,0,70,,16028,,,0,30,,16029,,,0,70,,16030,,,0,30,,16031,,,0,70,,16032,,,0,30,,16033,,,0,67,,16034,,,0,33,,16035,,,0,70,,16036,,,0,30,,16037,,,0,70,,16038,,,0,30,,16039,,,0,70,,16040,,,0,30,,16041,,,0,67,,16042,,,0,31,,16043,,,0,68,,16044,,,0,100,,16045,,,0,100,,16046,,,0,100,,16047,,,0,100,,16048,,,0,41,,16049,,,0
2901,'236.0.2',701,,16050,,,0,30,,16051,,,0,70,,16052,,,0,30,,16053,,,0,70,,16054,,,0,30,,16055,,,0,72,,16056,,,0,32,,16057,,,0,69,,16058,,,0,30,,16059,,,0,70,,16060,,,0,30,,16061,,,0,70,,16062,,,0,30,,16063,,,0,70,,16064,,,0,30,,16065,,,0,70,,16066,,,0,30,,16067,,,0,70,,16068,,,0,30,,16069,,,0,70,,16070,,,0,30,,16071,,,0,70,,16072,,,0,29,,16073,,,0,70,,16074,,,0,98,,16075,,,0,100,,16076,,,0,100,,16077,,,0,100,,16078,,,0,100,,16079,,,0,43,,16080,,,0
2901,'236.0.3',651,,16081,,,0,55,,16082,,,0,17,,16083,,,0,17,,16084,,,0,15,,16085,,,0,55,,16086,,,0,15,,16087,,,0,15,,16088,,,0,13,,16089,,,0,54,,16090,,,0,15,,16091,,,0,28,,16092,,,0,70,,16093,,,0,30,,16094,,,0,70,,16095,,,0,30,,16096,,,0,70,,16097,,,0,30,,16098,,,0,70,,16099,,,0,30,,16100,,,0,71,,16101,,,0,35,,16102,,,0,72,,16103,,,0,30,,16104,,,0,55,,16105,,,0,15,,16106,,,0,15,,16107,,,0,15,,16108,,,0,52,,16109,,,0,15,,16110,,,0,15,,16111,,,0,11,,16112,,,0,53,,16113,,,0,15,,16114,,,0,15,,16115,,,0,15,,16116,,,0,55,,16117,,,0,15,,16118,,,0,30,,16119,,,0,70,,16120,,,0,30,,16121,,,0,70,,16122,,,0,30,,16123,,,0,70,,16124,,,0,30,,16125,,,0,100,,16126,,,0,94,,16127,,,0
9101,'236.0.1',818,,19014,,,0,100,,19015,,,0,102,,19016,,,0,100,,19017,,,0,100,,19018,,,0,100,,19019,,,0,100,,19020,,,0,100,,19021,,,0,100,,19022,,,0,100,,19023,,,0,100,,19024,,,0,98,,19025,,,0,100,,19026,,,0,100,,19027,,,0,100,,19028,,,0,100,,19029,,,0
9101,'236.0.2',847,,19030,,,0,100,,19031,,,0,102,,19032,,,0,100,,19033,,,0,100,,19034,,,0,100,,19035,,,0,100,,19036,,,0,100,,19037,,,0,100,,19038,,,0,98,,19039,,,0,100,,19040,,,0,100,,19041,,,0,100,,19042,,,0,100,,19043,,,0,100,,19044,,,0
9101,'236.0.3',620,,19045,,,0,30,,19046,,,0,79,,19047,,,0,24,,19048,,,0,70,,19049,,,0,77,,19050,,,0,25,,19051,,,0,29,,19052,,,0,100,,19053,,,0,103,,19054,,,0,100,,19055,,,0,99,,19056,,,0,151,,19057,,,0,101,,19058,,,0,31,,19059,,,0,70,,19060,,,0,32,,19061,,,0,70,,19062,,,0,21,,19063,,,0,94,,19064,,,0,100,,19065,,,0,100,,19066,,,0,100,,19067,,,0,100,,19068,,,0
