801,'236.0.1',551,,1843,44,,,0,70,,1844,44,,,0,30,,1845,44,,,0,70,,1846,44,,,0,30,,1847,44,,,0,73,,1848,44,,,0,30,,1849,44,,,0,70,,1850,44,,,0,30,,1851,44,,,0,73,,1852,44,,,0,30,,1853,44,,,0,70,,1854,44,,,0,30,,1855,44,,,0,70,,1856,44,,,0,31,,1857,44,,,0,71,,1858,44,,,0,30,,1859,44,,,0,70,,1860,44,,,0,30,,1861,44,,,0,70,,1862,44,,,0,30,,1863,44,,,0,70,,1864,44,,,0,30,,1865,44,,,0,70,,1866,44,,,0,28,,1867,44,,,0,69,,1868,44,,,0,30,,1869,44,,,0,70,,1870,44,,,0,26,,1871,44,,,0,69,,1872,44,,,0,30,,1873,44,,,0,70,,1874,44,,,0,30,,1875,44,,,0,70,,1876,44,,,0,30,,1877,44,,,0,70,,1878,44,,,0,30,,1879,44,,,0,100,,1880,44,,,0
801,'236.0.2',555,,1881,44,,,0,70,,1882,44,,,0,30,,1883,44,,,0,70,,1884,44,,,0,30,,1885,44,,,0,70,,1886,44,,,0,30,,1887,44,,,0,74,,1888,44,,,0,30,,1889,44,,,0,70,,1890,44,,,0,30,,1891,44,,,0,70,,1892,44,,,0,30,,1893,44,,,0,70,,1894,44,,,0,30,,1895,44,,,0,70,,1896,44,,,0,30,,1897,44,,,0,70,,1898,44,,,0,30,,1899,44,,,0,70,,1900,44,,,0,30,,1901,44,,,0,70,,1902,44,,,0,30,,1903,44,,,0,70,,1904,44,,,0,30,,1905,44,,,0,69,,1906,44,,,0,30,,1907,44,,,0,70,,1908,44,,,0,30,,1909,44,,,0,70,,1910,44,,,0,30,,1911,44,,,0,67,,1912,44,,,0,30,,1913,44,,,0,70,,1914,44,,,0,100,,1915,44,,,0,100,,1916,44,,,0
801,'236.0.3',540,,1917,44,,,0,70,,1918,44,,,0,30,,1919,44,,,0,60,,1920,44,,,0,23,,1921,44,,,0,20,,1922,44,,,0,60,,1923,44,,,0,20,,1924,44,,,0,20,,1925,44,,,0,60,,1926,44,,,0,17,,1927,44,,,0,20,,1928,44,,,0,60,,1929,44,,,0,20,,1930,44,,,0,20,,1931,44,,,0,60,,1932,44,,,0,20,,1933,44,,,0,20,,1934,44,,,0,60,,1935,44,,,0,20,,1936,44,,,0,20,,1937,44,,,0,60,,1938,44,,,0,20,,1939,44,,,0,20,,1940,44,,,0,60,,1941,44,,,0,20,,1942,44,,,0,20,,1943,44,,,0,60,,1944,44,,,0,23,,1945,44,,,0,33,,1946,44,,,0,70,,1947,44,,,0,30,,1948,44,,,0,70,,1949,44,,,0,30,,1950,44,,,0,66,,1951,44,,,0,28,,1952,44,,,0,70,,1953,44,,,0,30,,1954,44,,,0,70,,1955,44,,,0,30,,1956,44,,,0,67,,1957,44,,,0,29,,1958,44,,,0,70,,1959,44,,,0,30,,1960,44,,,0,70,,1961,44,,,0,30,,1962,44,,,0,70,,1963,44,,,0,30,,1964,44,,,0
9001,'236.0.1',615,,5813,30,,,0,30,,5814,30,,,0,70,,5815,30,,,0,25,,5816,30,,,0,70,,5817,30,,,0,30,,5818,30,,,0,70,,5819,30,,,0,25,,5820,30,,,0,71,,5821,30,,,0,31,,5822,30,,,0,70,,5823,30,,,0,30,,5824,30,,,0,70,,5825,30,,,0,30,,5826,30,,,0,70,,5827,30,,,0,30,,5828,30,,,0,70,,5829,30,,,0,30,,5830,30,,,0,70,,5831,30,,,0,30,,5832,30,,,0,70,,5833,30,,,0,30,,5834,30,,,0,70,,5835,30,,,0,35,,5836,30,,,0,68,,5837,30,,,0,29,,5838,30,,,0,70,,5839,30,,,0,30,,5840,30,,,0,70,,5841,30,,,0,100,,5842,30,,,0,100,,5843,30,,,0,100,,5844,30,,,0,100,,5845,30,,,0
9001,'236.0.2',602,,5846,30,,,0,100,,5847,30,,,0,100,,5848,30,,,0,100,,5849,30,,,0,56,,5850,30,,,0,142,,5851,30,,,0,100,,5852,30,,,0,102,,5853,30,,,0,100,,5854,30,,,0,98,,5855,30,,,0,100,,5856,30,,,0,100,,5857,30,,,0,58,,5858,30,,,0,143,,5859,30,,,0,105,,5860,30,,,0,98,,5861,30,,,0,100,,5862,30,,,0,99,,5863,30,,,0
9001,'236.0.3',546,,5864,30,,,0,70,,5865,30,,,0,30,,5866,30,,,0,58,,5898,30,,,0,13,,5867,30,,,0,15,,5899,30,,,0,10,,5868,30,,,0,15,,5900,30,,,0,55,,5869,30,,,0,17,,5901,30,,,0,14,,5870,30,,,0,15,,5902,30,,,0,55,,5871,30,,,0,30,,5872,30,,,0,65,,5873,30,,,0,30,,5874,30,,,0,70,,5875,30,,,0,30,,5876,30,,,0,70,,5877,30,,,0,30,,5878,30,,,0,70,,5879,30,,,0,30,,5880,30,,,0,70,,5881,30,,,0,30,,5882,30,,,0,70,,5883,30,,,0,33,,5884,30,,,0,61,,5903,30,,,0,22,,5885,30,,,0,8,,5904,30,,,0,25,,5886,30,,,0,55,,5905,30,,,0,15,,5887,30,,,0,15,,5906,30,,,0,13,,5888,30,,,0,53,,5907,30,,,0,13,,5889,30,,,0,12,,5908,30,,,0,13,,5890,30,,,0,12,,5909,30,,,0,53,,5891,30,,,0,30,,5892,30,,,0,69,,5893,30,,,0,30,,5894,30,,,0,100,,5895,30,,,0,100,,5896,30,,,0,100,,5897,30,,,0
9101,'236.0.1',809,,5964,33,,,0,100,,5965,33,,,0,100,,5966,33,,,0,100,,5967,33,,,0,100,,5968,33,,,0,100,,5969,33,,,0,100,,5970,33,,,0,100,,5971,33,,,0,100,,5972,33,,,0,100,,5973,33,,,0,100,,5974,33,,,0,100,,5975,33,,,0,100,,5976,33,,,0,100,,5977,33,,,0,100,,5978,33,,,0,100,,5979,33,,,0
9101,'236.0.2',838,,5980,33,,,0,100,,5981,33,,,0,100,,5982,33,,,0,100,,5983,33,,,0,100,,5984,33,,,0,100,,5985,33,,,0,100,,5986,33,,,0,100,,5987,33,,,0,100,,5988,33,,,0,100,,5989,33,,,0,100,,5990,33,,,0,100,,5991,33,,,0,100,,5992,33,,,0,100,,5993,33,,,0,100,,5994,33,,,0
9101,'236.0.3',612,,5995,33,,,0,30,,5996,33,,,0,76,,5997,33,,,0,24,,5998,33,,,0,70,,5999,33,,,0,37,,6000,33,,,0,68,,6001,33,,,0,29,,6002,33,,,0,100,,6003,33,,,0,103,,6004,33,,,0,100,,6005,33,,,0,99,,6006,33,,,0,107,,6007,33,,,0,101,,6008,33,,,0,71,,6009,33,,,0,30,,6010,33,,,0,73,,6011,33,,,0,70,,6012,33,,,0,24,,6013,33,,,0,94,,6014,33,,,0,100,,6015,33,,,0,100,,6016,33,,,0,100,,6017,33,,,0,100,,6018,33,,,0
9301,'236.0.3',617,,6026,30,,,0,30,,6027,30,,,0,70,,6028,30,,,0,30,,6029,30,,,0,71,,6030,30,,,0,30,,6031,30,,,0
