5800,'236.0.1',622,,3832,5,,,0,100,,3833,5,,,0,100,,3834,5,,,0,100,,3835,5,,,0,100,,3836,5,,,0,100,,3837,5,,,0,100,,3838,5,,,0,100,,3839,5,,,0,100,,3840,5,,,0,100,,3841,5,,,0,100,,3842,5,,,0,100,,3843,5,,,0,100,,3844,5,,,0,100,,3845,5,,,0,100,,3846,5,,,0,100,,3847,5,,,0,100,,3848,5,,,0
5800,'236.0.2',722,,3849,5,,,0,100,,3850,5,,,0,100,,3851,5,,,0,100,,3852,5,,,0,100,,3853,5,,,0,100,,3854,5,,,0,100,,3855,5,,,0,100,,3856,5,,,0,100,,3857,5,,,0,100,,3858,5,,,0,100,,3859,5,,,0,100,,3860,5,,,0,100,,3861,5,,,0,100,,3862,5,,,0,100,,3863,5,,,0,100,,3864,5,,,0
5800,'236.0.3',610,,3865,5,,,0,30,,3866,5,,,0,70,,3867,5,,,0,30,,3868,5,,,0,70,,3869,5,,,0,117,,3870,5,,,0,100,,3871,5,,,0,100,,3872,5,,,0,100,,3873,5,,,0,100,,3874,5,,,0,100,,3875,5,,,0,100,,3876,5,,,0,30,,3877,5,,,0,270,,3878,5,,,0,100,,3879,5,,,0,100,,3880,5,,,0,100,,3881,5,,,0,100,,3882,5,,,0,100,,3883,5,,,0
6300,'236.0.1',758,,4262,5,,,0,100,,4263,5,,,0,100,,4264,5,,,0,100,,4265,5,,,0,100,,4266,5,,,0,100,,4267,5,,,0,100,,4268,5,,,0,100,,4269,5,,,0,100,,4270,5,,,0,100,,4271,5,,,0,100,,4272,5,,,0,100,,4273,5,,,0,97,,4274,5,,,0,100,,4275,5,,,0,100,,4276,5,,,0,100,,4277,5,,,0
6300,'236.0.2',727,,4278,5,,,0,100,,4279,5,,,0,100,,4280,5,,,0,100,,4281,5,,,0,100,,4282,5,,,0,100,,4283,5,,,0,100,,4284,5,,,0,100,,4285,5,,,0,98,,4286,5,,,0,100,,4287,5,,,0,100,,4288,5,,,0,100,,4289,5,,,0,100,,4290,5,,,0,100,,4291,5,,,0,100,,4292,5,,,0
6300,'236.0.3',649,,4293,5,,,0,70,,4294,5,,,0,30,,4295,5,,,0,70,,4296,5,,,0,30,,4297,5,,,0,70,,4298,5,,,0,30,,4299,5,,,0,56,,4300,5,,,0,100,,4301,5,,,0,100,,4302,5,,,0,100,,4303,5,,,0,100,,4304,5,,,0,100,,4305,5,,,0,115,,4306,5,,,0,30,,4307,5,,,0,68,,4308,5,,,0,30,,4309,5,,,0,70,,4310,5,,,0,30,,4311,5,,,0,70,,4312,5,,,0,100,,4313,5,,,0,100,,4314,5,,,0,100,,4315,5,,,0
6701,'236.0.1',740,,4595,19,,,0,100,,4596,19,,,0,101,,4597,19,,,0,100,,4598,19,,,0,100,,4599,19,,,0,100,,4600,19,,,0,100,,4601,19,,,0,100,,4602,19,,,0,100,,4603,19,,,0,100,,4604,19,,,0,100,,4605,19,,,0,99,,4606,19,,,0,100,,4607,19,,,0,100,,4608,19,,,0,100,,4609,19,,,0,100,,4610,19,,,0
6701,'236.0.2',739,,4611,19,,,0,100,,4612,19,,,0,100,,4613,19,,,0,102,,4614,19,,,0,100,,4615,19,,,0,100,,4616,19,,,0,100,,4617,19,,,0,100,,4618,19,,,0,100,,4619,19,,,0,100,,4620,19,,,0,99,,4621,19,,,0,100,,4622,19,,,0,100,,4623,19,,,0,100,,4624,19,,,0,98,,4625,19,,,0,100,,4626,19,,,0
6701,'236.0.3',625,,4627,19,,,0,30,,4628,19,,,0,70,,4629,19,,,0,30,,4630,19,,,0,70,,4631,19,,,0,30,,4632,19,,,0,101,,4633,19,,,0,100,,4634,19,,,0,100,,4635,19,,,0,100,,4636,19,,,0,100,,4637,19,,,0,102,,4638,19,,,0,70,,4639,19,,,0,30,,4640,19,,,0,70,,4641,19,,,0,30,,4642,19,,,0,70,,4643,19,,,0,30,,4644,19,,,0,67,,4645,19,,,0,30,,4646,19,,,0,70,,4647,19,,,0,99,,4648,19,,,0,100,,4649,19,,,0,100,,4650,19,,,0
15800,'236.0.3',1616,,6129,17,,,0,32,,6130,17,,,0,72,,6131,17,,,0,27,,6132,17,,,0
