5600,'236.0.1',612,,3627,12,,,0,30,,3628,12,,,0,70,,3629,12,,,0,30,,3630,12,,,0,70,,3631,12,,,0,30,,3632,12,,,0,70,,3633,12,,,0,30,,3634,12,,,0,71,,3635,12,,,0,29,,3636,12,,,0,70,,3637,12,,,0,30,,3638,12,,,0,70,,3639,12,,,0,30,,3640,12,,,0,70,,3641,12,,,0,30,,3642,12,,,0,70,,3643,12,,,0,30,,3644,12,,,0,70,,3645,12,,,0,30,,3646,12,,,0,70,,3647,12,,,0,30,,3648,12,,,0,70,,3649,12,,,0,30,,3650,12,,,0,70,,3651,12,,,0,31,,3652,12,,,0,70,,3653,12,,,0,30,,3654,12,,,0,70,,3655,12,,,0,30,,3656,12,,,0,70,,3657,12,,,0,30,,3658,12,,,0,70,,3659,12,,,0,30,,3660,12,,,0,70,,3661,12,,,0,30,,3662,12,,,0
5600,'236.0.2',712,,3663,12,,,0,30,,3664,12,,,0,70,,3665,12,,,0,30,,3666,12,,,0,70,,3667,12,,,0,30,,3668,12,,,0,71,,3669,12,,,0,30,,3670,12,,,0,70,,3671,12,,,0,30,,3672,12,,,0,70,,3673,12,,,0,30,,3674,12,,,0,70,,3675,12,,,0,30,,3676,12,,,0,70,,3677,12,,,0,30,,3678,12,,,0,70,,3679,12,,,0,30,,3680,12,,,0,70,,3681,12,,,0,30,,3682,12,,,0,70,,3683,12,,,0,30,,3684,12,,,0,70,,3685,12,,,0,30,,3686,12,,,0,69,,3687,12,,,0,30,,3688,12,,,0,70,,3689,12,,,0,30,,3690,12,,,0,70,,3691,12,,,0,30,,3692,12,,,0,70,,3693,12,,,0
5600,'236.0.3',613,,3694,12,,,0,30,,3695,12,,,0,70,,3696,12,,,0,30,,3697,12,,,0,70,,3698,12,,,0,30,,3699,12,,,0,70,,3700,12,,,0,30,,3701,12,,,0,70,,3702,12,,,0,30,,3703,12,,,0,70,,3704,12,,,0,30,,3705,12,,,0,70,,3706,12,,,0,30,,3707,12,,,0,70,,3708,12,,,0,30,,3709,12,,,0,70,,3710,12,,,0,30,,3711,12,,,0,70,,3712,12,,,0,30,,3713,12,,,0,70,,3714,12,,,0,30,,3715,12,,,0,70,,3716,12,,,0,30,,3717,12,,,0,70,,3718,12,,,0,30,,3719,12,,,0,70,,3720,12,,,0,30,,3721,12,,,0,70,,3722,12,,,0,30,,3723,12,,,0,70,,3724,12,,,0,30,,3725,12,,,0,70,,3726,12,,,0,30,,3727,12,,,0,70,,3728,12,,,0,30,,3729,12,,,0
7200,'236.0.1',622,,4757,20,,,0,30,,4758,20,,,0,70,,4759,20,,,0,30,,4760,20,,,0,70,,4761,20,,,0,30,,4762,20,,,0,70,,4763,20,,,0,30,,4764,20,,,0,70,,4765,20,,,0,33,,4766,20,,,0,70,,4767,20,,,0,30,,4768,20,,,0,70,,4769,20,,,0,30,,4770,20,,,0,70,,4771,20,,,0,30,,4772,20,,,0,70,,4773,20,,,0,30,,4774,20,,,0,70,,4775,20,,,0,30,,4776,20,,,0,70,,4777,20,,,0,30,,4778,20,,,0,70,,4779,20,,,0,27,,4780,20,,,0,70,,4781,20,,,0,100,,4782,20,,,0,100,,4783,20,,,0,100,,4784,20,,,0,100,,4785,20,,,0,100,,4786,20,,,0
7200,'236.0.2',722,,4787,20,,,0,100,,4788,20,,,0,100,,4789,20,,,0,100,,4790,20,,,0,103,,4791,20,,,0,100,,4792,20,,,0,100,,4793,20,,,0,100,,4794,20,,,0,100,,4795,20,,,0,100,,4796,20,,,0,100,,4797,20,,,0,100,,4798,20,,,0,96,,4799,20,,,0,100,,4800,20,,,0,100,,4801,20,,,0,100,,4802,20,,,0
7200,'236.0.3',623,,4803,20,,,0,30,,4804,20,,,0,70,,4805,20,,,0,31,,4806,20,,,0,70,,4807,20,,,0,30,,4808,20,,,0,68,,4809,20,,,0,30,,4810,20,,,0,70,,4811,20,,,0,30,,4812,20,,,0,70,,4813,20,,,0,30,,4814,20,,,0,70,,4815,20,,,0,30,,4816,20,,,0,70,,4817,20,,,0,30,,4818,20,,,0,70,,4819,20,,,0,31,,4820,20,,,0,70,,4821,20,,,0,30,,4822,20,,,0,70,,4823,20,,,0,30,,4824,20,,,0,70,,4825,20,,,0,30,,4826,20,,,0,69,,4827,20,,,0,30,,4828,20,,,0,70,,4829,20,,,0,100,,4830,20,,,0,100,,4831,20,,,0,100,,4832,20,,,0,100,,4833,20,,,0
2001001,'236.0.1',639,,8171,3,,,0,94,,8172,3,,,0,87,,8173,3,,,0,30,,8174,3,,,0,70,,8175,3,,,0,31,,8176,3,,,0,73,,8177,3,,,0,30,,8178,3,,,0,70,,8179,3,,,0,32,,8180,3,,,0,73,,8181,3,,,0,72,,8182,3,,,0,30,,8183,3,,,0,70,,8184,3,,,0,30,,8185,3,,,0,70,,8186,3,,,0,30,,8187,3,,,0,70,,8188,3,,,0,30,,8189,3,,,0,70,,8190,3,,,0,30,,8191,3,,,0,70,,8192,3,,,0,30,,8193,3,,,0,28,,8194,3,,,0,67,,8195,3,,,0,30,,8196,3,,,0,70,,8197,3,,,0,100,,8198,3,,,0,100,,8199,3,,,0,100,,8200,3,,,0,100,,8201,3,,,0
2001001,'236.0.2',634,,8202,3,,,0,92,,8203,3,,,0,90,,8204,3,,,0,32,,8205,3,,,0,70,,8206,3,,,0,30,,8207,3,,,0,72,,8208,3,,,0,32,,8209,3,,,0,71,,8210,3,,,0,30,,8211,3,,,0,70,,8212,3,,,0,30,,8213,3,,,0,70,,8214,3,,,0,30,,8215,3,,,0,72,,8216,3,,,0,31,,8217,3,,,0,70,,8218,3,,,0,30,,8219,3,,,0,70,,8220,3,,,0,29,,8221,3,,,0,70,,8222,3,,,0,30,,8223,3,,,0,70,,8224,3,,,0,102,,8225,3,,,0,100,,8226,3,,,0,100,,8227,3,,,0,100,,8228,3,,,0,100,,8229,3,,,0,100,,8230,3,,,0
2001001,'236.0.3',548,,8231,3,,,0,70,,8232,3,,,0,22,,8233,3,,,0,19,,8234,3,,,0,62,,8269,3,,,0,20,,8235,3,,,0,60,,8236,3,,,0,20,,8237,3,,,0,21,,8238,3,,,0,94,,8239,3,,,0,20,,8240,3,,,0,64,,8241,3,,,0,29,,8242,3,,,0,70,,8243,3,,,0,30,,8244,3,,,0,70,,8245,3,,,0,30,,8246,3,,,0,70,,8247,3,,,0,39,,8248,3,,,0,61,,8249,3,,,0,24,,8250,3,,,0,15,,8251,3,,,0,61,,8252,3,,,0,20,,8253,3,,,0,20,,8254,3,,,0,61,,8255,3,,,0,24,,8256,3,,,0,65,,8257,3,,,0,21,,8258,3,,,0,20,,8259,3,,,0,9,,8260,3,,,0,60,,8261,3,,,0,30,,8262,3,,,0,69,,8263,3,,,0,32,,8264,3,,,0,70,,8265,3,,,0,30,,8266,3,,,0,70,,8267,3,,,0,30,,8268,3,,,0
3001001,'236.0.1',609,,8731,11,0,5,0,94,,8732,11,0,5,0,100,,8733,11,0,5,0,32,,8734,11,0,5,0,70,,8735,11,0,5,0,30,,8736,11,0,5,0,70,,8737,11,0,5,0,34,,8738,11,0,5,0,70,,8739,11,0,5,0,31,,8740,11,0,5,0,72,,8741,11,0,5,0,34,,8742,11,0,5,0,70,,8743,11,0,5,0,30,,8744,11,0,5,0,70,,8745,11,0,5,0,30,,8746,11,0,5,0,70,,8747,11,0,5,0,30,,8748,11,0,5,0,70,,8749,11,0,5,0,30,,8750,11,0,5,0,70,,8751,11,0,5,0,30,,8752,11,0,5,0,70,,8753,11,0,5,0,30,,8754,11,0,5,0,66,,8755,11,0,5,0,28,,8756,11,0,5,0,70,,8757,11,0,5,0,100,,8758,11,0,5,0,96,,8759,11,0,5,0,96,,8760,11,0,5,0,100,,8761,11,0,5,0
3001001,'236.0.2',609,,8763,11,0,5,0,50,,8764,11,0,5,0,100,,8765,11,0,5,0,70,,8766,11,0,5,0,30,,8767,11,0,5,0,70,,8768,11,0,5,0,30,,8769,11,0,5,0,73,,8770,11,0,5,0,74,,8771,11,0,5,0,30,,8772,11,0,5,0,70,,8773,11,0,5,0,30,,8774,11,0,5,0,71,,8775,11,0,5,0,30,,8776,11,0,5,0,70,,8777,11,0,5,0,30,,8778,11,0,5,0,73,,8779,11,0,5,0,30,,8780,11,0,5,0,70,,8781,11,0,5,0,30,,8782,11,0,5,0,70,,8783,11,0,5,0,30,,8784,11,0,5,0,70,,8785,11,0,5,0,30,,8786,11,0,5,0,68,,8787,11,0,5,0,100,,8788,11,0,5,0,94,,8789,11,0,5,0,100,,8790,11,0,5,0,100,,8791,11,0,5,0
3001001,'236.0.3',533,,8793,11,0,5,0,70,,8794,11,0,5,0,30,,8795,11,0,5,0,21,,8796,11,0,5,0,62,,8797,11,0,5,0,20,,8798,11,0,5,0,18,,8799,11,0,5,0,59,,8800,11,0,5,0,20,,8801,11,0,5,0,20,,8802,11,0,5,0,73,,8803,11,0,5,0,20,,8804,11,0,5,0,60,,8805,11,0,5,0,28,,8806,11,0,5,0,70,,8807,11,0,5,0,30,,8808,11,0,5,0,70,,8809,11,0,5,0,30,,8810,11,0,5,0,70,,8811,11,0,5,0,30,,8812,11,0,5,0,70,,8813,11,0,5,0,30,,8814,11,0,5,0,70,,8815,11,0,5,0,21,,8816,11,0,5,0,20,,8817,11,0,5,0,60,,8818,11,0,5,0,21,,8819,11,0,5,0,27,,8820,11,0,5,0,63,,8821,11,0,5,0,20,,8822,11,0,5,0,20,,8823,11,0,5,0,58,,8824,11,0,5,0,16,,8825,11,0,5,0,17,,8826,11,0,5,0,54,,8827,11,0,5,0,14,,8828,11,0,5,0,19,,8829,11,0,5,0,79,,8830,11,0,5,0,30,,8831,11,0,5,0,70,,8832,11,0,5,0,30,,8833,11,0,5,0,70,,8834,11,0,5,0,27,,8835,11,0,5,0,65,,8836,11,0,5,0
