2400,'236.0.1',607,,2343,15,,,0,30,,2344,15,,,0,70,,2345,15,,,0,30,,2346,15,,,0,70,,2347,15,,,0,30,,2348,15,,,0,70,,2349,15,,,0,30,,2350,15,,,0,71,,2351,15,,,0,30,,2352,15,,,0,70,,2353,15,,,0,30,,2354,15,,,0,70,,2355,15,,,0,30,,2356,15,,,0,70,,2357,15,,,0,30,,2358,15,,,0,70,,2359,15,,,0,30,,2360,15,,,0,70,,2361,15,,,0,30,,2362,15,,,0,70,,2363,15,,,0,30,,2364,15,,,0,70,,2365,15,,,0,30,,2366,15,,,0,70,,2367,15,,,0,29,,2368,15,,,0,70,,2369,15,,,0,30,,2370,15,,,0,70,,2371,15,,,0,30,,2372,15,,,0,70,,2373,15,,,0,30,,2374,15,,,0,70,,2375,15,,,0,30,,2376,15,,,0,70,,2377,15,,,0,30,,2378,15,,,0
2400,'236.0.2',607,,2379,15,,,0,30,,2380,15,,,0,70,,2381,15,,,0,30,,2382,15,,,0,70,,2383,15,,,0,30,,2384,15,,,0,70,,2385,15,,,0,31,,2386,15,,,0,70,,2387,15,,,0,30,,2388,15,,,0,70,,2389,15,,,0,30,,2390,15,,,0,70,,2391,15,,,0,30,,2392,15,,,0,70,,2393,15,,,0,30,,2394,15,,,0,70,,2395,15,,,0,30,,2396,15,,,0,70,,2397,15,,,0,30,,2398,15,,,0,70,,2399,15,,,0,30,,2400,15,,,0,70,,2401,15,,,0,30,,2402,15,,,0,70,,2403,15,,,0,29,,2404,15,,,0,70,,2405,15,,,0,30,,2406,15,,,0,70,,2407,15,,,0,30,,2408,15,,,0,70,,2409,15,,,0,30,,2410,15,,,0,70,,2411,15,,,0,30,,2412,15,,,0,70,,2413,15,,,0,30,,2414,15,,,0
2400,'236.0.3',609,,2415,15,,,0,30,,2416,15,,,0,66,,2417,15,,,0,29,,2418,15,,,0,70,,2419,15,,,0,34,,2420,15,,,0,70,,2421,15,,,0,30,,2422,15,,,0,70,,2423,15,,,0,30,,2424,15,,,0,70,,2425,15,,,0,30,,2426,15,,,0,70,,2427,15,,,0,30,,2428,15,,,0,70,,2429,15,,,0,30,,2430,15,,,0,70,,2431,15,,,0,30,,2432,15,,,0,70,,2433,15,,,0,30,,2434,15,,,0,70,,2435,15,,,0,30,,2436,15,,,0,70,,2437,15,,,0,30,,2438,15,,,0,70,,2439,15,,,0,30,,2440,15,,,0,69,,2441,15,,,0,30,,2442,15,,,0,70,,2443,15,,,0,30,,2444,15,,,0,70,,2445,15,,,0,30,,2446,15,,,0,70,,2447,15,,,0,30,,2448,15,,,0,70,,2449,15,,,0,30,,2450,15,,,0
12700,'236.0.3',621,,6052,9,,,0,18,,6053,9,,,0,19,,6054,9,,,0,48,,6055,9,,,0,8,,6056,9,,,0,17,,6057,9,,,0,13,,6058,9,,,0,15,,6059,9,,,0,45,,6060,9,,,0
1000901,'236.0.1',651,,6973,21,,,0,100,,6974,21,,,0,100,,6975,21,,,0,100,,6976,21,,,0,100,,6977,21,,,0,100,,6978,21,,,0,100,,6979,21,,,0,100,,6980,21,,,0,100,,6981,21,,,0,100,,6982,21,,,0,100,,6983,21,,,0,99,,6984,21,,,0,100,,6985,21,,,0,100,,6986,21,,,0,99,,6987,21,,,0,100,,6988,21,,,0,100,,6989,21,,,0,100,,6990,21,,,0
1000901,'236.0.2',650,,6991,21,,,0,98,,6992,21,,,0,102,,6993,21,,,0,100,,6994,21,,,0,100,,6995,21,,,0,100,,6996,21,,,0,100,,6997,21,,,0,100,,6998,21,,,0,100,,6999,21,,,0,100,,7000,21,,,0,100,,7001,21,,,0,100,,7002,21,,,0,100,,7003,21,,,0,100,,7004,21,,,0,98,,7005,21,,,0,100,,7006,21,,,0,100,,7007,21,,,0,101,,7008,21,,,0
1000901,'236.0.3',536,,7009,21,,,0,67,,7010,21,,,0,25,,7011,21,,,0,10,,7012,21,,,0,5,,7013,21,,,0,15,,7014,21,,,0,52,,7015,21,,,0,5,,7016,21,,,0,15,,7017,21,,,0,10,,7018,21,,,0,60,,7019,21,,,0,10,,7020,21,,,0,20,,7021,21,,,0,9,,7022,21,,,0,18,,7023,21,,,0,50,,7024,21,,,0,25,,7025,21,,,0,15,,7026,21,,,0,55,,7027,21,,,0,30,,7028,21,,,0,15,,7029,21,,,0,55,,7030,21,,,0,30,,7031,21,,,0,15,,7032,21,,,0,55,,7033,21,,,0,30,,7034,21,,,0,15,,7035,21,,,0,55,,7036,21,,,0,30,,7037,21,,,0,15,,7038,21,,,0,55,,7039,21,,,0,30,,7040,21,,,0,15,,7041,21,,,0,55,,7042,21,,,0,30,,7043,21,,,0,25,,7044,21,,,0,45,,7045,21,,,0,25,,7046,21,,,0,10,,7047,21,,,0,20,,7048,21,,,0,50,,7049,21,,,0,20,,7050,21,,,0,10,,7051,21,,,0,20,,7052,21,,,0,50,,7053,21,,,0,18,,7054,21,,,0,10,,7055,21,,,0,65,,7056,21,,,0,30,,7057,21,,,0,71,,7058,21,,,0,29,,7059,21,,,0,70,,7060,21,,,0,30,,7061,21,,,0,70,,7062,21,,,0,35,,7063,21,,,0,20,,7064,21,,,0,80,,7065,21,,,0,20,,7066,21,,,0,80,,7067,21,,,0,20,,7068,21,,,0
2000901,'236.0.1',621,,8002,37,0,13,0,100,,8003,37,0,13,0,99,,8004,37,0,13,0,101,,8005,37,0,13,0,100,,8006,37,0,13,0,100,,8007,37,0,13,0,100,,8008,37,0,13,0,100,,8009,37,0,13,0,100,,8010,37,0,13,0,100,,8011,37,0,13,0,100,,8012,37,0,13,0,100,,8013,37,0,13,0,99,,8014,37,0,13,0,100,,8015,37,0,13,0,99,,8016,37,0,13,0,100,,8017,37,0,13,0,100,,8018,37,0,13,0,100,,8019,37,0,13,0,100,,8020,37,0,13,0
2000901,'236.0.2',620,,8021,37,0,13,0,100,,8022,37,0,13,0,98,,8023,37,0,13,0,102,,8024,37,0,13,0,100,,8025,37,0,13,0,100,,8026,37,0,13,0,100,,8027,37,0,13,0,100,,8028,37,0,13,0,100,,8029,37,0,13,0,100,,8030,37,0,13,0,100,,8031,37,0,13,0,100,,8032,37,0,13,0,100,,8033,37,0,13,0,100,,8034,37,0,13,0,98,,8035,37,0,13,0,100,,8036,37,0,13,0,100,,8037,37,0,13,0,100,,8038,37,0,13,0,100,,8039,37,0,13,0
2000901,'236.0.3',548,,8040,37,0,13,0,70,,8041,37,0,13,0,30,,8042,37,0,13,0,72,,8043,37,0,13,0,30,,8044,37,0,13,0,70,,8045,37,0,13,0,28,,8046,37,0,13,0,69,,8047,37,0,13,0,100,,8048,37,0,13,0,100,,8049,37,0,13,0,100,,8050,37,0,13,0,100,,8051,37,0,13,0,100,,8052,37,0,13,0,100,,8053,37,0,13,0,30,,8054,37,0,13,0,70,,8055,37,0,13,0,30,,8056,37,0,13,0,70,,8057,37,0,13,0,30,,8058,37,0,13,0,69,,8059,37,0,13,0,29,,8060,37,0,13,0,70,,8061,37,0,13,0,30,,8062,37,0,13,0,70,,8063,37,0,13,0,30,,8064,37,0,13,0,70,,8065,37,0,13,0,24,,8066,37,0,13,0,70,,8067,37,0,13,0,100,,8068,37,0,13,0,100,,8069,37,0,13,0
