3901,'220.0.1',636,,4534,,,0,70,,4535,,,0,30,,4536,,,0,70,,4537,,,0,30,,4538,,,0,71,,4539,,,0,30,,4540,,,0,70,,4541,,,0,30,,4542,,,0,70,,4543,,,0,30,,4544,,,0,70,,4545,,,0,30,,4546,,,0,70,,4547,,,0,30,,4548,,,0,70,,4549,,,0,30,,4550,,,0,70,,4551,,,0,30,,4552,,,0,70,,4553,,,0,30,,4554,,,0,70,,4555,,,0,30,,4556,,,0,70,,4557,,,0,30,,4558,,,0,70,,4559,,,0,30,,4560,,,0,70,,4561,,,0,30,,4562,,,0,70,,4563,,,0,30,,4564,,,0,70,,4565,,,0,30,,4566,,,0,70,,4567,,,0,30,,4568,,,0
3901,'220.0.2',706,,4569,,,0,100,,4570,,,0,100,,4571,,,0,100,,4572,,,0,101,,4573,,,0,100,,4574,,,0,100,,4575,,,0,100,,4576,,,0,100,,4577,,,0,100,,4578,,,0,100,,4579,,,0,100,,4580,,,0,100,,4581,,,0,100,,4582,,,0,100,,4583,,,0,100,,4584,,,0
3901,'220.0.3',619,,4585,,,0,30,,4586,,,0,72,,4587,,,0,30,,4588,,,0,70,,4589,,,0,30,,4590,,,0,70,,4591,,,0,30,,4592,,,0,70,,4593,,,0,30,,4594,,,0,70,,4595,,,0,30,,4596,,,0,70,,4597,,,0,30,,4598,,,0,70,,4599,,,0,30,,4600,,,0,70,,4601,,,0,30,,4602,,,0,70,,4603,,,0,36,,4604,,,0,70,,4605,,,0,30,,4606,,,0,70,,4607,,,0,30,,4608,,,0,65,,4609,,,0,100,,4610,,,0,99,,4611,,,0,100,,4612,,,0,100,,4613,,,0,100,,4614,,,0
3901,'220.0.4',619,,4615,,,0,30,,4616,,,0,72,,4617,,,0,30,,4618,,,0,70,,4619,,,0,30,,4620,,,0,70,,4621,,,0,30,,4622,,,0,70,,4623,,,0,30,,4624,,,0,70,,4625,,,0,30,,4626,,,0,70,,4627,,,0,30,,4628,,,0,70,,4629,,,0,30,,4630,,,0,70,,4631,,,0,30,,4632,,,0,70,,4633,,,0,36,,4634,,,0,70,,4635,,,0,30,,4636,,,0,70,,4637,,,0,30,,4638,,,0,65,,4639,,,0,100,,4640,,,0,99,,4641,,,0,100,,4642,,,0,100,,4643,,,0,100,,4644,,,0,100,,4645,,,0,100,,4646,,,0
13600,'220.0.3',617,,8817,,,0,27,,8818,,,0,13,,8819,,,0,53,,8820,,,0,14,,8821,,,0,15,,8822,,,0,9,,8823,,,0,59,,8824,,,0
13600,'220.0.4',617,,8825,,,0,27,,8826,,,0,13,,8827,,,0,53,,8828,,,0,14,,8829,,,0,15,,8830,,,0,9,,8831,,,0,59,,8832,,,0
1003001,'220.0.1',634,,10665,,,0,70,,10666,,,0,30,,10667,,,0,70,,10668,,,0,30,,10669,,,0,70,,10670,,,0,30,,10671,,,0,72,,10672,,,0,30,,10673,,,0,70,,10674,,,0,30,,10675,,,0,70,,10676,,,0,30,,10677,,,0,70,,10678,,,0,30,,10679,,,0,70,,10680,,,0,30,,10681,,,0,70,,10682,,,0,30,,10683,,,0,70,,10684,,,0,30,,10685,,,0,70,,10686,,,0,30,,10687,,,0,70,,10688,,,0,30,,10689,,,0,70,,10690,,,0,30,,10691,,,0,70,,10692,,,0,30,,10693,,,0,70,,10694,,,0,28,,10695,,,0,70,,10696,,,0,30,,10697,,,0,70,,10698,,,0,30,,10699,,,0
1003001,'220.0.2',616,,10700,,,0,100,,10701,,,0,100,,10702,,,0,100,,10703,,,0,101,,10704,,,0,101,,10705,,,0,100,,10706,,,0,100,,10707,,,0,100,,10708,,,0,100,,10709,,,0,100,,10710,,,0,100,,10711,,,0,100,,10712,,,0,100,,10713,,,0,99,,10714,,,0,100,,10715,,,0,100,,10716,,,0,100,,10717,,,0
1003001,'220.0.3',547,,10718,,,0,70,,10719,,,0,30,,10720,,,0,70,,10721,,,0,30,,10722,,,0,70,,10723,,,0,30,,10724,,,0,70,,10725,,,0,29,,10726,,,0,70,,10727,,,0,30,,10728,,,0,70,,10729,,,0,30,,10730,,,0,70,,10731,,,0,30,,10732,,,0,70,,10733,,,0,30,,10734,,,0,70,,10735,,,0,30,,10736,,,0,72,,10737,,,0,30,,10738,,,0,70,,10739,,,0,30,,10740,,,0,70,,10741,,,0,30,,10742,,,0,70,,10743,,,0,30,,10744,,,0,70,,10745,,,0,30,,10746,,,0,68,,10747,,,0,30,,10748,,,0,70,,10749,,,0,30,,10750,,,0,70,,10751,,,0,30,,10752,,,0,70,,10753,,,0
1003001,'220.0.4',547,,10754,,,0,70,,10755,,,0,30,,10756,,,0,70,,10757,,,0,30,,10758,,,0,70,,10759,,,0,30,,10760,,,0,70,,10761,,,0,29,,10762,,,0,70,,10763,,,0,30,,10764,,,0,70,,10765,,,0,30,,10766,,,0,70,,10767,,,0,30,,10768,,,0,70,,10769,,,0,30,,10770,,,0,70,,10771,,,0,30,,10772,,,0,72,,10773,,,0,30,,10774,,,0,70,,10775,,,0,30,,10776,,,0,70,,10777,,,0,30,,10778,,,0,70,,10779,,,0,30,,10780,,,0,70,,10781,,,0,30,,10782,,,0,68,,10783,,,0,30,,10784,,,0,70,,10785,,,0,30,,10786,,,0,70,,10787,,,0,30,,10788,,,0,70,,10789,,,0,30,,10790,,,0,70,,10791,,,0,30,,10792,,,0,70,,10793,,,0,30,,10794,,,0
