6701,'236.0.1',725,,4595,2,,,0,100,,4596,2,,,0,100,,4597,2,,,0,100,,4598,2,,,0,100,,4599,2,,,0,100,,4600,2,,,0,100,,4601,2,,,0,100,,4602,2,,,0,100,,4603,2,,,0,100,,4604,2,,,0,100,,4605,2,,,0,100,,4606,2,,,0,100,,4607,2,,,0,100,,4608,2,,,0,100,,4609,2,,,0,100,,4610,2,,,0
6701,'236.0.2',725,,4611,2,,,0,100,,4612,2,,,0,100,,4613,2,,,0,100,,4614,2,,,0,100,,4615,2,,,0,100,,4616,2,,,0,100,,4617,2,,,0,100,,4618,2,,,0,100,,4619,2,,,0,100,,4620,2,,,0,100,,4621,2,,,0,100,,4622,2,,,0,100,,4623,2,,,0,100,,4624,2,,,0,100,,4625,2,,,0,100,,4626,2,,,0
6701,'236.0.3',609,,4627,2,,,0,30,,4628,2,,,0,70,,4629,2,,,0,30,,4630,2,,,0,70,,4631,2,,,0,30,,4632,2,,,0,100,,4633,2,,,0,100,,4634,2,,,0,100,,4635,2,,,0,100,,4636,2,,,0,100,,4637,2,,,0,100,,4638,2,,,0,70,,4639,2,,,0,30,,4640,2,,,0,70,,4641,2,,,0,30,,4642,2,,,0,70,,4643,2,,,0,30,,4644,2,,,0,70,,4645,2,,,0,30,,4646,2,,,0,70,,4647,2,,,0,100,,4648,2,,,0,100,,4649,2,,,0,100,,4650,2,,,0
1000600,'236.0.3',523,,6503,2,,,0,30,,6504,2,,,0,70,,6505,2,,,0,30,,6506,2,,,0,70,,6507,2,,,0,30,,6508,2,,,0,70,,6509,2,,,0,30,,6510,2,,,0,70,,6511,2,,,0,17,,6512,2,,,0,70,,6513,2,,,0,30,,6514,2,,,0,70,,6515,2,,,0,30,,6516,2,,,0,70,,6517,2,,,0,30,,6518,2,,,0,70,,6519,2,,,0,30,,6520,2,,,0,70,,6521,2,,,0,30,,6522,2,,,0,70,,6523,2,,,0,15,,6524,2,,,0,30,,6525,2,,,0,70,,6526,2,,,0,30,,6527,2,,,0,70,,6528,2,,,0,30,,6529,2,,,0,70,,6530,2,,,0
2000600,'236.0.1',544,,7471,30,,,0,100,,7472,30,,,0,100,,7473,30,,,0,100,,7474,30,,,0,100,,7475,30,,,0,102,,7476,30,,,0,100,,7477,30,,,0,102,,7478,30,,,0,100,,7479,30,,,0,100,,7480,30,,,0,100,,7481,30,,,0,99,,7482,30,,,0,100,,7483,30,,,0,99,,7484,30,,,0,98,,7485,30,,,0,100,,7486,30,,,0,100,,7487,30,,,0,98,,7488,30,,,0,100,,7489,30,,,0,100,,7490,30,,,0
2000600,'236.0.2',540,,7491,30,,,0,103,,7492,30,,,0,100,,7493,30,,,0,100,,7494,30,,,0,100,,7495,30,,,0,102,,7496,30,,,0,100,,7497,30,,,0,100,,7498,30,,,0,101,,7499,30,,,0,100,,7500,30,,,0,100,,7501,30,,,0,100,,7502,30,,,0,100,,7503,30,,,0,100,,7504,30,,,0,100,,7505,30,,,0,98,,7506,30,,,0,100,,7507,30,,,0,97,,7508,30,,,0,100,,7509,30,,,0,100,,7510,30,,,0
2000600,'236.0.3',552,,7511,30,,,0,51,,7512,30,,,0,25,,7513,32,,,0,30,,7514,32,,,0,72,,7515,32,,,0,72,,7516,32,,,0,29,,7517,32,,,0,70,,7518,32,,,0,30,,7519,32,,,0,25,,7520,32,,,0,100,,7521,32,,,0,100,,7522,32,,,0,101,,7523,32,,,0,100,,7524,32,,,0,100,,7525,32,,,0,145,,7526,32,,,0,30,,7527,32,,,0,69,,7528,32,,,0,30,,7529,32,,,0,70,,7530,32,,,0,29,,7531,32,,,0,29,,7532,32,,,0,96,,7533,32,,,0,100,,7534,32,,,0,99,,7535,30,,,0,97,,7536,30,,,0,100,,7537,30,,,0,100,,7538,30,,,0
3000600,'236.0.1',615,,8486,30,,,0,103,,8487,30,,,0,100,,8488,30,,,0,101,,8489,30,,,0,101,,8490,30,,,0,101,,8491,30,,,0,100,,8492,30,,,0,102,,8493,30,,,0,100,,8494,30,,,0,100,,8495,30,,,0,99,,8496,30,,,0,100,,8497,30,,,0,99,,8498,30,,,0,100,,8499,30,,,0,98,,8500,30,,,0,99,,8501,30,,,0,99,,8502,30,,,0,100,,8503,30,,,0,100,,8504,30,,,0,100,,8505,30,,,0
3000600,'236.0.2',615,,8506,30,,,0,103,,8507,30,,,0,100,,8508,30,,,0,100,,8509,30,,,0,100,,8510,30,,,0,102,,8511,30,,,0,101,,8512,30,,,0,101,,8513,30,,,0,100,,8514,30,,,0,100,,8515,30,,,0,99,,8516,30,,,0,100,,8517,30,,,0,100,,8518,30,,,0,100,,8519,30,,,0,100,,8520,30,,,0,98,,8521,30,,,0,98,,8522,30,,,0,100,,8523,30,,,0,100,,8524,30,,,0,100,,8525,30,,,0
3000600,'236.0.3',617,,8526,32,,,0,30,,8527,32,,,0,69,,8528,32,,,0,30,,8529,32,,,0,70,,8530,32,,,0,30,,8531,32,,,0,73,,8532,32,,,0,30,,8533,32,,,0,81,,8534,32,,,0,100,,8535,32,,,0,100,,8536,32,,,0,101,,8537,32,,,0,100,,8538,32,,,0,100,,8539,32,,,0,90,,8540,32,,,0,29,,8541,32,,,0,70,,8542,32,,,0,30,,8543,32,,,0,69,,8544,32,,,0,27,,8545,32,,,0,69,,8546,32,,,0,116,,8547,32,,,0,100,,8548,32,,,0,100,,8549,32,,,0,96,,8550,30,,,0,100,,8551,30,,,0,100,,8552,30,,,0
