200,'236.0.1',619,,13547,,,0,100,,13548,,,0,100,,13549,,,0,15,,13550,,,0,15,,13551,,,0,55,,13552,,,0,15,,13553,,,0,15,,13554,,,0,15,,13555,,,0,55,,13556,,,0,15,,13557,,,0,15,,13558,,,0,16,,13559,,,0,56,,13560,,,0,15,,13561,,,0,15,,13562,,,0,15,,13563,,,0,55,,13564,,,0,15,,13565,,,0,15,,13566,,,0,15,,13567,,,0,55,,13568,,,0,15,,13569,,,0,15,,13570,,,0,15,,13571,,,0,55,,13572,,,0,15,,13573,,,0,15,,13574,,,0,15,,13575,,,0,55,,13576,,,0,15,,13577,,,0,15,,13578,,,0,15,,13579,,,0,55,,13580,,,0,15,,13581,,,0,15,,13582,,,0,15,,13583,,,0,55,,13584,,,0,15,,13585,,,0,15,,13586,,,0,15,,13587,,,0,55,,13588,,,0,15,,13589,,,0,15,,13590,,,0,15,,13591,,,0,55,,13592,,,0,15,,13593,,,0,15,,13594,,,0,70,,13595,,,0,30,,13596,,,0,69,,13597,,,0,29,,13598,,,0,70,,13599,,,0,30,,13600,,,0,70,,13601,,,0,30,,13602,,,0,70,,13603,,,0,30,,13604,,,0
200,'236.0.2',608,,13605,,,0,100,,13606,,,0,100,,13607,,,0,30,,13608,,,0,20,,13609,,,0,60,,13610,,,0,20,,13611,,,0,20,,13612,,,0,60,,13613,,,0,20,,13614,,,0,62,,13615,,,0,20,,13616,,,0,20,,13617,,,0,60,,13618,,,0,20,,13619,,,0,20,,13620,,,0,60,,13621,,,0,20,,13622,,,0,20,,13623,,,0,60,,13624,,,0,20,,13625,,,0,20,,13626,,,0,60,,13627,,,0,20,,13628,,,0,20,,13629,,,0,60,,13630,,,0,20,,13631,,,0,20,,13632,,,0,60,,13633,,,0,20,,13634,,,0,20,,13635,,,0,60,,13636,,,0,20,,13637,,,0,29,,13638,,,0,68,,13639,,,0,30,,13640,,,0,70,,13641,,,0,30,,13642,,,0,70,,13643,,,0,30,,13644,,,0,70,,13645,,,0,30,,13646,,,0,70,,13647,,,0,30,,13648,,,0,70,,13649,,,0
200,'236.0.3',549,,13650,,,0,70,,13651,,,0,30,,13652,,,0,55,,13653,,,0,15,,13654,,,0,15,,13655,,,0,17,,13656,,,0,55,,13657,,,0,15,,13658,,,0,15,,13659,,,0,15,,13660,,,0,55,,13661,,,0,15,,13662,,,0,15,,13663,,,0,15,,13664,,,0,55,,13665,,,0,15,,13666,,,0,15,,13667,,,0,15,,13668,,,0,55,,13669,,,0,15,,13670,,,0,15,,13671,,,0,15,,13672,,,0,55,,13673,,,0,17,,13674,,,0,15,,13675,,,0,15,,13676,,,0,55,,13677,,,0,15,,13678,,,0,15,,13679,,,0,15,,13680,,,0,55,,13681,,,0,15,,13682,,,0,15,,13683,,,0,15,,13684,,,0,55,,13685,,,0,16,,13686,,,0,17,,13687,,,0,15,,13688,,,0,55,,13689,,,0,15,,13690,,,0,15,,13691,,,0,15,,13692,,,0,55,,13693,,,0,15,,13694,,,0,15,,13695,,,0,13,,13696,,,0,51,,13697,,,0,15,,13698,,,0,15,,13699,,,0,15,,13700,,,0,55,,13701,,,0,30,,13702,,,0,70,,13703,,,0,30,,13704,,,0,70,,13705,,,0,30,,13706,,,0,70,,13707,,,0,30,,13708,,,0,70,,13709,,,0,30,,13710,,,0,70,,13711,,,0,30,,13712,,,0
2200,'236.0.1',615,,15177,,,0,30,,15178,,,0,70,,15179,,,0,30,,15180,,,0,70,,15181,,,0,30,,15182,,,0,70,,15183,,,0,30,,15184,,,0,70,,15185,,,0,30,,15186,,,0,70,,15187,,,0,35,,15188,,,0,70,,15189,,,0,30,,15190,,,0,70,,15191,,,0,30,,15192,,,0,70,,15193,,,0,30,,15194,,,0,70,,15195,,,0,30,,15196,,,0,70,,15197,,,0,30,,15198,,,0,70,,15199,,,0,30,,15200,,,0,70,,15201,,,0,25,,15202,,,0,70,,15203,,,0,30,,15204,,,0,70,,15205,,,0,30,,15206,,,0,70,,15207,,,0,30,,15208,,,0,70,,15209,,,0,30,,15210,,,0,70,,15211,,,0,30,,15212,,,0
2200,'236.0.2',635,,15213,,,0,70,,15214,,,0,30,,15215,,,0,70,,15216,,,0,30,,15217,,,0,70,,15218,,,0,30,,15219,,,0,70,,15220,,,0,30,,15221,,,0,70,,15222,,,0,30,,15223,,,0,70,,15224,,,0,30,,15225,,,0,70,,15226,,,0,30,,15227,,,0,70,,15228,,,0,30,,15229,,,0,70,,15230,,,0,30,,15231,,,0,70,,15232,,,0,30,,15233,,,0,70,,15234,,,0,30,,15235,,,0,70,,15236,,,0,30,,15237,,,0,70,,15238,,,0,30,,15239,,,0,70,,15240,,,0,30,,15241,,,0,70,,15242,,,0,30,,15243,,,0,70,,15244,,,0,30,,15245,,,0,70,,15246,,,0,30,,15247,,,0
2200,'236.0.3',625,,15248,,,0,30,,15249,,,0,70,,15250,,,0,30,,15251,,,0,70,,15252,,,0,30,,15253,,,0,70,,15254,,,0,27,,15255,,,0,70,,15256,,,0,30,,15257,,,0,74,,15258,,,0,26,,15259,,,0,70,,15260,,,0,30,,15261,,,0,70,,15262,,,0,30,,15263,,,0,70,,15264,,,0,33,,15265,,,0,70,,15266,,,0,30,,15267,,,0,70,,15268,,,0,30,,15269,,,0,70,,15270,,,0,30,,15271,,,0,70,,15272,,,0,27,,15273,,,0,70,,15274,,,0,30,,15275,,,0,70,,15276,,,0,30,,15277,,,0,70,,15278,,,0,30,,15279,,,0,70,,15280,,,0,30,,15281,,,0,70,,15282,,,0,30,,15283,,,0
2201,'236.0.1',600,,15284,4,,0,30,,15285,4,,0,70,,15286,4,,0,30,,15287,4,,0,70,,15288,4,,0,30,,15289,4,,0,70,,15290,4,,0,30,,15291,4,,0,70,,15292,4,,0,30,,15293,4,,0,70,,15294,4,,0,30,,15295,4,,0,70,,15296,4,,0,30,,15297,4,,0,70,,15298,4,,0,30,,15299,4,,0,70,,15300,4,,0,30,,15301,4,,0,70,,15302,4,,0,30,,15303,4,,0,70,,15304,4,,0,30,,15305,4,,0,70,,15306,4,,0,30,,15307,4,,0,70,,15308,4,,0,30,,15309,4,,0,70,,15310,4,,0,30,,15311,4,,0,70,,15312,4,,0,30,,15313,4,,0,70,,15314,4,,0,30,,15315,4,,0,70,,15316,4,,0,30,,15317,4,,0,70,,15318,4,,0,30,,15319,4,,0
2201,'236.0.2',550,,15320,4,,0,70,,15321,4,,0,30,,15322,4,,0,70,,15323,4,,0,30,,15324,4,,0,70,,15325,4,,0,30,,15326,4,,0,70,,15327,4,,0,30,,15328,4,,0,70,,15329,4,,0,30,,15330,4,,0,70,,15331,4,,0,30,,15332,4,,0,70,,15333,4,,0,30,,15334,4,,0,70,,15335,4,,0,30,,15336,4,,0,70,,15337,4,,0,30,,15338,4,,0,70,,15339,4,,0,30,,15340,4,,0,70,,15341,4,,0,30,,15342,4,,0,70,,15343,4,,0,30,,15344,4,,0,70,,15345,4,,0,30,,15346,4,,0,70,,15347,4,,0,30,,15348,4,,0,70,,15349,4,,0,30,,15350,4,,0,70,,15351,4,,0,30,,15352,4,,0,70,,15353,4,,0,30,,15354,4,,0,70,,15355,4,,0,30,,15356,4,,0
2201,'236.0.3',613,,15357,4,,0,30,,15358,4,,0,70,,15359,4,,0,30,,15360,4,,0,70,,15361,4,,0,30,,15362,4,,0,68,,15363,4,,0,29,,15364,4,,0,70,,15365,4,,0,30,,15366,4,,0,70,,15367,4,,0,30,,15368,4,,0,70,,15369,4,,0,30,,15370,4,,0,70,,15371,4,,0,30,,15372,4,,0,70,,15373,4,,0,30,,15374,4,,0,70,,15375,4,,0,30,,15376,4,,0,70,,15377,4,,0,30,,15378,4,,0,70,,15379,4,,0,30,,15380,4,,0,70,,15381,4,,0,30,,15382,4,,0,70,,15383,4,,0,30,,15384,4,,0,70,,15385,4,,0,30,,15386,4,,0,70,,15387,4,,0,30,,15388,4,,0,70,,15389,4,,0,30,,15390,4,,0,70,,15391,4,,0,30,,15392,4,,0
2500,'236.0.1',734,,15610,,,0,100,,15611,,,0,100,,15612,,,0,100,,15613,,,0,99,,15614,,,0,100,,15615,,,0,100,,15616,,,0,100,,15617,,,0,100,,15618,,,0,100,,15619,,,0,100,,15620,,,0,100,,15621,,,0,100,,15622,,,0,100,,15623,,,0,100,,15624,,,0,100,,15625,,,0
2500,'236.0.2',834,,15627,,,0,100,,15628,,,0,100,,15629,,,0,100,,15630,,,0,100,,15631,,,0,100,,15632,,,0,100,,15633,,,0,100,,15634,,,0,100,,15635,,,0,100,,15636,,,0,100,,15637,,,0,100,,15638,,,0,100,,15639,,,0,100,,15640,,,0
2500,'236.0.3',537,,15641,,,0,70,,15642,,,0,30,,15643,,,0,70,,15644,,,0,30,,15645,,,0,70,,15646,,,0,30,,15647,,,0,70,,15648,,,0,100,,15649,,,0,100,,15650,,,0,100,,15651,,,0,100,,15652,,,0,100,,15653,,,0,100,,15654,,,0,30,,15655,,,0,70,,15656,,,0,30,,15657,,,0,70,,15658,,,0,30,,15659,,,0,70,,15660,,,0,30,,15661,,,0,70,,15662,,,0,100,,15663,,,0,100,,15664,,,0,100,,15665,,,0,100,,15666,,,0
2501,'236.0.1',713,,15667,4,,0,100,,15668,4,,0,100,,15669,4,,0,100,,15670,4,,0,100,,15671,4,,0,100,,15672,4,,0,100,,15673,4,,0,100,,15674,4,,0,100,,15675,4,,0,100,,15676,4,,0,100,,15677,4,,0,100,,15678,4,,0,100,,15679,4,,0,100,,15680,4,,0,100,,15681,4,,0,100,,15682,4,,0
2501,'236.0.2',813,,15683,4,,0,100,,15684,4,,0,100,,15685,4,,0,100,,15686,4,,0,100,,15687,4,,0,100,,15688,4,,0,100,,15689,4,,0,100,,15690,4,,0,100,,15691,4,,0,100,,15692,4,,0,100,,15693,4,,0,100,,15694,4,,0,100,,15695,4,,0,100,,15696,4,,0
2501,'236.0.3',616,,15697,4,,0,30,,15698,4,,0,70,,15699,4,,0,38,,15700,4,,0,64,,15701,4,,0,30,,15702,4,,0,70,,15703,4,,0,28,,15704,4,,0,100,,15705,4,,0,100,,15706,4,,0,100,,15707,4,,0,100,,15708,4,,0,100,,15709,4,,0,100,,15710,4,,0,74,,15711,4,,0,32,,15712,4,,0,72,,15713,4,,0,26,,15714,4,,0,69,,15715,4,,0,26,,15716,4,,0,70,,15717,4,,0,30,,15718,4,,0,100,,15719,4,,0,100,,15720,4,,0,100,,15721,4,,0,100,,15722,4,,0
2600,'236.0.3',729,,15723,4,,0,73,,15724,4,,0,27,,15725,4,,0,698,,15728,4,,0,85,,15726,4,,0,30,,15727,4,,0,99,,15729,4,,0
2601,'236.0.3',710,,15730,,,0,30,,15731,,,0,70,,15732,,,0,700,,15735,,,0,45,,15733,,,0,70,,15734,,,0,100,,15736,,,0
2800,'236.0.1',706,,15737,,,0,30,,15738,,,0,70,,15739,,,0,30,,15740,,,0,70,,15741,,,0,30,,15742,,,0,70,,15743,,,0,30,,15744,,,0,70,,15745,,,0,30,,15746,,,0,70,,15747,,,0,30,,15748,,,0,70,,15749,,,0,30,,15750,,,0,70,,15751,,,0,30,,15752,,,0,70,,15753,,,0,30,,15754,,,0,70,,15755,,,0,30,,15756,,,0,70,,15757,,,0,30,,15758,,,0,70,,15759,,,0,30,,15760,,,0,70,,15761,,,0,30,,15762,,,0,70,,15763,,,0,30,,15764,,,0,70,,15765,,,0,30,,15766,,,0,70,,15767,,,0,30,,15768,,,0,70,,15769,,,0,30,,15770,,,0
2800,'236.0.2',725,,15771,,,0,100,,15772,,,0,100,,15773,,,0,100,,15774,,,0,100,,15775,,,0,100,,15776,,,0,100,,15777,,,0,100,,15778,,,0,100,,15779,,,0,100,,15780,,,0,100,,15781,,,0,100,,15782,,,0,100,,15783,,,0,100,,15784,,,0,100,,15785,,,0,100,,15786,,,0,100,,15787,,,0
2800,'236.0.3',618,,15788,,,0,30,,15789,,,0,70,,15790,,,0,30,,15791,,,0,70,,15792,,,0,30,,15793,,,0,70,,15794,,,0,30,,15795,,,0,70,,15796,,,0,30,,15797,,,0,68,,15798,,,0,30,,15799,,,0,70,,15800,,,0,30,,15801,,,0,70,,15802,,,0,30,,15803,,,0,70,,15804,,,0,29,,15805,,,0,70,,15806,,,0,30,,15807,,,0,70,,15808,,,0,30,,15809,,,0,70,,15810,,,0,33,,15811,,,0,70,,15812,,,0,30,,15813,,,0,70,,15814,,,0,30,,15815,,,0,70,,15816,,,0,100,,15817,,,0,100,,15818,,,0,100,,15819,,,0
2801,'236.0.1',739,,15820,4,,0,70,,15821,4,,0,30,,15822,4,,0,72,,15823,4,,0,30,,15824,4,,0,70,,15825,4,,0,30,,15826,4,,0,70,,15827,4,,0,34,,15828,4,,0,71,,15829,4,,0,30,,15830,4,,0,70,,15831,4,,0,30,,15832,4,,0,70,,15833,4,,0,30,,15834,4,,0,70,,15835,4,,0,30,,15836,4,,0,70,,15837,4,,0,30,,15838,4,,0,70,,15839,4,,0,30,,15840,4,,0,70,,15841,4,,0,25,,15842,4,,0,69,,15843,4,,0,30,,15844,4,,0,70,,15845,4,,0,30,,15846,4,,0,70,,15847,4,,0,30,,15848,4,,0,70,,15849,4,,0,30,,15850,4,,0,70,,15851,4,,0,30,,15852,4,,0,70,,15853,4,,0,30,,15854,4,,0
2801,'236.0.2',728,,15855,4,,0,100,,15856,4,,0,100,,15857,4,,0,103,,15858,4,,0,104,,15859,4,,0,100,,15860,4,,0,100,,15861,4,,0,100,,15862,4,,0,100,,15863,4,,0,100,,15864,4,,0,100,,15865,4,,0,96,,15866,4,,0,100,,15867,4,,0,100,,15868,4,,0,100,,15869,4,,0,100,,15870,4,,0,100,,15871,4,,0
2801,'236.0.3',648,,15872,4,,0,72,,15873,4,,0,36,,15874,4,,0,70,,15875,4,,0,30,,15876,4,,0,66,,15877,4,,0,29,,15878,4,,0,65,,15879,4,,0,30,,15880,4,,0,70,,15881,4,,0,33,,15882,4,,0,70,,15883,4,,0,30,,15884,4,,0,70,,15885,4,,0,30,,15886,4,,0,70,,15887,4,,0,30,,15888,4,,0,70,,15889,4,,0,39,,15890,4,,0,70,,15891,4,,0,30,,15892,4,,0,70,,15893,4,,0,30,,15894,4,,0,65,,15895,4,,0,26,,15896,4,,0,70,,15897,4,,0,30,,15898,4,,0,70,,15899,4,,0,100,,15900,4,,0,100,,15901,4,,0,100,,15902,4,,0,100,,15903,4,,0
41500,'236.0.3',612,,19529,,,0,100,,19530,,,0,100,,19531,,,0,100,,19532,,,0,533,,19536,,,0,100,,19533,,,0,100,,19534,,,0,100,,19535,,,0
41501,'236.0.3',648,,19537,4,,0,108,,19538,4,,0,93,,19539,4,,0,98,,19540,4,,0,573,,19544,4,,0,105,,19541,4,,0,101,,19542,4,,0,98,,19543,4,,0
1000901,'236.0.1',703,,20023,,,0,100,,20024,,,0,101,,20025,,,0,100,,20026,,,0,100,,20027,,,0,100,,20028,,,0,100,,20029,,,0,100,,20030,,,0,100,,20031,,,0,100,,20032,,,0,100,,20033,,,0,97,,20034,,,0,100,,20035,,,0,100,,20036,,,0,58,,20037,,,0,100,,20038,,,0,100,,20039,,,0,100,,20040,,,0
1000901,'236.0.2',700,,20041,,,0,58,,20042,,,0,143,,20043,,,0,100,,20044,,,0,100,,20045,,,0,100,,20046,,,0,100,,20047,,,0,100,,20048,,,0,100,,20049,,,0,100,,20050,,,0,100,,20051,,,0,100,,20052,,,0,100,,20053,,,0,100,,20054,,,0,56,,20055,,,0,100,,20056,,,0,100,,20057,,,0,100,,20058,,,0
1000901,'236.0.3',547,,20059,,,0,67,,20060,,,0,25,,20061,,,0,10,,20062,,,0,5,,20063,,,0,55,,20064,,,0,23,,20065,,,0,5,,20066,,,0,15,,20067,,,0,50,,20068,,,0,20,,20069,,,0,10,,20070,,,0,20,,20071,,,0,49,,20072,,,0,8,,20073,,,0,10,,20074,,,0,25,,20075,,,0,15,,20076,,,0,55,,20077,,,0,30,,20078,,,0,15,,20079,,,0,55,,20080,,,0,30,,20081,,,0,15,,20082,,,0,55,,20083,,,0,30,,20084,,,0,15,,20085,,,0,55,,20086,,,0,30,,20087,,,0,15,,20088,,,0,55,,20089,,,0,30,,20090,,,0,15,,20091,,,0,55,,20092,,,0,29,,20093,,,0,65,,20094,,,0,5,,20095,,,0,25,,20096,,,0,10,,20097,,,0,60,,20098,,,0,10,,20099,,,0,20,,20100,,,0,10,,20101,,,0,60,,20102,,,0,10,,20103,,,0,17,,20104,,,0,10,,20105,,,0,65,,20106,,,0,30,,20107,,,0,71,,20108,,,0,29,,20109,,,0,70,,20110,,,0,28,,20111,,,0,70,,20112,,,0,35,,20113,,,0,60,,20114,,,0,40,,20115,,,0,60,,20116,,,0,40,,20117,,,0,60,,20118,,,0
2000901,'236.0.1',633,,21052,,,0,100,,21053,,,0,99,,21054,,,0,102,,21055,,,0,100,,21056,,,0,100,,21057,,,0,100,,21058,,,0,100,,21059,,,0,100,,21060,,,0,100,,21061,,,0,100,,21062,,,0,100,,21063,,,0,97,,21064,,,0,100,,21065,,,0,98,,21066,,,0,100,,21067,,,0,100,,21068,,,0,100,,21069,,,0,100,,21070,,,0
2000901,'236.0.2',630,,21071,,,0,100,,21072,,,0,98,,21073,,,0,103,,21074,,,0,100,,21075,,,0,100,,21076,,,0,100,,21077,,,0,100,,21078,,,0,100,,21079,,,0,100,,21080,,,0,100,,21081,,,0,100,,21082,,,0,100,,21083,,,0,100,,21084,,,0,96,,21085,,,0,100,,21086,,,0,100,,21087,,,0,99,,21088,,,0,100,,21089,,,0
2000901,'236.0.3',559,,21090,,,0,70,,21091,,,0,30,,21092,,,0,83,,21093,,,0,70,,21094,,,0,30,,21095,,,0,58,,21096,,,0,29,,21097,,,0,100,,21098,,,0,100,,21099,,,0,100,,21100,,,0,100,,21101,,,0,100,,21102,,,0,99,,21103,,,0,30,,21104,,,0,70,,21105,,,0,30,,21106,,,0,70,,21107,,,0,30,,21108,,,0,68,,21109,,,0,29,,21110,,,0,70,,21111,,,0,30,,21112,,,0,70,,21113,,,0,30,,21114,,,0,70,,21115,,,0,22,,21116,,,0,70,,21117,,,0,100,,21118,,,0,100,,21119,,,0
