5400,'236.0.1',614,,3417,20,,,0,100,,3418,20,,,0,100,,3419,20,,,0,100,,3420,20,,,0,102,,3421,20,,,0,100,,3422,20,,,0,100,,3423,20,,,0,100,,3424,20,,,0,100,,3425,20,,,0,100,,3426,20,,,0,100,,3427,20,,,0,100,,3428,20,,,0,98,,3429,20,,,0,100,,3430,20,,,0,100,,3431,20,,,0,100,,3432,20,,,0,100,,3433,20,,,0
5400,'236.0.2',814,,3434,20,,,0,100,,3435,20,,,0,102,,3436,20,,,0,100,,3437,20,,,0,100,,3438,20,,,0,100,,3439,20,,,0,100,,3440,20,,,0,100,,3441,20,,,0,100,,3442,20,,,0,100,,3443,20,,,0,98,,3444,20,,,0,100,,3445,20,,,0,100,,3446,20,,,0,100,,3447,20,,,0
5400,'236.0.3',615,,3448,20,,,0,28,,3449,20,,,0,70,,3450,20,,,0,30,,3451,20,,,0,70,,3452,20,,,0,31,,3453,20,,,0,75,,3454,20,,,0,100,,3455,20,,,0,100,,3456,20,,,0,103,,3457,20,,,0,100,,3458,20,,,0,100,,3459,20,,,0,100,,3460,20,,,0,30,,3461,20,,,0,70,,3462,20,,,0,29,,3463,20,,,0,70,,3464,20,,,0,27,,3465,20,,,0,71,,3466,20,,,0,30,,3467,20,,,0,70,,3468,20,,,0,30,,3469,20,,,0,70,,3470,20,,,0,100,,3471,20,,,0
6700,'236.0.1',800,,4539,6,,,0,100,,4540,6,,,0,104,,4541,6,,,0,101,,4542,6,,,0,100,,4543,6,,,0,100,,4544,6,,,0,100,,4545,6,,,0,100,,4546,6,,,0,100,,4547,6,,,0,100,,4548,6,,,0,100,,4549,6,,,0,96,,4550,6,,,0,99,,4551,6,,,0,100,,4552,6,,,0,100,,4553,6,,,0,100,,4554,6,,,0
6700,'236.0.2',758,,4555,6,,,0,100,,4556,6,,,0,100,,4557,6,,,0,146,,4558,6,,,0,100,,4559,6,,,0,100,,4560,6,,,0,100,,4561,6,,,0,100,,4562,6,,,0,100,,4563,6,,,0,100,,4564,6,,,0,97,,4565,6,,,0,100,,4566,6,,,0,100,,4567,6,,,0,100,,4568,6,,,0,57,,4569,6,,,0,100,,4570,6,,,0
6700,'236.0.3',611,,4571,6,,,0,30,,4572,6,,,0,70,,4573,6,,,0,30,,4574,6,,,0,70,,4575,6,,,0,30,,4576,6,,,0,70,,4577,6,,,0,100,,4578,6,,,0,98,,4579,6,,,0,100,,4580,6,,,0,100,,4581,6,,,0,100,,4582,6,,,0,99,,4583,6,,,0,30,,4584,6,,,0,70,,4585,6,,,0,30,,4586,6,,,0,70,,4587,6,,,0,31,,4588,6,,,0,73,,4589,6,,,0,30,,4590,6,,,0,100,,4591,6,,,0,100,,4592,6,,,0,100,,4593,6,,,0,100,,4594,6,,,0
7201,'236.0.1',648,,4834,16,,,0,77,,4835,36,,,0,30,,4836,36,,,0,70,,4837,36,,,0,30,,4838,36,,,0,70,,4839,36,,,0,30,,4840,36,,,0,77,,4841,36,,,0,70,,4842,36,,,0,30,,4843,36,,,0,76,,4844,36,,,0,30,,4845,36,,,0,70,,4846,36,,,0,30,,4847,36,,,0,70,,4848,36,,,0,30,,4849,36,,,0,70,,4850,36,,,0,30,,4851,36,,,0,70,,4852,36,,,0,30,,4853,36,,,0,70,,4854,36,,,0,30,,4855,36,,,0,70,,4856,36,,,0,25,,4857,36,,,0,25,,4858,36,,,0,70,,4859,36,,,0,100,,4860,36,,,0,100,,4861,36,,,0,100,,4862,36,,,0,100,,4863,36,,,0,100,,4864,36,,,0
7201,'236.0.2',724,,4865,16,,,0,100,,4866,36,,,0,100,,4867,36,,,0,100,,4868,36,,,0,105,,4869,36,,,0,106,,4870,36,,,0,100,,4871,36,,,0,100,,4872,36,,,0,100,,4873,36,,,0,100,,4874,36,,,0,100,,4875,36,,,0,95,,4876,36,,,0,100,,4877,36,,,0,92,,4878,36,,,0,100,,4879,36,,,0,100,,4880,36,,,0,100,,4881,36,,,0
7201,'236.0.3',700,,4882,36,,,0,30,,4883,36,,,0,70,,4884,36,,,0,33,,4885,36,,,0,72,,4886,36,,,0,32,,4887,36,,,0,70,,4888,36,,,0,28,,4889,36,,,0,70,,4890,36,,,0,30,,4891,36,,,0,70,,4892,36,,,0,30,,4893,36,,,0,70,,4894,36,,,0,30,,4895,36,,,0,70,,4896,36,,,0,30,,4897,36,,,0,74,,4898,36,,,0,30,,4899,36,,,0,71,,4900,36,,,0,31,,4901,36,,,0,70,,4902,36,,,0,30,,4903,36,,,0,70,,4904,36,,,0,28,,4905,36,,,0,64,,4906,36,,,0,24,,4907,36,,,0,100,,4908,36,,,0,100,,4909,36,,,0,100,,4910,36,,,0,100,,4911,36,,,0
3001000,'236.0.1',548,,8620,1,0,5,0,89,,8621,40,0,14,0,100,,8622,40,0,14,0,70,,8623,40,0,14,0,30,,8624,40,0,14,0,70,,8625,40,0,14,0,31,,8626,40,0,14,0,73,,8627,40,0,14,0,30,,8628,40,0,14,0,70,,8629,40,0,14,0,31,,8630,40,0,14,0,73,,8631,40,0,14,0,30,,8632,40,0,14,0,70,,8633,40,0,14,0,30,,8634,40,0,14,0,70,,8635,40,0,14,0,30,,8636,40,0,14,0,70,,8637,40,0,14,0,30,,8638,40,0,14,0,70,,8639,40,0,14,0,30,,8640,40,0,14,0,70,,8641,40,0,14,0,30,,8642,40,0,14,0,70,,8643,40,0,14,0,29,,8644,40,0,14,0,68,,8645,40,0,14,0,30,,8646,40,0,14,0,100,,8647,40,0,14,0,99,,8648,40,0,14,0,96,,8649,40,0,14,0,100,,8650,40,0,14,0,100,,8651,40,0,14,0
3001000,'236.0.2',549,,8652,1,0,5,0,85,,8653,40,0,14,0,100,,8654,40,0,14,0,70,,8655,40,0,14,0,30,,8656,40,0,14,0,70,,8657,40,0,14,0,30,,8658,40,0,14,0,71,,8659,40,0,14,0,34,,8660,40,0,14,0,70,,8661,40,0,14,0,30,,8662,40,0,14,0,70,,8663,40,0,14,0,30,,8664,40,0,14,0,70,,8665,40,0,14,0,30,,8666,40,0,14,0,70,,8667,40,0,14,0,33,,8668,40,0,14,0,70,,8669,40,0,14,0,30,,8670,40,0,14,0,70,,8671,40,0,14,0,30,,8672,40,0,14,0,70,,8673,40,0,14,0,30,,8674,40,0,14,0,70,,8675,40,0,14,0,30,,8676,40,0,14,0,100,,8677,40,0,14,0,95,,8678,40,0,14,0,100,,8679,40,0,14,0,100,,8680,40,0,14,0,100,,8681,40,0,14,0
3001000,'236.0.3',512,,8682,1,0,5,0,30,,8683,1,0,5,0,70,,8684,1,0,5,0,15,,8685,40,0,14,0,19,,8686,40,0,14,0,60,,8687,40,0,14,0,19,,8688,40,0,14,0,18,,8689,40,0,14,0,57,,8690,40,0,14,0,20,,8691,40,0,14,0,33,,8692,40,0,14,0,60,,8693,40,0,14,0,20,,8694,40,0,14,0,68,,8695,40,0,14,0,30,,8696,40,0,14,0,70,,8697,40,0,14,0,30,,8698,40,0,14,0,70,,8699,40,0,14,0,30,,8700,40,0,14,0,70,,8701,40,0,14,0,30,,8702,40,0,14,0,70,,8703,40,0,14,0,30,,8704,40,0,14,0,20,,8705,40,0,14,0,60,,8706,40,0,14,0,20,,8707,40,0,14,0,21,,8708,40,0,14,0,67,,8709,40,0,14,0,23,,8710,40,0,14,0,60,,8711,40,0,14,0,20,,8712,40,0,14,0,18,,8713,40,0,14,0,19,,8714,40,0,14,0,58,,8715,40,0,14,0,13,,8716,40,0,14,0,16,,8717,40,0,14,0,60,,8718,40,0,14,0,20,,8719,40,0,14,0,19,,8720,40,0,14,0,70,,8721,40,0,14,0,30,,8722,40,0,14,0,70,,8723,40,0,14,0,30,,8724,40,0,14,0,68,,8725,40,0,14,0,27,,8726,40,0,14,0,70,,8727,40,0,14,0,30,,8728,40,0,14,0,70,,8729,40,0,14,0,30,,8730,40,0,14,0
