400,'236.0.1',600,,14162,,,0,100,,14163,,,0,100,,14164,,,0,30,,14165,,,0,70,,14166,,,0,30,,14167,,,0,72,,14168,,,0,30,,14169,,,0,70,,14170,,,0,30,,14171,,,0,70,,14172,,,0,30,,14173,,,0,70,,14174,,,0,30,,14175,,,0,70,,14176,,,0,30,,14177,,,0,70,,14178,,,0,30,,14179,,,0,70,,14180,,,0,30,,14181,,,0,70,,14182,,,0,30,,14183,,,0,70,,14184,,,0,30,,14185,,,0,70,,14186,,,0,30,,14187,,,0,70,,14188,,,0,30,,14189,,,0,69,,14190,,,0,29,,14191,,,0,70,,14192,,,0,100,,14193,,,0,100,,14194,,,0
400,'236.0.2',655,,14195,,,0,70,,14196,,,0,30,,14197,,,0,70,,14198,,,0,30,,14199,,,0,70,,14200,,,0,30,,14201,,,0,70,,14202,,,0,30,,14203,,,0,70,,14204,,,0,31,,14205,,,0,70,,14206,,,0,30,,14207,,,0,70,,14208,,,0,30,,14209,,,0,70,,14210,,,0,30,,14211,,,0,70,,14212,,,0,30,,14213,,,0,70,,14214,,,0,30,,14215,,,0,70,,14216,,,0,30,,14217,,,0,69,,14218,,,0,30,,14219,,,0,70,,14220,,,0,30,,14221,,,0,100,,14222,,,0,100,,14223,,,0,100,,14224,,,0,100,,14225,,,0
400,'236.0.3',610,,14226,,,0,20,,14227,,,0,20,,14228,,,0,60,,14229,,,0,15,,14230,,,0,17,,14231,,,0,15,,14232,,,0,55,,14233,,,0,15,,14234,,,0,15,,14235,,,0,15,,14236,,,0,55,,14237,,,0,15,,14238,,,0,15,,14239,,,0,15,,14240,,,0,55,,14241,,,0,15,,14242,,,0,15,,14243,,,0,15,,14244,,,0,55,,14245,,,0,15,,14246,,,0,17,,14247,,,0,15,,14248,,,0,55,,14249,,,0,15,,14250,,,0,15,,14251,,,0,15,,14252,,,0,55,,14253,,,0,10,,14254,,,0,10,,14255,,,0,10,,14256,,,0,10,,14257,,,0,50,,14258,,,0,10,,14259,,,0,8,,14260,,,0,8,,14261,,,0,8,,14262,,,0,8,,14263,,,0,8,,14264,,,0,48,,14265,,,0,8,,14266,,,0,8,,14267,,,0,8,,14268,,,0,8,,14269,,,0,8,,14270,,,0,8,,14271,,,0,8,,14272,,,0,48,,14273,,,0,8,,14274,,,0,8,,14275,,,0,8,,14276,,,0,8,,14277,,,0,8,,14278,,,0,8,,14279,,,0,56,,14280,,,0,8,,14281,,,0,8,,14282,,,0,8,,14283,,,0,8,,14284,,,0,8,,14285,,,0,9,,14286,,,0,53,,14287,,,0,15,,14288,,,0,15,,14289,,,0,60,,14290,,,0,20,,14291,,,0,20,,14292,,,0,60,,14293,,,0,20,,14294,,,0,20,,14295,,,0,60,,14296,,,0,18,,14297,,,0,20,,14298,,,0,60,,14299,,,0,30,,14300,,,0,70,,14301,,,0,30,,14302,,,0,70,,14303,,,0,30,,14304,,,0,70,,14305,,,0
400,'236.1141.3',1702,,14306,,,0
400,'236.1143.3',1702,,14307,,,0
800,'236.0.1',545,,14768,,,0,70,,14769,,,0,30,,14770,,,0,70,,14771,,,0,30,,14772,,,0,60,,14773,,,0,22,,14774,,,0,30,,14775,,,0,70,,14776,,,0,30,,14777,,,0,70,,14778,,,0,27,,14779,,,0,70,,14780,,,0,30,,14781,,,0,70,,14782,,,0,30,,14783,,,0,70,,14784,,,0,30,,14785,,,0,71,,14786,,,0,30,,14787,,,0,70,,14788,,,0,30,,14789,,,0,70,,14790,,,0,30,,14791,,,0,70,,14792,,,0,30,,14793,,,0,73,,14794,,,0,30,,14795,,,0,70,,14796,,,0,30,,14797,,,0,70,,14798,,,0,30,,14799,,,0,70,,14800,,,0,30,,14801,,,0,70,,14802,,,0,29,,14803,,,0,70,,14804,,,0,100,,14805,,,0
800,'236.0.2',602,,14806,,,0,30,,14807,,,0,70,,14808,,,0,30,,14809,,,0,70,,14810,,,0,30,,14811,,,0,70,,14812,,,0,30,,14813,,,0,70,,14814,,,0,31,,14815,,,0,70,,14816,,,0,25,,14817,,,0,30,,14818,,,0,71,,14819,,,0,30,,14820,,,0,70,,14821,,,0,30,,14822,,,0,70,,14823,,,0,30,,14824,,,0,70,,14825,,,0,30,,14826,,,0,75,,14827,,,0,70,,14828,,,0,30,,14829,,,0,70,,14830,,,0,30,,14831,,,0,69,,14832,,,0,30,,14833,,,0,70,,14834,,,0,29,,14835,,,0,70,,14836,,,0,30,,14837,,,0,70,,14838,,,0,30,,14839,,,0,100,,14840,,,0,100,,14841,,,0
800,'236.0.3',534,,14844,,,0,70,,14845,,,0,30,,14846,,,0,70,,14847,,,0,31,,14848,,,0,71,,14849,,,0,30,,14850,,,0,70,,14851,,,0,30,,14852,,,0,20,,14853,,,0,60,,14854,,,0,20,,14855,,,0,20,,14856,,,0,60,,14857,,,0,20,,14858,,,0,20,,14859,,,0,60,,14860,,,0,20,,14861,,,0,20,,14862,,,0,60,,14863,,,0,20,,14864,,,0,20,,14865,,,0,60,,14866,,,0,20,,14867,,,0,20,,14868,,,0,63,,14869,,,0,20,,14870,,,0,20,,14871,,,0,60,,14872,,,0,20,,14873,,,0,20,,14874,,,0,60,,14875,,,0,20,,14876,,,0,76,,14877,,,0,10,,14892,,,0,10,,14878,,,0,70,,14879,,,0,30,,14880,,,0,70,,14881,,,0,30,,14882,,,0,70,,14883,,,0,30,,14884,,,0,70,,14885,,,0,30,,14886,,,0,70,,14887,,,0,30,,14888,,,0,70,,14889,,,0,30,,14890,,,0,70,,14891,,,0
9000,'236.0.1',612,,18767,,,0,25,,18768,,,0,70,,18769,,,0,30,,18770,,,0,70,,18771,,,0,25,,18772,,,0,70,,18773,,,0,30,,18774,,,0,25,,18775,,,0,72,,18776,,,0,30,,18777,,,0,70,,18778,,,0,30,,18779,,,0,67,,18780,,,0,30,,18781,,,0,70,,18782,,,0,30,,18783,,,0,70,,18784,,,0,30,,18785,,,0,70,,18786,,,0,30,,18787,,,0,73,,18788,,,0,30,,18789,,,0,70,,18790,,,0,30,,18791,,,0,70,,18792,,,0,30,,18793,,,0,70,,18794,,,0,30,,18795,,,0,144,,18796,,,0,100,,18797,,,0,100,,18798,,,0,100,,18799,,,0
9000,'236.0.2',601,,18800,,,0,100,,18801,,,0,100,,18802,,,0,55,,18803,,,0,97,,18804,,,0,99,,18805,,,0,102,,18806,,,0,100,,18807,,,0,98,,18808,,,0,100,,18809,,,0,100,,18810,,,0,100,,18811,,,0,103,,18812,,,0,145,,18813,,,0,101,,18814,,,0,100,,18815,,,0,100,,18816,,,0,100,,18817,,,0
9000,'236.0.3',557,,18851,,,0,55,,18850,,,0,15,,18818,,,0,15,,18852,,,0,15,,18819,,,0,55,,18853,,,0,15,,18820,,,0,15,,18854,,,0,60,,18821,,,0,30,,18822,,,0,25,,18823,,,0,71,,18824,,,0,29,,18825,,,0,70,,18826,,,0,30,,18827,,,0,67,,18828,,,0,31,,18829,,,0,70,,18830,,,0,30,,18831,,,0,70,,18832,,,0,30,,18833,,,0,70,,18834,,,0,16,,18855,,,0,15,,18835,,,0,55,,18856,,,0,15,,18836,,,0,15,,18857,,,0,15,,18837,,,0,55,,18858,,,0,15,,18862,,,0,15,,18859,,,0,15,,18838,,,0,55,,18860,,,0,15,,18839,,,0,15,,18861,,,0,13,,18840,,,0,75,,18841,,,0,30,,18842,,,0,70,,18843,,,0,30,,18844,,,0,70,,18845,,,0,100,,18846,,,0,98,,18847,,,0,100,,18848,,,0,100,,18849,,,0
1000701,'236.0.1',629,,19771,,,0,20,,19772,,,0,60,,19773,,,0,20,,19774,,,0,20,,19775,,,0,60,,19776,,,0,20,,19777,,,0,21,,19778,,,0,60,,19779,,,0,20,,19780,,,0,20,,19781,,,0,60,,19782,,,0,20,,19783,,,0,20,,19784,,,0,62,,19785,,,0,20,,19786,,,0,20,,19787,,,0,60,,19788,,,0,20,,19789,,,0,20,,19790,,,0,60,,19791,,,0,20,,19792,,,0,20,,19793,,,0,60,,19794,,,0,20,,19795,,,0,20,,19796,,,0,60,,19797,,,0,20,,19798,,,0,20,,19799,,,0,60,,19800,,,0,20,,19801,,,0,20,,19802,,,0,60,,19803,,,0,19,,19804,,,0,20,,19805,,,0,60,,19806,,,0,20,,19807,,,0,20,,19808,,,0,60,,19809,,,0,19,,19810,,,0,20,,19811,,,0,60,,19812,,,0,20,,19813,,,0,20,,19814,,,0,60,,19815,,,0,20,,19816,,,0,20,,19817,,,0,60,,19818,,,0,20,,19819,,,0,20,,19820,,,0,60,,19821,,,0,20,,19822,,,0,20,,19823,,,0,60,,19824,,,0
1000701,'236.0.2',629,,19825,,,0,30,,19826,,,0,70,,19827,,,0,30,,19828,,,0,70,,19829,,,0,30,,19830,,,0,72,,19831,,,0,70,,19832,,,0,30,,19833,,,0,70,,19834,,,0,30,,19835,,,0,71,,19836,,,0,30,,19837,,,0,70,,19838,,,0,30,,19839,,,0,70,,19840,,,0,30,,19841,,,0,70,,19842,,,0,30,,19843,,,0,70,,19844,,,0,30,,19845,,,0,70,,19846,,,0,30,,19847,,,0,70,,19848,,,0,29,,19849,,,0,69,,19850,,,0,30,,19851,,,0,70,,19852,,,0,30,,19853,,,0,29,,19854,,,0,70,,19855,,,0,30,,19856,,,0,70,,19857,,,0,30,,19858,,,0,70,,19859,,,0,30,,19860,,,0
1000701,'236.0.3',614,,19861,,,0,15,,19862,,,0,15,,19863,,,0,15,,19864,,,0,55,,19865,,,0,17,,19866,,,0,21,,19867,,,0,55,,19868,,,0,15,,19869,,,0,15,,19870,,,0,15,,19871,,,0,55,,19872,,,0,15,,19873,,,0,15,,19874,,,0,15,,19875,,,0,52,,19876,,,0,14,,19877,,,0,15,,19878,,,0,15,,19879,,,0,55,,19880,,,0,15,,19881,,,0,15,,19882,,,0,15,,19883,,,0,55,,19884,,,0,15,,19885,,,0,15,,19886,,,0,15,,19887,,,0,55,,19888,,,0,15,,19889,,,0,15,,19890,,,0,15,,19891,,,0,55,,19892,,,0,15,,19893,,,0,15,,19894,,,0,15,,19895,,,0,57,,19896,,,0,17,,19897,,,0,15,,19898,,,0,15,,19899,,,0,55,,19900,,,0,15,,19901,,,0,15,,19902,,,0,15,,19903,,,0,55,,19904,,,0,15,,19905,,,0,13,,19906,,,0,13,,19907,,,0,55,,19908,,,0,13,,19909,,,0,15,,19910,,,0,15,,19911,,,0,55,,19912,,,0,15,,19913,,,0,15,,19914,,,0,15,,19915,,,0,13,,19916,,,0,55,,19917,,,0,15,,19918,,,0,15,,19919,,,0,15,,19920,,,0,55,,19921,,,0,15,,19922,,,0,15,,19923,,,0,15,,19924,,,0,53,,19925,,,0,15,,19926,,,0,15,,19927,,,0,15,,19928,,,0,55,,19929,,,0,30,,19930,,,0,70,,19931,,,0,30,,19932,,,0
