5801,'236.0.1',613,,3884,19,,,0,100,,3885,19,,,0,100,,3886,19,,,0,100,,3887,19,,,0,100,,3888,19,,,0,100,,3889,19,,,0,100,,3890,19,,,0,100,,3891,19,,,0,100,,3892,19,,,0,100,,3893,19,,,0,100,,3894,19,,,0,100,,3895,19,,,0,100,,3896,19,,,0,100,,3897,19,,,0,100,,3898,19,,,0,100,,3899,19,,,0,100,,3900,19,,,0
5801,'236.0.2',713,,3901,19,,,0,100,,3902,19,,,0,100,,3903,19,,,0,100,,3904,19,,,0,100,,3905,19,,,0,100,,3906,19,,,0,100,,3907,19,,,0,100,,3908,19,,,0,100,,3909,19,,,0,100,,3910,19,,,0,100,,3911,19,,,0,100,,3912,19,,,0,100,,3913,19,,,0,100,,3914,19,,,0,100,,3915,19,,,0,100,,3916,19,,,0
5801,'236.0.3',608,,3917,19,,,0,30,,3918,19,,,0,280,,3919,19,,,0,100,,3920,19,,,0,100,,3921,19,,,0,100,,3922,19,,,0,100,,3923,19,,,0,100,,3924,19,,,0,100,,3925,19,,,0,30,,3926,19,,,0,70,,3927,19,,,0,30,,3928,19,,,0,70,,3929,19,,,0,100,,3930,19,,,0,100,,3931,19,,,0,100,,3932,19,,,0,100,,3933,19,,,0,100,,3934,19,,,0,100,,3935,19,,,0
6301,'236.0.1',750,,4316,29,,,0,100,,4317,29,,,0,100,,4318,29,,,0,100,,4319,29,,,0,100,,4320,29,,,0,100,,4321,29,,,0,100,,4322,29,,,0,100,,4323,29,,,0,100,,4324,29,,,0,100,,4325,29,,,0,100,,4326,29,,,0,100,,4327,29,,,0,97,,4328,29,,,0,100,,4329,29,,,0,100,,4330,29,,,0,100,,4331,29,,,0
6301,'236.0.2',719,,4332,29,,,0,100,,4333,29,,,0,100,,4334,29,,,0,100,,4335,29,,,0,100,,4336,29,,,0,100,,4337,29,,,0,100,,4338,29,,,0,100,,4339,29,,,0,98,,4340,29,,,0,100,,4341,29,,,0,100,,4342,29,,,0,100,,4343,29,,,0,100,,4344,29,,,0,100,,4345,29,,,0,100,,4346,29,,,0
6301,'236.0.3',641,,4347,29,,,0,70,,4348,29,,,0,30,,4349,29,,,0,70,,4350,29,,,0,30,,4351,29,,,0,70,,4352,29,,,0,30,,4353,29,,,0,16,,4354,29,,,0,100,,4355,29,,,0,100,,4356,29,,,0,100,,4357,29,,,0,100,,4358,29,,,0,100,,4359,29,,,0,155,,4360,29,,,0,30,,4361,29,,,0,68,,4362,29,,,0,30,,4363,29,,,0,70,,4364,29,,,0,30,,4365,29,,,0,70,,4366,29,,,0,100,,4367,29,,,0,100,,4368,29,,,0,100,,4369,29,,,0,100,,4370,29,,,0
6700,'236.0.1',803,,4539,12,,,0,100,,4540,12,,,0,104,,4541,12,,,0,102,,4542,12,,,0,100,,4543,12,,,0,100,,4544,12,,,0,100,,4545,12,,,0,100,,4546,12,,,0,100,,4547,12,,,0,100,,4548,12,,,0,100,,4549,12,,,0,95,,4550,12,,,0,99,,4551,12,,,0,100,,4552,12,,,0,100,,4553,12,,,0,100,,4554,12,,,0
6700,'236.0.2',801,,4555,12,,,0,100,,4556,12,,,0,100,,4557,12,,,0,106,,4558,12,,,0,101,,4559,12,,,0,100,,4560,12,,,0,100,,4561,12,,,0,100,,4562,12,,,0,100,,4563,12,,,0,100,,4564,12,,,0,97,,4565,12,,,0,99,,4566,12,,,0,100,,4567,12,,,0,100,,4568,12,,,0,97,,4569,12,,,0,100,,4570,12,,,0
6700,'236.0.3',615,,4571,12,,,0,30,,4572,12,,,0,70,,4573,12,,,0,30,,4574,12,,,0,70,,4575,12,,,0,30,,4576,12,,,0,70,,4577,12,,,0,100,,4578,12,,,0,98,,4579,12,,,0,100,,4580,12,,,0,100,,4581,12,,,0,100,,4582,12,,,0,99,,4583,12,,,0,30,,4584,12,,,0,70,,4585,12,,,0,30,,4586,12,,,0,70,,4587,12,,,0,31,,4588,12,,,0,73,,4589,12,,,0,30,,4590,12,,,0,100,,4591,12,,,0,100,,4592,12,,,0,100,,4593,12,,,0,100,,4594,12,,,0
15801,'236.0.3',708,,6133,19,,,0,30,,6136,19,,,0,70,,6134,19,,,0,30,,6135,19,,,0
