5801,'236.0.1',614,,3884,21,,,0,100,,3885,21,,,0,100,,3886,21,,,0,100,,3887,21,,,0,100,,3888,21,,,0,100,,3889,21,,,0,100,,3890,21,,,0,100,,3891,21,,,0,100,,3892,21,,,0,100,,3893,21,,,0,100,,3894,21,,,0,100,,3895,21,,,0,100,,3896,21,,,0,100,,3897,21,,,0,100,,3898,21,,,0,100,,3899,21,,,0,100,,3900,21,,,0
5801,'236.0.2',714,,3901,21,,,0,100,,3902,21,,,0,100,,3903,21,,,0,100,,3904,21,,,0,100,,3905,21,,,0,100,,3906,21,,,0,100,,3907,21,,,0,100,,3908,21,,,0,100,,3909,21,,,0,100,,3910,21,,,0,100,,3911,21,,,0,100,,3912,21,,,0,100,,3913,21,,,0,100,,3914,21,,,0,100,,3915,21,,,0,100,,3916,21,,,0
5801,'236.0.3',609,,3917,21,,,0,30,,3918,21,,,0,280,,3919,21,,,0,100,,3920,21,,,0,100,,3921,21,,,0,100,,3922,21,,,0,100,,3923,21,,,0,100,,3924,21,,,0,100,,3925,21,,,0,30,,3926,21,,,0,70,,3927,21,,,0,30,,3928,21,,,0,70,,3929,21,,,0,100,,3930,21,,,0,100,,3931,21,,,0,100,,3932,21,,,0,100,,3933,21,,,0,100,,3934,21,,,0,100,,3935,21,,,0
6301,'236.0.1',751,,4316,31,,,0,100,,4317,31,,,0,100,,4318,31,,,0,100,,4319,31,,,0,100,,4320,31,,,0,100,,4321,31,,,0,100,,4322,31,,,0,100,,4323,31,,,0,100,,4324,31,,,0,100,,4325,31,,,0,100,,4326,31,,,0,100,,4327,31,,,0,97,,4328,31,,,0,100,,4329,31,,,0,100,,4330,31,,,0,100,,4331,31,,,0
6301,'236.0.2',720,,4332,31,,,0,100,,4333,31,,,0,100,,4334,31,,,0,100,,4335,31,,,0,100,,4336,31,,,0,100,,4337,31,,,0,100,,4338,31,,,0,100,,4339,31,,,0,98,,4340,31,,,0,100,,4341,31,,,0,100,,4342,31,,,0,100,,4343,31,,,0,100,,4344,31,,,0,100,,4345,31,,,0,100,,4346,31,,,0
6301,'236.0.3',641,,4347,31,,,0,70,,4348,31,,,0,30,,4349,31,,,0,70,,4350,31,,,0,30,,4351,31,,,0,70,,4352,31,,,0,30,,4353,31,,,0,16,,4354,31,,,0,100,,4355,31,,,0,100,,4356,31,,,0,100,,4357,31,,,0,100,,4358,31,,,0,100,,4359,31,,,0,155,,4360,31,,,0,30,,4361,31,,,0,69,,4362,31,,,0,30,,4363,31,,,0,70,,4364,31,,,0,30,,4365,31,,,0,70,,4366,31,,,0,100,,4367,31,,,0,100,,4368,31,,,0,100,,4369,31,,,0,100,,4370,31,,,0
6700,'236.0.1',804,,4539,14,,,0,100,,4540,14,,,0,104,,4541,14,,,0,102,,4542,14,,,0,100,,4543,14,,,0,100,,4544,14,,,0,100,,4545,14,,,0,100,,4546,14,,,0,100,,4547,14,,,0,100,,4548,14,,,0,100,,4549,14,,,0,95,,4550,14,,,0,99,,4551,14,,,0,100,,4552,14,,,0,100,,4553,14,,,0,100,,4554,14,,,0
6700,'236.0.2',802,,4555,14,,,0,100,,4556,14,,,0,100,,4557,14,,,0,106,,4558,14,,,0,101,,4559,14,,,0,100,,4560,14,,,0,100,,4561,14,,,0,100,,4562,14,,,0,100,,4563,14,,,0,100,,4564,14,,,0,97,,4565,14,,,0,99,,4566,14,,,0,100,,4567,14,,,0,100,,4568,14,,,0,97,,4569,14,,,0,100,,4570,14,,,0
6700,'236.0.3',616,,4571,14,,,0,30,,4572,14,,,0,70,,4573,14,,,0,30,,4574,14,,,0,70,,4575,14,,,0,30,,4576,14,,,0,70,,4577,14,,,0,100,,4578,14,,,0,99,,4579,14,,,0,100,,4580,14,,,0,100,,4581,14,,,0,100,,4582,14,,,0,99,,4583,14,,,0,30,,4584,14,,,0,70,,4585,14,,,0,30,,4586,14,,,0,70,,4587,14,,,0,31,,4588,14,,,0,72,,4589,14,,,0,30,,4590,14,,,0,100,,4591,14,,,0,100,,4592,14,,,0,100,,4593,14,,,0,100,,4594,14,,,0
15801,'236.0.3',709,,6133,21,,,0,30,,6136,21,,,0,70,,6134,21,,,0,30,,6135,21,,,0
