8201,'236.0.1',644,,4962,8,,,0,100,,4963,8,,,0,100,,4964,8,,,0,100,,4965,8,,,0,100,,4966,8,,,0,100,,4967,8,,,0,100,,4968,8,,,0,100,,4969,8,,,0,100,,4970,8,,,0,100,,4971,8,,,0,100,,4972,8,,,0,100,,4973,8,,,0,100,,4974,8,,,0,100,,4975,8,,,0,100,,4976,8,,,0,100,,4977,8,,,0,100,,4978,8,,,0
8201,'236.0.2',645,,4979,8,,,0,100,,4980,8,,,0,100,,4981,8,,,0,100,,4982,8,,,0,100,,4983,8,,,0,100,,4984,8,,,0,100,,4985,8,,,0,100,,4986,8,,,0,100,,4987,8,,,0,100,,4988,8,,,0,100,,4989,8,,,0,100,,4990,8,,,0,100,,4991,8,,,0,100,,4992,8,,,0,100,,4993,8,,,0,100,,4994,8,,,0
8201,'236.0.3',850,,4995,8,,,0,100,,4996,8,,,0,100,,4997,8,,,0,100,,4998,8,,,0,100,,4999,8,,,0,100,,5000,8,,,0,100,,5001,8,,,0,99,,5002,8,,,0,67,,5003,8,,,0,30,,5004,8,,,0,70,,5005,8,,,0,30,,5006,8,,,0,69,,5007,8,,,0,35,,5008,8,,,0,100,,5009,8,,,0,100,,5010,8,,,0,100,,5011,8,,,0,100,,5012,8,,,0
8401,'236.0.1',604,,5180,8,,,0,100,,5181,8,,,0,100,,5182,8,,,0,100,,5183,8,,,0,100,,5184,8,,,0,100,,5185,8,,,0,100,,5186,8,,,0,101,,5187,8,,,0,100,,5188,8,,,0,100,,5189,8,,,0,100,,5190,8,,,0,99,,5191,8,,,0,100,,5192,8,,,0,100,,5193,8,,,0,100,,5194,8,,,0,100,,5195,8,,,0,100,,5196,8,,,0
8401,'236.0.2',609,,5197,8,,,0,100,,5198,8,,,0,100,,5199,8,,,0,100,,5200,8,,,0,100,,5201,8,,,0,100,,5202,8,,,0,100,,5203,8,,,0,100,,5204,8,,,0,100,,5205,8,,,0,100,,5206,8,,,0,100,,5207,8,,,0,100,,5208,8,,,0,100,,5209,8,,,0,100,,5210,8,,,0,100,,5211,8,,,0,100,,5212,8,,,0,100,,5213,8,,,0
8401,'236.0.3',509,,5214,8,,,0,30,,5215,8,,,0,70,,5216,8,,,0,15,,5217,8,,,0,15,,5245,8,,,0,15,,5218,8,,,0,55,,5219,8,,,0,15,,5220,8,,,0,15,,5221,8,,,0,15,,5222,8,,,0,55,,5223,8,,,0,15,,5224,8,,,0,15,,5225,8,,,0,16,,5246,8,,,0,55,,5226,8,,,0,100,,5227,8,,,0,100,,5228,8,,,0,100,,5229,8,,,0,100,,5230,8,,,0,100,,5231,8,,,0,100,,5232,8,,,0,30,,5233,8,,,0,70,,5234,8,,,0,30,,5235,8,,,0,70,,5236,8,,,0,30,,5237,8,,,0,69,,5238,8,,,0,100,,5239,8,,,0,100,,5240,8,,,0,100,,5241,8,,,0,100,,5242,8,,,0,100,,5243,8,,,0,100,,5244,8,,,0
8600,'236.0.1',615,,5363,8,,,0,100,,5364,8,,,0,100,,5365,8,,,0,100,,5366,8,,,0,100,,5367,8,,,0,100,,5368,8,,,0,100,,5369,8,,,0,101,,5370,8,,,0,100,,5371,8,,,0,100,,5372,8,,,0,100,,5373,8,,,0,100,,5374,8,,,0,100,,5375,8,,,0,100,,5376,8,,,0,100,,5377,8,,,0,100,,5378,8,,,0,100,,5379,8,,,0
8600,'236.0.2',621,,5380,8,,,0,100,,5381,8,,,0,100,,5382,8,,,0,100,,5383,8,,,0,100,,5384,8,,,0,100,,5385,8,,,0,100,,5386,8,,,0,100,,5387,8,,,0,100,,5388,8,,,0,100,,5389,8,,,0,100,,5390,8,,,0,100,,5391,8,,,0,100,,5392,8,,,0,100,,5393,8,,,0,100,,5394,8,,,0,100,,5395,8,,,0
8600,'236.0.3',534,,5396,8,,,0,68,,5397,8,,,0,30,,5398,8,,,0,69,,5399,8,,,0,29,,5400,8,,,0,28,,5401,8,,,0,66,,5402,8,,,0,100,,5403,8,,,0,100,,5404,8,,,0,100,,5405,8,,,0,100,,5406,8,,,0,100,,5407,8,,,0,100,,5408,8,,,0,100,,5409,8,,,0,419,,5410,8,,,0,100,,5411,8,,,0,100,,5412,8,,,0,100,,5413,8,,,0
18201,'236.0.3',526,,6194,8,,,0,15,,6195,8,,,0,15,,6196,8,,,0,55,,6197,8,,,0,15,,6198,8,,,0,13,,6199,8,,,0,15,,6200,8,,,0,55,,6206,8,,,0,15,,6201,8,,,0,15,,6202,8,,,0,15,,6203,8,,,0,55,,6205,8,,,0,15,,6204,8,,,0
18600,'236.0.3',1556,,6246,18,,,0,75,,6247,18,,,0,74,,6248,18,,,0,29,,6251,18,,,0,22,,6249,18,,,0,66,,6250,18,,,0
