15900,'220.0.3',1541,,8917,,,0,61,,8918,,,0,24,,8919,,,0,23,,8920,,,0,62,,8921,,,0,19,,8924,,,0,12,,8925,,,0,60,,8922,,,0,18,,8923,,,0
15900,'220.0.4',1541,,8926,,,0,61,,8927,,,0,24,,8928,,,0,23,,8929,,,0,62,,8930,,,0,19,,8933,,,0,12,,8934,,,0,60,,8931,,,0,18,,8932,,,0
15901,'220.0.3',558,,8935,,,0,60,,8943,,,0,20,,8936,,,0,20,,8937,,,0,60,,8938,,,0,20,,8939,,,0,20,,8940,,,0,61,,8941,,,0,19,,8942,,,0
15901,'220.0.4',558,,8944,,,0,60,,8952,,,0,20,,8945,,,0,20,,8946,,,0,60,,8947,,,0,20,,8948,,,0,20,,8949,,,0,61,,8950,,,0,19,,8951,,,0
40100,'220.0.1',758,,9471,4,,0,501,,9472,4,,0,600,,9473,4,,0
40100,'220.0.2',758,,9474,4,,0,501,,9475,4,,0,600,,9476,4,,0
40100,'220.0.3',623,,9478,4,,0,136,,9482,4,,0,175,,9483,4,,0,175,,9480,4,,0,615,,9477,4,,0,179,,9481,4,,0,139,,9479,4,,0
40100,'220.0.4',623,,9485,4,,0,136,,9489,4,,0,175,,9490,4,,0,175,,9487,4,,0,615,,9484,4,,0,179,,9488,4,,0,139,,9486,4,,0
40101,'220.0.1',805,,9491,,,0,326,,9492,,,0,600,,9493,,,0
40101,'220.0.2',805,,9494,,,0,326,,9495,,,0,600,,9496,,,0
40101,'220.0.3',629,,9497,,,0,175,,9498,,,0,135,,9499,,,0,613,,9502,,,0,179,,9500,,,0,179,,9501,,,0
40101,'220.0.4',629,,9503,,,0,175,,9504,,,0,135,,9505,,,0,613,,9508,,,0,179,,9506,,,0,179,,9507,,,0
