301,'220.0.1',610,,1393,,,0,100,,1394,,,0,100,,1395,,,0,30,,1396,,,0,70,,1397,,,0,30,,1398,,,0,70,,1399,,,0,31,,1400,,,0,70,,1401,,,0,30,,1402,,,0,70,,1403,,,0,30,,1404,,,0,70,,1405,,,0,30,,1406,,,0,70,,1407,,,0,30,,1408,,,0,70,,1409,,,0,30,,1410,,,0,70,,1411,,,0,30,,1412,,,0,70,,1413,,,0,30,,1414,,,0,68,,1415,,,0,30,,1416,,,0,70,,1417,,,0,30,,1418,,,0,70,,1419,,,0,30,,1420,,,0,70,,1421,,,0,30,,1422,,,0,70,,1423,,,0,30,,1424,,,0,70,,1425,,,0,30,,1426,,,0,70,,1427,,,0,30,,1428,,,0
301,'220.0.2',609,,1429,,,0,100,,1430,,,0,100,,1431,,,0,30,,1432,,,0,70,,1433,,,0,20,,1434,,,0,20,,1435,,,0,60,,1436,,,0,20,,1437,,,0,20,,1438,,,0,60,,1439,,,0,20,,1440,,,0,20,,1441,,,0,60,,1442,,,0,20,,1443,,,0,20,,1444,,,0,60,,1445,,,0,20,,1446,,,0,20,,1447,,,0,60,,1448,,,0,20,,1449,,,0,20,,1450,,,0,60,,1451,,,0,20,,1452,,,0,20,,1453,,,0,60,,1454,,,0,20,,1455,,,0,20,,1456,,,0,60,,1457,,,0,20,,1458,,,0,20,,1459,,,0,60,,1460,,,0,30,,1461,,,0,70,,1462,,,0,30,,1463,,,0,70,,1464,,,0,30,,1465,,,0,70,,1466,,,0,30,,1467,,,0,70,,1468,,,0,30,,1469,,,0,70,,1470,,,0,30,,1471,,,0,70,,1472,,,0
301,'220.0.3',539,,1473,,,0,70,,1474,,,0,15,,1475,,,0,15,,1476,,,0,15,,1477,,,0,55,,1478,,,0,15,,1479,,,0,16,,1480,,,0,15,,1481,,,0,55,,1482,,,0,15,,1483,,,0,15,,1484,,,0,15,,1485,,,0,55,,1486,,,0,20,,1487,,,0,20,,1488,,,0,60,,1489,,,0,20,,1490,,,0,20,,1491,,,0,60,,1492,,,0,20,,1493,,,0,20,,1494,,,0,60,,1495,,,0,20,,1496,,,0,20,,1497,,,0,60,,1498,,,0,20,,1499,,,0,20,,1500,,,0,60,,1501,,,0,20,,1502,,,0,20,,1503,,,0,61,,1504,,,0,15,,1505,,,0,15,,1506,,,0,15,,1507,,,0,55,,1508,,,0,15,,1509,,,0,15,,1510,,,0,15,,1511,,,0,55,,1512,,,0,15,,1513,,,0,15,,1514,,,0,14,,1515,,,0,54,,1516,,,0,15,,1517,,,0,15,,1518,,,0,20,,1519,,,0,60,,1520,,,0,20,,1521,,,0,20,,1522,,,0,60,,1523,,,0,20,,1524,,,0,20,,1525,,,0,50,,1526,,,0,30,,1527,,,0,70,,1528,,,0,30,,1529,,,0,70,,1530,,,0,33,,1531,,,0,70,,1532,,,0,30,,1533,,,0
301,'220.0.4',539,,1534,,,0,70,,1535,,,0,15,,1536,,,0,15,,1537,,,0,15,,1538,,,0,55,,1539,,,0,15,,1540,,,0,16,,1541,,,0,15,,1542,,,0,55,,1543,,,0,15,,1544,,,0,15,,1545,,,0,15,,1546,,,0,55,,1547,,,0,20,,1548,,,0,20,,1549,,,0,60,,1550,,,0,20,,1551,,,0,20,,1552,,,0,60,,1553,,,0,20,,1554,,,0,20,,1555,,,0,60,,1556,,,0,20,,1557,,,0,20,,1558,,,0,60,,1559,,,0,20,,1560,,,0,20,,1561,,,0,60,,1562,,,0,20,,1563,,,0,20,,1564,,,0,61,,1565,,,0,15,,1566,,,0,15,,1567,,,0,15,,1568,,,0,55,,1569,,,0,15,,1570,,,0,15,,1571,,,0,15,,1572,,,0,55,,1573,,,0,15,,1574,,,0,15,,1575,,,0,14,,1576,,,0,54,,1577,,,0,15,,1578,,,0,15,,1579,,,0,20,,1580,,,0,60,,1581,,,0,20,,1582,,,0,20,,1583,,,0,60,,1584,,,0,20,,1585,,,0,20,,1586,,,0,50,,1587,,,0,30,,1588,,,0,70,,1589,,,0,30,,1590,,,0,70,,1591,,,0,33,,1592,,,0,70,,1593,,,0,30,,1594,,,0,70,,1595,,,0,30,,1596,,,0
401,'220.0.1',609,,1826,,,0,100,,1827,,,0,100,,1828,,,0,30,,1829,,,0,70,,1830,,,0,30,,1831,,,0,70,,1832,,,0,30,,1833,,,0,72,,1834,,,0,30,,1835,,,0,70,,1836,,,0,30,,1837,,,0,70,,1838,,,0,30,,1839,,,0,70,,1840,,,0,30,,1841,,,0,70,,1842,,,0,30,,1843,,,0,70,,1844,,,0,30,,1845,,,0,70,,1846,,,0,30,,1847,,,0,68,,1848,,,0,30,,1849,,,0,70,,1850,,,0,30,,1851,,,0,70,,1852,,,0,30,,1853,,,0,70,,1854,,,0,30,,1855,,,0,70,,1856,,,0,100,,1857,,,0,100,,1858,,,0
401,'220.0.2',709,,1859,,,0,30,,1860,,,0,70,,1861,,,0,30,,1862,,,0,70,,1863,,,0,30,,1864,,,0,70,,1865,,,0,30,,1866,,,0,68,,1867,,,0,30,,1868,,,0,70,,1869,,,0,30,,1870,,,0,70,,1871,,,0,30,,1872,,,0,70,,1873,,,0,30,,1874,,,0,70,,1875,,,0,30,,1876,,,0,70,,1877,,,0,30,,1878,,,0,70,,1879,,,0,30,,1880,,,0,70,,1881,,,0,30,,1882,,,0,70,,1883,,,0,32,,1884,,,0,70,,1885,,,0,100,,1886,,,0,100,,1887,,,0,100,,1888,,,0,100,,1889,,,0
401,'220.0.3',550,,1890,,,0,55,,1891,,,0,15,,1892,,,0,15,,1893,,,0,15,,1894,,,0,56,,1895,,,0,8,,1896,,,0,8,,1897,,,0,8,,1898,,,0,8,,1899,,,0,8,,1900,,,0,8,,1901,,,0,48,,1902,,,0,8,,1903,,,0,8,,1904,,,0,8,,1905,,,0,8,,1906,,,0,8,,1907,,,0,8,,1908,,,0,8,,1909,,,0,48,,1910,,,0,8,,1911,,,0,8,,1912,,,0,8,,1913,,,0,8,,1914,,,0,8,,1915,,,0,8,,1916,,,0,48,,1917,,,0,8,,1918,,,0,11,,1919,,,0,15,,1920,,,0,15,,1921,,,0,55,,1922,,,0,15,,1923,,,0,15,,1924,,,0,15,,1925,,,0,55,,1926,,,0,15,,1927,,,0,15,,1928,,,0,15,,1929,,,0,55,,1930,,,0,15,,1931,,,0,15,,1932,,,0,15,,1933,,,0,55,,1934,,,0,15,,1935,,,0,15,,1936,,,0,15,,1937,,,0,55,,1938,,,0,15,,1939,,,0,15,,1940,,,0,15,,1941,,,0,55,,1942,,,0,15,,1943,,,0,15,,1944,,,0,15,,1945,,,0,55,,1946,,,0,15,,1947,,,0,15,,1948,,,0,15,,1949,,,0,54,,1950,,,0,15,,1951,,,0,15,,1952,,,0,20,,1953,,,0,60,,1954,,,0,20,,1955,,,0,20,,1956,,,0,60,,1957,,,0,20,,1958,,,0,20,,1959,,,0,60,,1960,,,0,20,,1961,,,0,20,,1962,,,0,69,,1963,,,0,30,,1964,,,0,70,,1965,,,0,30,,1966,,,0,70,,1967,,,0,30,,1968,,,0
401,'220.0.4',550,,1969,,,0,55,,1970,,,0,15,,1971,,,0,15,,1972,,,0,15,,1973,,,0,56,,1974,,,0,8,,1975,,,0,8,,1976,,,0,8,,1977,,,0,8,,1978,,,0,8,,1979,,,0,8,,1980,,,0,48,,1981,,,0,8,,1982,,,0,8,,1983,,,0,8,,1984,,,0,8,,1985,,,0,8,,1986,,,0,8,,1987,,,0,8,,1988,,,0,48,,1989,,,0,8,,1990,,,0,8,,1991,,,0,8,,1992,,,0,8,,1993,,,0,8,,1994,,,0,8,,1995,,,0,48,,1996,,,0,8,,1997,,,0,11,,1998,,,0,15,,1999,,,0,15,,2000,,,0,55,,2001,,,0,15,,2002,,,0,15,,2003,,,0,15,,2004,,,0,55,,2005,,,0,15,,2006,,,0,15,,2007,,,0,15,,2008,,,0,55,,2009,,,0,15,,2010,,,0,15,,2011,,,0,15,,2012,,,0,55,,2013,,,0,15,,2014,,,0,15,,2015,,,0,15,,2016,,,0,55,,2017,,,0,15,,2018,,,0,15,,2019,,,0,15,,2020,,,0,55,,2021,,,0,15,,2022,,,0,15,,2023,,,0,15,,2024,,,0,55,,2025,,,0,15,,2026,,,0,15,,2027,,,0,15,,2028,,,0,54,,2029,,,0,15,,2030,,,0,15,,2031,,,0,20,,2032,,,0,60,,2033,,,0,20,,2034,,,0,20,,2035,,,0,60,,2036,,,0,20,,2037,,,0,20,,2038,,,0,60,,2039,,,0,20,,2040,,,0,20,,2041,,,0,69,,2042,,,0,30,,2043,,,0,70,,2044,,,0,30,,2045,,,0,70,,2046,,,0,30,,2047,,,0,70,,2048,,,0,30,,2049,,,0
13500,'220.0.3',638,,8788,,,0,70,,8789,,,0,27,,8790,,,0,15,,8791,,,0,55,,8792,,,0,15,,8793,,,0
13500,'220.0.4',638,,8794,,,0,70,,8795,,,0,13,,8796,,,0,14,,8797,,,0,15,,8798,,,0,55,,8799,,,0,15,,8800,,,0
13500,'220.1141.3',721,,8801,,,0
13500,'220.1143.3',721,,8802,,,0
