2101,'236.0.1',626,,2048,2,,,0,30,,2049,2,,,0,70,,2050,2,,,0,30,,2051,2,,,0,70,,2052,2,,,0,30,,2053,2,,,0,70,,2054,2,,,0,30,,2055,2,,,0,70,,2056,2,,,0,30,,2057,2,,,0,70,,2058,2,,,0,30,,2059,2,,,0,70,,2060,2,,,0,30,,2061,2,,,0,70,,2062,2,,,0,30,,2063,2,,,0,70,,2064,2,,,0,30,,2065,2,,,0,70,,2066,2,,,0,30,,2067,2,,,0,70,,2068,2,,,0,30,,2069,2,,,0,70,,2070,2,,,0,30,,2071,2,,,0,70,,2072,2,,,0,30,,2073,2,,,0,70,,2074,2,,,0,74,,2075,2,,,0,30,,2076,2,,,0,70,,2077,2,,,0,30,,2078,2,,,0,100,,2079,2,,,0,100,,2080,2,,,0
2101,'236.0.2',631,,2081,2,,,0,100,,2082,2,,,0,100,,2083,2,,,0,98,,2084,2,,,0,100,,2085,2,,,0,100,,2086,2,,,0,100,,2087,2,,,0,100,,2088,2,,,0,100,,2089,2,,,0,100,,2090,2,,,0,100,,2091,2,,,0,100,,2092,2,,,0,100,,2093,2,,,0,104,,2094,2,,,0,100,,2095,2,,,0,100,,2096,2,,,0,100,,2097,2,,,0,100,,2098,2,,,0
2101,'236.0.3',535,,2100,2,,,0,70,,2101,2,,,0,29,,2102,2,,,0,68,,2103,2,,,0,30,,2104,2,,,0,70,,2105,2,,,0,30,,2106,2,,,0,100,,2107,2,,,0,97,,2108,2,,,0,97,,2109,2,,,0,100,,2110,2,,,0,100,,2111,2,,,0,100,,2112,2,,,0,75,,2113,2,,,0,30,,2114,2,,,0,70,,2115,2,,,0,34,,2116,2,,,0,70,,2117,2,,,0,26,,2118,2,,,0,71,,2119,2,,,0,33,,2120,2,,,0,70,,2121,2,,,0,30,,2122,2,,,0,89,,2123,2,,,0,100,,2124,2,,,0,100,,2125,2,,,0,100,,2126,2,,,0
2801,'236.0.1',711,,2770,2,,,0,30,,2771,2,,,0,70,,2772,2,,,0,30,,2773,2,,,0,70,,2774,2,,,0,30,,2775,2,,,0,70,,2776,2,,,0,30,,2777,2,,,0,70,,2778,2,,,0,30,,2779,2,,,0,70,,2780,2,,,0,30,,2781,2,,,0,70,,2782,2,,,0,30,,2783,2,,,0,70,,2784,2,,,0,30,,2785,2,,,0,70,,2786,2,,,0,30,,2787,2,,,0,70,,2788,2,,,0,30,,2789,2,,,0,70,,2790,2,,,0,30,,2791,2,,,0,70,,2792,2,,,0,30,,2793,2,,,0,70,,2794,2,,,0,30,,2795,2,,,0,70,,2796,2,,,0,30,,2797,2,,,0,70,,2798,2,,,0,30,,2799,2,,,0,70,,2800,2,,,0,30,,2801,2,,,0,70,,2802,2,,,0,30,,2803,2,,,0,70,,2804,2,,,0
2801,'236.0.2',701,,2805,2,,,0,100,,2806,2,,,0,100,,2807,2,,,0,100,,2808,2,,,0,100,,2809,2,,,0,100,,2810,2,,,0,100,,2811,2,,,0,100,,2812,2,,,0,100,,2813,2,,,0,100,,2814,2,,,0,100,,2815,2,,,0,103,,2816,2,,,0,100,,2817,2,,,0,100,,2818,2,,,0,100,,2819,2,,,0,100,,2820,2,,,0,100,,2821,2,,,0
2801,'236.0.3',621,,2822,2,,,0,30,,2823,2,,,0,70,,2824,2,,,0,30,,2825,2,,,0,70,,2826,2,,,0,30,,2827,2,,,0,70,,2828,2,,,0,25,,2829,2,,,0,70,,2830,2,,,0,30,,2831,2,,,0,70,,2832,2,,,0,30,,2833,2,,,0,70,,2834,2,,,0,30,,2835,2,,,0,70,,2836,2,,,0,30,,2837,2,,,0,70,,2838,2,,,0,30,,2839,2,,,0,75,,2840,2,,,0,30,,2841,2,,,0,70,,2842,2,,,0,30,,2843,2,,,0,70,,2844,2,,,0,30,,2845,2,,,0,70,,2846,2,,,0,30,,2847,2,,,0,70,,2848,2,,,0,30,,2849,2,,,0,100,,2850,2,,,0,100,,2851,2,,,0,100,,2852,2,,,0,100,,2853,2,,,0
3900,'236.0.1',605,,3078,2,,,0,30,,3079,2,,,0,70,,3080,2,,,0,30,,3081,2,,,0,70,,3082,2,,,0,30,,3083,2,,,0,70,,3084,2,,,0,30,,3085,2,,,0,70,,3086,2,,,0,30,,3087,2,,,0,70,,3088,2,,,0,30,,3089,2,,,0,70,,3090,2,,,0,30,,3091,2,,,0,70,,3092,2,,,0,30,,3093,2,,,0,70,,3094,2,,,0,30,,3095,2,,,0,70,,3096,2,,,0,30,,3097,2,,,0,70,,3098,2,,,0,30,,3099,2,,,0,70,,3100,2,,,0,30,,3101,2,,,0,70,,3102,2,,,0,30,,3103,2,,,0,70,,3104,2,,,0,30,,3105,2,,,0,70,,3106,2,,,0,30,,3107,2,,,0,70,,3108,2,,,0,30,,3109,2,,,0,70,,3110,2,,,0,30,,3111,2,,,0,70,,3112,2,,,0
3900,'236.0.2',606,,3113,2,,,0,100,,3114,2,,,0,100,,3115,2,,,0,100,,3116,2,,,0,100,,3117,2,,,0,100,,3118,2,,,0,100,,3119,2,,,0,100,,3120,2,,,0,100,,3121,2,,,0,100,,3122,2,,,0,100,,3123,2,,,0,100,,3124,2,,,0,100,,3125,2,,,0,100,,3126,2,,,0,100,,3127,2,,,0,100,,3128,2,,,0
3900,'236.0.3',608,,3129,2,,,0,30,,3130,2,,,0,70,,3131,2,,,0,30,,3132,2,,,0,70,,3133,2,,,0,30,,3134,2,,,0,70,,3135,2,,,0,30,,3136,2,,,0,70,,3137,2,,,0,30,,3138,2,,,0,70,,3139,2,,,0,30,,3140,2,,,0,70,,3141,2,,,0,30,,3142,2,,,0,70,,3143,2,,,0,30,,3144,2,,,0,70,,3145,2,,,0,30,,3146,2,,,0,70,,3147,2,,,0,30,,3148,2,,,0,70,,3149,2,,,0,30,,3150,2,,,0,70,,3151,2,,,0,30,,3152,2,,,0,70,,3153,2,,,0,30,,3154,2,,,0,100,,3155,2,,,0,100,,3156,2,,,0,100,,3157,2,,,0,100,,3158,2,,,0
13601,'236.0.3',1549,,6095,28,,,0,70,,6096,28,,,0,35,,6097,28,,,0,55,,6098,28,,,0,15,,6099,28,,,0,22,,6100,28,,,0,66,,6101,28,,,0,30,,6102,28,,,0
13801,'236.0.3',1613,,6122,30,,,0,34,,6123,30,,,0,71,,6124,30,,,0,25,,6125,30,,,0,64,,6126,30,,,0,30,,6127,30,,,0,20,,6128,30,,,0
