2400,'236.0.1',608,,2343,17,,,0,30,,2344,17,,,0,70,,2345,17,,,0,30,,2346,17,,,0,70,,2347,17,,,0,30,,2348,17,,,0,70,,2349,17,,,0,30,,2350,17,,,0,71,,2351,17,,,0,30,,2352,17,,,0,70,,2353,17,,,0,30,,2354,17,,,0,70,,2355,17,,,0,30,,2356,17,,,0,70,,2357,17,,,0,30,,2358,17,,,0,70,,2359,17,,,0,30,,2360,17,,,0,70,,2361,17,,,0,30,,2362,17,,,0,70,,2363,17,,,0,30,,2364,17,,,0,70,,2365,17,,,0,30,,2366,17,,,0,70,,2367,17,,,0,29,,2368,17,,,0,70,,2369,17,,,0,30,,2370,17,,,0,70,,2371,17,,,0,30,,2372,17,,,0,70,,2373,17,,,0,30,,2374,17,,,0,70,,2375,17,,,0,30,,2376,17,,,0,70,,2377,17,,,0,30,,2378,17,,,0
2400,'236.0.2',608,,2379,17,,,0,30,,2380,17,,,0,70,,2381,17,,,0,30,,2382,17,,,0,70,,2383,17,,,0,30,,2384,17,,,0,70,,2385,17,,,0,31,,2386,17,,,0,70,,2387,17,,,0,30,,2388,17,,,0,70,,2389,17,,,0,30,,2390,17,,,0,70,,2391,17,,,0,30,,2392,17,,,0,70,,2393,17,,,0,30,,2394,17,,,0,70,,2395,17,,,0,30,,2396,17,,,0,70,,2397,17,,,0,30,,2398,17,,,0,70,,2399,17,,,0,30,,2400,17,,,0,70,,2401,17,,,0,30,,2402,17,,,0,70,,2403,17,,,0,29,,2404,17,,,0,70,,2405,17,,,0,30,,2406,17,,,0,70,,2407,17,,,0,30,,2408,17,,,0,70,,2409,17,,,0,30,,2410,17,,,0,70,,2411,17,,,0,30,,2412,17,,,0,70,,2413,17,,,0,30,,2414,17,,,0
2400,'236.0.3',610,,2415,17,,,0,30,,2416,17,,,0,66,,2417,17,,,0,29,,2418,17,,,0,70,,2419,17,,,0,34,,2420,17,,,0,70,,2421,17,,,0,30,,2422,17,,,0,70,,2423,17,,,0,30,,2424,17,,,0,70,,2425,17,,,0,30,,2426,17,,,0,70,,2427,17,,,0,30,,2428,17,,,0,70,,2429,17,,,0,30,,2430,17,,,0,70,,2431,17,,,0,30,,2432,17,,,0,70,,2433,17,,,0,30,,2434,17,,,0,70,,2435,17,,,0,30,,2436,17,,,0,70,,2437,17,,,0,30,,2438,17,,,0,70,,2439,17,,,0,30,,2440,17,,,0,69,,2441,17,,,0,30,,2442,17,,,0,70,,2443,17,,,0,30,,2444,17,,,0,70,,2445,17,,,0,30,,2446,17,,,0,70,,2447,17,,,0,30,,2448,17,,,0,70,,2449,17,,,0,30,,2450,17,,,0
12700,'236.0.3',623,,6052,11,,,0,18,,6053,11,,,0,59,,6054,11,,,0,8,,6055,11,,,0,8,,6056,11,,,0,17,,6057,11,,,0,13,,6058,11,,,0,55,,6059,11,,,0,5,,6060,11,,,0
1000901,'236.0.1',652,,6973,23,,,0,100,,6974,23,,,0,101,,6975,23,,,0,100,,6976,23,,,0,100,,6977,23,,,0,100,,6978,23,,,0,100,,6979,23,,,0,100,,6980,23,,,0,100,,6981,23,,,0,100,,6982,23,,,0,100,,6983,23,,,0,98,,6984,23,,,0,100,,6985,23,,,0,100,,6986,23,,,0,99,,6987,23,,,0,100,,6988,23,,,0,100,,6989,23,,,0,100,,6990,23,,,0
1000901,'236.0.2',651,,6991,23,,,0,98,,6992,23,,,0,102,,6993,23,,,0,100,,6994,23,,,0,100,,6995,23,,,0,100,,6996,23,,,0,100,,6997,23,,,0,100,,6998,23,,,0,100,,6999,23,,,0,100,,7000,23,,,0,100,,7001,23,,,0,100,,7002,23,,,0,100,,7003,23,,,0,100,,7004,23,,,0,98,,7005,23,,,0,100,,7006,23,,,0,100,,7007,23,,,0,101,,7008,23,,,0
1000901,'236.0.3',537,,7009,23,,,0,67,,7010,23,,,0,25,,7011,23,,,0,10,,7012,23,,,0,5,,7013,23,,,0,15,,7014,23,,,0,54,,7015,23,,,0,5,,7016,23,,,0,15,,7017,23,,,0,10,,7018,23,,,0,60,,7019,23,,,0,10,,7020,23,,,0,20,,7021,23,,,0,9,,7022,23,,,0,16,,7023,23,,,0,50,,7024,23,,,0,25,,7025,23,,,0,15,,7026,23,,,0,55,,7027,23,,,0,30,,7028,23,,,0,15,,7029,23,,,0,55,,7030,23,,,0,30,,7031,23,,,0,15,,7032,23,,,0,55,,7033,23,,,0,30,,7034,23,,,0,15,,7035,23,,,0,55,,7036,23,,,0,30,,7037,23,,,0,15,,7038,23,,,0,55,,7039,23,,,0,30,,7040,23,,,0,15,,7041,23,,,0,55,,7042,23,,,0,30,,7043,23,,,0,25,,7044,23,,,0,45,,7045,23,,,0,25,,7046,23,,,0,10,,7047,23,,,0,20,,7048,23,,,0,50,,7049,23,,,0,20,,7050,23,,,0,10,,7051,23,,,0,20,,7052,23,,,0,50,,7053,23,,,0,18,,7054,23,,,0,10,,7055,23,,,0,65,,7056,23,,,0,30,,7057,23,,,0,71,,7058,23,,,0,29,,7059,23,,,0,70,,7060,23,,,0,30,,7061,23,,,0,70,,7062,23,,,0,35,,7063,23,,,0,20,,7064,23,,,0,80,,7065,23,,,0,20,,7066,23,,,0,80,,7067,23,,,0,20,,7068,23,,,0
2000901,'236.0.1',622,,8002,39,,,0,100,,8003,39,,,0,99,,8004,39,,,0,102,,8005,39,,,0,100,,8006,39,,,0,100,,8007,39,,,0,100,,8008,39,,,0,100,,8009,39,,,0,100,,8010,39,,,0,100,,8011,39,,,0,100,,8012,39,,,0,100,,8013,39,,,0,98,,8014,39,,,0,100,,8015,39,,,0,99,,8016,39,,,0,100,,8017,39,,,0,100,,8018,39,,,0,100,,8019,39,,,0,100,,8020,39,,,0
2000901,'236.0.2',621,,8021,39,,,0,100,,8022,39,,,0,98,,8023,39,,,0,102,,8024,39,,,0,100,,8025,39,,,0,100,,8026,39,,,0,100,,8027,39,,,0,100,,8028,39,,,0,100,,8029,39,,,0,100,,8030,39,,,0,100,,8031,39,,,0,100,,8032,39,,,0,100,,8033,39,,,0,100,,8034,39,,,0,98,,8035,39,,,0,100,,8036,39,,,0,100,,8037,39,,,0,100,,8038,39,,,0,100,,8039,39,,,0
2000901,'236.0.3',549,,8040,39,,,0,70,,8041,39,,,0,30,,8042,39,,,0,74,,8043,39,,,0,30,,8044,39,,,0,70,,8045,39,,,0,26,,8046,39,,,0,69,,8047,39,,,0,100,,8048,39,,,0,100,,8049,39,,,0,100,,8050,39,,,0,100,,8051,39,,,0,100,,8052,39,,,0,100,,8053,39,,,0,30,,8054,39,,,0,70,,8055,39,,,0,30,,8056,39,,,0,70,,8057,39,,,0,30,,8058,39,,,0,69,,8059,39,,,0,29,,8060,39,,,0,70,,8061,39,,,0,30,,8062,39,,,0,70,,8063,39,,,0,30,,8064,39,,,0,70,,8065,39,,,0,24,,8066,39,,,0,70,,8067,39,,,0,100,,8068,39,,,0,100,,8069,39,,,0
