6101,'220.0.1',639,,5876,,,0,100,,5877,,,0,100,,5878,,,0,100,,5879,,,0,100,,5880,,,0,102,,5881,,,0,100,,5882,,,0,100,,5883,,,0,100,,5884,,,0,100,,5885,,,0,100,,5886,,,0,100,,5887,,,0,100,,5888,,,0,100,,5889,,,0,100,,5890,,,0,98,,5891,,,0,100,,5892,,,0,100,,5893,,,0
6101,'220.0.2',739,,5894,,,0,100,,5895,,,0,100,,5896,,,0,100,,5897,,,0,102,,5898,,,0,100,,5899,,,0,100,,5900,,,0,100,,5901,,,0,100,,5902,,,0,100,,5903,,,0,100,,5904,,,0,100,,5905,,,0,98,,5906,,,0,100,,5907,,,0,100,,5908,,,0,100,,5909,,,0
6101,'220.0.3',915,,5910,,,0,99,,5911,,,0,100,,5912,,,0,101,,5913,,,0,100,,5914,,,0,100,,5915,,,0,100,,5916,,,0,102,,5917,,,0,33,,5918,,,0,75,,5919,,,0,32,,5920,,,0,65,,5921,,,0,24,,5922,,,0,98,,5923,,,0,100,,5924,,,0,98,,5925,,,0,100,,5926,,,0
6101,'220.0.4',915,,5927,,,0,99,,5928,,,0,100,,5929,,,0,101,,5930,,,0,100,,5931,,,0,100,,5932,,,0,100,,5933,,,0,102,,5934,,,0,33,,5935,,,0,75,,5936,,,0,32,,5937,,,0,65,,5938,,,0,24,,5939,,,0,98,,5940,,,0,100,,5941,,,0,98,,5942,,,0,100,,5943,,,0,100,,5944,,,0,100,,5945,,,0,100,,5946,,,0
6801,'220.0.1',614,,6792,,,0,100,,6793,,,0,100,,6794,,,0,100,,6795,,,0,101,,6796,,,0,101,,6797,,,0,100,,6798,,,0,100,,6799,,,0,100,,6800,,,0,100,,6801,,,0,100,,6802,,,0,100,,6803,,,0,100,,6804,,,0,100,,6805,,,0,99,,6806,,,0,100,,6807,,,0,100,,6808,,,0,100,,6809,,,0,100,,6810,,,0
6801,'220.0.2',714,,6811,,,0,100,,6812,,,0,100,,6813,,,0,100,,6814,,,0,100,,6815,,,0,101,,6816,,,0,101,,6817,,,0,100,,6818,,,0,100,,6819,,,0,100,,6820,,,0,100,,6821,,,0,100,,6822,,,0,99,,6823,,,0,99,,6824,,,0,100,,6825,,,0,100,,6826,,,0
6801,'220.0.3',938,,6827,,,0,100,,6828,,,0,100,,6829,,,0,100,,6830,,,0,102,,6831,,,0,100,,6832,,,0,100,,6833,,,0,81,,6834,,,0,36,,6835,,,0,72,,6836,,,0,29,,6837,,,0,63,,6838,,,0,26,,6839,,,0,159,,6840,,,0,100,,6841,,,0,100,,6842,,,0,100,,6843,,,0,100,,6844,,,0
6801,'220.0.4',938,,6845,,,0,100,,6846,,,0,100,,6847,,,0,100,,6848,,,0,102,,6849,,,0,100,,6850,,,0,100,,6851,,,0,81,,6852,,,0,36,,6853,,,0,72,,6854,,,0,29,,6855,,,0,63,,6856,,,0,26,,6857,,,0,159,,6858,,,0,100,,6859,,,0,100,,6860,,,0,100,,6861,,,0,100,,6862,,,0,100,,6863,,,0,100,,6864,,,0
16100,'220.0.3',545,,8953,,,0,70,,8954,,,0,30,,8955,,,0,70,,8956,,,0,30,,8957,,,0,70,,8958,,,0
16100,'220.0.4',545,,8959,,,0,70,,8960,,,0,30,,8961,,,0,70,,8962,,,0,30,,8963,,,0,70,,8964,,,0
2016801,'220.0.3',552,,12525,,,0,70,,12526,,,0,30,,12527,,,0,70,,12528,,,0,30,,12529,,,0,70,,12530,,,0
2016801,'220.0.4',552,,12531,,,0,70,,12532,,,0,30,,12533,,,0,70,,12534,,,0,30,,12535,,,0,70,,12536,,,0
