18201,'236.0.3',611,,19244,,,0,15,,19245,,,0,15,,19246,,,0,16,,19247,,,0,59,,19248,,,0,15,,19249,,,0,16,,19250,,,0,12,,19256,,,0,55,,19251,,,0,15,,19252,,,0,15,,19253,,,0,15,,19255,,,0,55,,19254,,,0
18301,'236.0.3',644,,19264,,,0,72,,19265,,,0,33,,19266,,,0,70,,19267,,,0,30,,19268,,,0,70,,19269,,,0
18501,'236.0.3',622,,19284,,,0,17,,19294,,,0,14,,19285,,,0,56,,19286,,,0,15,,19287,,,0,17,,19293,,,0,17,,19288,,,0,54,,19289,,,0,15,,19290,,,0,15,,19291,,,0,15,,19292,,,0,55,,19295,,,0
18601,'236.0.3',629,,19302,,,0,72,,19303,,,0,30,,19304,,,0,74,,19305,,,0,29,,19306,,,0,70,,19307,,,0
19201,'236.0.3',643,,19319,,,0,70,,19314,,,0,30,,19315,,,0,70,,19316,,,0,30,,19317,,,0,70,,19318,,,0
19400,'236.0.3',712,,19320,,,0,30,,19321,,,0,69,,19322,,,0,30,,19323,,,0
19601,'236.0.3',715,,19332,,,0,29,,19333,,,0,65,,19334,,,0,34,,19335,,,0
32000,'236.0.1',420,,19336,,,0,100,,19337,,,0,100,,19338,,,0,100,,19339,,,0,100,,19340,,,0,100,,19341,,,0,100,,19342,,,0,100,,19343,,,0,100,,19344,,,0,100,,19345,,,0,100,,19346,,,0,100,,19347,,,0,100,,19348,,,0,100,,19349,,,0,100,,19350,,,0,100,,19351,,,0,100,,19352,,,0,100,,19353,,,0,100,,19354,,,0,100,,19355,,,0
32000,'236.0.2',420,,19356,,,0,100,,19357,,,0,100,,19358,,,0,100,,19359,,,0,100,,19360,,,0,100,,19361,,,0,100,,19362,,,0,100,,19363,,,0,100,,19364,,,0,100,,19365,,,0,100,,19366,,,0,100,,19367,,,0,100,,19368,,,0,100,,19369,,,0,100,,19370,,,0,100,,19371,,,0,100,,19372,,,0,100,,19373,,,0,100,,19374,,,0,100,,19375,,,0
32000,'236.0.3',440,,19376,,,0,80,,19377,,,0,30,,19378,,,0,70,,19379,,,0,30,,19380,,,0,70,,19381,,,0,30,,19382,,,0,70,,19383,,,0,100,,19384,,,0,100,,19385,,,0,100,,19386,,,0,100,,19387,,,0,100,,19388,,,0,100,,19389,,,0,95,,19390,,,0,30,,19391,,,0,70,,19392,,,0,30,,19393,,,0,70,,19394,,,0,30,,19395,,,0,70,,19396,,,0,105,,19397,,,0,100,,19398,,,0,100,,19399,,,0,100,,19400,,,0,100,,19401,,,0
32001,'236.0.1',603,,19402,4,,0,100,,19403,4,,0,100,,19404,4,,0,100,,19405,4,,0,100,,19406,4,,0,100,,19407,4,,0,100,,19408,4,,0,100,,19409,4,,0,100,,19410,4,,0,100,,19411,4,,0,100,,19412,4,,0,100,,19413,4,,0,100,,19414,4,,0,100,,19415,4,,0,100,,19416,4,,0,100,,19417,4,,0,100,,19418,4,,0,100,,19419,4,,0,100,,19420,4,,0,100,,19421,4,,0
32001,'236.0.2',603,,19422,4,,0,100,,19423,4,,0,100,,19424,4,,0,100,,19425,4,,0,100,,19426,4,,0,100,,19427,4,,0,100,,19428,4,,0,100,,19429,4,,0,100,,19430,4,,0,100,,19431,4,,0,100,,19432,4,,0,100,,19433,4,,0,100,,19434,4,,0,100,,19435,4,,0,100,,19436,4,,0,100,,19437,4,,0,100,,19438,4,,0,100,,19439,4,,0,100,,19440,4,,0,100,,19441,4,,0
32001,'236.0.3',611,,19442,4,,0,29,,19443,4,,0,70,,19444,4,,0,30,,19445,4,,0,70,,19446,4,,0,30,,19447,4,,0,70,,19448,4,,0,30,,19449,4,,0,69,,19450,4,,0,100,,19451,4,,0,100,,19452,4,,0,100,,19453,4,,0,100,,19454,4,,0,100,,19455,4,,0,101,,19456,4,,0,100,,19457,4,,0,30,,19458,4,,0,70,,19459,4,,0,30,,19460,4,,0,69,,19461,4,,0,30,,19462,4,,0,70,,19463,4,,0,100,,19464,4,,0,100,,19465,4,,0,100,,19466,4,,0,100,,19467,4,,0,100,,19468,4,,0
33000,'236.0.3',1345,,19469,,,0,175,,19470,,,0,25,,19471,,,0,65,,19472,,,0,10,,19479,,,0,17,,19473,,,0,8,,19474,,,0,70,,19475,,,0,30,,19476,,,0,70,,19477,,,0,125,,19478,,,0
33001,'236.0.3',656,,19480,4,,0,80,,19481,4,,0,5,,19489,4,,0,10,,19482,4,,0,50,,19483,4,,0,15,,19484,4,,0,5,,19485,4,,0,20,,19486,4,,0,10,,19487,4,,0,665,,19488,4,,0
37000,'236.0.3',1348,,19490,,,0,170,,19491,,,0,27,,19492,,,0,70,,19493,,,0,30,,19494,,,0,70,,19495,,,0,105,,19496,,,0
37001,'236.0.3',625,,19497,4,,0,90,,19498,4,,0,30,,19499,4,,0,70,,19500,4,,0,30,,19501,4,,0,680,,19502,4,,0,130,,19503,4,,0
1000700,'236.0.1',620,,19609,4,,0,20,,19610,4,,0,60,,19611,4,,0,20,,19612,4,,0,20,,19613,4,,0,60,,19614,4,,0,20,,19615,4,,0,20,,19616,4,,0,60,,19617,4,,0,20,,19618,4,,0,20,,19619,4,,0,60,,19620,4,,0,20,,19621,4,,0,20,,19622,4,,0,60,,19623,4,,0,20,,19624,4,,0,20,,19625,4,,0,60,,19626,4,,0,20,,19627,4,,0,20,,19628,4,,0,60,,19629,4,,0,20,,19630,4,,0,20,,19631,4,,0,60,,19632,4,,0,20,,19633,4,,0,20,,19634,4,,0,60,,19635,4,,0,20,,19636,4,,0,20,,19637,4,,0,60,,19638,4,,0,20,,19639,4,,0,20,,19640,4,,0,60,,19641,4,,0,20,,19642,4,,0,20,,19643,4,,0,60,,19644,4,,0,20,,19645,4,,0,20,,19646,4,,0,60,,19647,4,,0,20,,19648,4,,0,20,,19649,4,,0,60,,19650,4,,0,20,,19651,4,,0,20,,19652,4,,0,60,,19653,4,,0,20,,19654,4,,0,20,,19655,4,,0,60,,19656,4,,0,20,,19657,4,,0,20,,19658,4,,0,60,,19659,4,,0,20,,19660,4,,0,20,,19661,4,,0,60,,19662,4,,0
1000700,'236.0.2',620,,19663,4,,0,30,,19664,4,,0,70,,19665,4,,0,30,,19666,4,,0,70,,19667,4,,0,30,,19668,4,,0,70,,19669,4,,0,30,,19670,4,,0,70,,19671,4,,0,30,,19672,4,,0,70,,19673,4,,0,30,,19674,4,,0,70,,19675,4,,0,30,,19676,4,,0,70,,19677,4,,0,30,,19678,4,,0,70,,19679,4,,0,30,,19680,4,,0,70,,19681,4,,0,30,,19682,4,,0,70,,19683,4,,0,30,,19684,4,,0,70,,19685,4,,0,30,,19686,4,,0,70,,19687,4,,0,30,,19688,4,,0,70,,19689,4,,0,30,,19690,4,,0,70,,19691,4,,0,30,,19692,4,,0,70,,19693,4,,0,30,,19694,4,,0,70,,19695,4,,0,30,,19696,4,,0,70,,19697,4,,0,30,,19698,4,,0
1000700,'236.0.3',604,,19699,4,,0,15,,19700,4,,0,15,,19701,4,,0,15,,19702,4,,0,55,,19703,4,,0,17,,19704,4,,0,19,,19705,4,,0,15,,19706,4,,0,55,,19707,4,,0,15,,19708,4,,0,15,,19709,4,,0,15,,19710,4,,0,55,,19711,4,,0,15,,19712,4,,0,14,,19713,4,,0,12,,19714,4,,0,55,,19715,4,,0,15,,19716,4,,0,15,,19717,4,,0,15,,19718,4,,0,55,,19719,4,,0,15,,19720,4,,0,15,,19721,4,,0,15,,19722,4,,0,55,,19723,4,,0,15,,19724,4,,0,15,,19725,4,,0,15,,19726,4,,0,55,,19727,4,,0,15,,19728,4,,0,15,,19729,4,,0,15,,19730,4,,0,55,,19731,4,,0,15,,19732,4,,0,15,,19733,4,,0,16,,19734,4,,0,55,,19735,4,,0,15,,19736,4,,0,15,,19737,4,,0,15,,19738,4,,0,55,,19739,4,,0,15,,19740,4,,0,15,,19741,4,,0,15,,19742,4,,0,55,,19743,4,,0,15,,19744,4,,0,15,,19745,4,,0,14,,19746,4,,0,54,,19747,4,,0,15,,19748,4,,0,15,,19749,4,,0,15,,19750,4,,0,55,,19751,4,,0,15,,19752,4,,0,15,,19753,4,,0,13,,19754,4,,0,55,,19755,4,,0,15,,19756,4,,0,15,,19757,4,,0,15,,19758,4,,0,55,,19759,4,,0,15,,19760,4,,0,15,,19761,4,,0,15,,19762,4,,0,55,,19763,4,,0,15,,19764,4,,0,15,,19765,4,,0,15,,19766,4,,0,55,,19767,4,,0,30,,19768,4,,0,70,,19769,4,,0,30,,19770,4,,0
1000701,'236.0.1',620,,19771,,,0,20,,19772,,,0,60,,19773,,,0,20,,19774,,,0,20,,19775,,,0,60,,19776,,,0,20,,19777,,,0,20,,19778,,,0,60,,19779,,,0,20,,19780,,,0,20,,19781,,,0,60,,19782,,,0,20,,19783,,,0,20,,19784,,,0,60,,19785,,,0,20,,19786,,,0,20,,19787,,,0,60,,19788,,,0,20,,19789,,,0,20,,19790,,,0,60,,19791,,,0,20,,19792,,,0,20,,19793,,,0,60,,19794,,,0,20,,19795,,,0,20,,19796,,,0,60,,19797,,,0,20,,19798,,,0,20,,19799,,,0,60,,19800,,,0,20,,19801,,,0,20,,19802,,,0,60,,19803,,,0,20,,19804,,,0,20,,19805,,,0,60,,19806,,,0,20,,19807,,,0,20,,19808,,,0,60,,19809,,,0,20,,19810,,,0,20,,19811,,,0,60,,19812,,,0,20,,19813,,,0,20,,19814,,,0,60,,19815,,,0,20,,19816,,,0,20,,19817,,,0,60,,19818,,,0,20,,19819,,,0,20,,19820,,,0,60,,19821,,,0,20,,19822,,,0,20,,19823,,,0,60,,19824,,,0
1000701,'236.0.2',620,,19825,,,0,30,,19826,,,0,70,,19827,,,0,30,,19828,,,0,70,,19829,,,0,30,,19830,,,0,70,,19831,,,0,30,,19832,,,0,70,,19833,,,0,30,,19834,,,0,70,,19835,,,0,30,,19836,,,0,70,,19837,,,0,30,,19838,,,0,70,,19839,,,0,30,,19840,,,0,70,,19841,,,0,30,,19842,,,0,70,,19843,,,0,30,,19844,,,0,70,,19845,,,0,30,,19846,,,0,70,,19847,,,0,30,,19848,,,0,70,,19849,,,0,30,,19850,,,0,70,,19851,,,0,30,,19852,,,0,70,,19853,,,0,30,,19854,,,0,70,,19855,,,0,30,,19856,,,0,70,,19857,,,0,30,,19858,,,0,70,,19859,,,0,30,,19860,,,0
1000701,'236.0.3',604,,19861,,,0,15,,19862,,,0,15,,19863,,,0,15,,19864,,,0,55,,19865,,,0,17,,19866,,,0,19,,19867,,,0,15,,19868,,,0,55,,19869,,,0,15,,19870,,,0,15,,19871,,,0,15,,19872,,,0,55,,19873,,,0,15,,19874,,,0,15,,19875,,,0,12,,19876,,,0,54,,19877,,,0,15,,19878,,,0,15,,19879,,,0,15,,19880,,,0,55,,19881,,,0,15,,19882,,,0,15,,19883,,,0,15,,19884,,,0,55,,19885,,,0,15,,19886,,,0,15,,19887,,,0,15,,19888,,,0,55,,19889,,,0,15,,19890,,,0,15,,19891,,,0,15,,19892,,,0,55,,19893,,,0,15,,19894,,,0,15,,19895,,,0,16,,19896,,,0,55,,19897,,,0,15,,19898,,,0,15,,19899,,,0,15,,19900,,,0,55,,19901,,,0,15,,19902,,,0,15,,19903,,,0,15,,19904,,,0,55,,19905,,,0,15,,19906,,,0,15,,19907,,,0,15,,19908,,,0,53,,19909,,,0,15,,19910,,,0,15,,19911,,,0,15,,19912,,,0,55,,19913,,,0,15,,19914,,,0,15,,19915,,,0,13,,19916,,,0,55,,19917,,,0,15,,19918,,,0,15,,19919,,,0,15,,19920,,,0,55,,19921,,,0,15,,19922,,,0,15,,19923,,,0,15,,19924,,,0,55,,19925,,,0,15,,19926,,,0,15,,19927,,,0,15,,19928,,,0,55,,19929,,,0,30,,19930,,,0,70,,19931,,,0,30,,19932,,,0
