5800,'236.0.1',619,,16882,,,0,100,,16883,,,0,100,,16884,,,0,100,,16885,,,0,100,,16886,,,0,100,,16887,,,0,100,,16888,,,0,100,,16889,,,0,100,,16890,,,0,100,,16891,,,0,100,,16892,,,0,100,,16893,,,0,100,,16894,,,0,100,,16895,,,0,100,,16896,,,0,100,,16897,,,0,100,,16898,,,0
5800,'236.0.2',719,,16899,,,0,100,,16900,,,0,100,,16901,,,0,100,,16902,,,0,100,,16903,,,0,100,,16904,,,0,100,,16905,,,0,100,,16906,,,0,100,,16907,,,0,100,,16908,,,0,100,,16909,,,0,100,,16910,,,0,100,,16911,,,0,100,,16912,,,0,100,,16913,,,0,100,,16914,,,0
5800,'236.0.3',607,,16915,,,0,30,,16916,,,0,70,,16917,,,0,30,,16918,,,0,70,,16919,,,0,117,,16920,,,0,100,,16921,,,0,100,,16922,,,0,100,,16923,,,0,100,,16924,,,0,100,,16925,,,0,100,,16926,,,0,30,,16927,,,0,270,,16928,,,0,100,,16929,,,0,100,,16930,,,0,100,,16931,,,0,100,,16932,,,0,100,,16933,,,0
5801,'236.0.1',617,,16934,4,,0,100,,16935,4,,0,100,,16936,4,,0,100,,16937,4,,0,100,,16938,4,,0,100,,16939,4,,0,100,,16940,4,,0,100,,16941,4,,0,100,,16942,4,,0,100,,16943,4,,0,100,,16944,4,,0,100,,16945,4,,0,100,,16946,4,,0,100,,16947,4,,0,100,,16948,4,,0,100,,16949,4,,0,100,,16950,4,,0
5801,'236.0.2',717,,16951,4,,0,100,,16952,4,,0,100,,16953,4,,0,100,,16954,4,,0,100,,16955,4,,0,100,,16956,4,,0,100,,16957,4,,0,100,,16958,4,,0,100,,16959,4,,0,100,,16960,4,,0,100,,16961,4,,0,100,,16962,4,,0,100,,16963,4,,0,100,,16964,4,,0,100,,16965,4,,0,100,,16966,4,,0
5801,'236.0.3',612,,16967,4,,0,30,,16968,4,,0,280,,16969,4,,0,100,,16970,4,,0,100,,16971,4,,0,100,,16972,4,,0,100,,16973,4,,0,100,,16974,4,,0,100,,16975,4,,0,30,,16976,4,,0,70,,16977,4,,0,30,,16978,4,,0,70,,16979,4,,0,100,,16980,4,,0,100,,16981,4,,0,100,,16982,4,,0,100,,16983,4,,0,100,,16984,4,,0,100,,16985,4,,0
6300,'236.0.1',756,,17312,,,0,100,,17313,,,0,100,,17314,,,0,100,,17315,,,0,100,,17316,,,0,100,,17317,,,0,100,,17318,,,0,100,,17319,,,0,100,,17320,,,0,100,,17321,,,0,100,,17322,,,0,100,,17323,,,0,97,,17324,,,0,100,,17325,,,0,100,,17326,,,0,100,,17327,,,0
6300,'236.0.2',725,,17328,,,0,100,,17329,,,0,100,,17330,,,0,100,,17331,,,0,100,,17332,,,0,100,,17333,,,0,100,,17334,,,0,100,,17335,,,0,98,,17336,,,0,100,,17337,,,0,100,,17338,,,0,100,,17339,,,0,100,,17340,,,0,100,,17341,,,0,100,,17342,,,0
6300,'236.0.3',647,,17343,,,0,70,,17344,,,0,30,,17345,,,0,70,,17346,,,0,30,,17347,,,0,70,,17348,,,0,30,,17349,,,0,56,,17350,,,0,100,,17351,,,0,100,,17352,,,0,100,,17353,,,0,100,,17354,,,0,100,,17355,,,0,115,,17356,,,0,30,,17357,,,0,68,,17358,,,0,30,,17359,,,0,70,,17360,,,0,30,,17361,,,0,70,,17362,,,0,100,,17363,,,0,100,,17364,,,0,100,,17365,,,0
6301,'236.0.1',754,,17366,4,,0,100,,17367,4,,0,100,,17368,4,,0,100,,17369,4,,0,100,,17370,4,,0,100,,17371,4,,0,100,,17372,4,,0,100,,17373,4,,0,100,,17374,4,,0,100,,17375,4,,0,100,,17376,4,,0,100,,17377,4,,0,97,,17378,4,,0,100,,17379,4,,0,100,,17380,4,,0,100,,17381,4,,0
6301,'236.0.2',723,,17382,4,,0,100,,17383,4,,0,100,,17384,4,,0,100,,17385,4,,0,100,,17386,4,,0,100,,17387,4,,0,100,,17388,4,,0,100,,17389,4,,0,98,,17390,4,,0,100,,17391,4,,0,100,,17392,4,,0,100,,17393,4,,0,100,,17394,4,,0,100,,17395,4,,0,100,,17396,4,,0
6301,'236.0.3',645,,17397,4,,0,70,,17398,4,,0,30,,17399,4,,0,70,,17400,4,,0,30,,17401,4,,0,70,,17402,4,,0,30,,17403,4,,0,56,,17404,4,,0,100,,17405,4,,0,100,,17406,4,,0,100,,17407,4,,0,100,,17408,4,,0,100,,17409,4,,0,115,,17410,4,,0,30,,17411,4,,0,68,,17412,4,,0,30,,17413,4,,0,70,,17414,4,,0,30,,17415,4,,0,70,,17416,4,,0,100,,17417,4,,0,100,,17418,4,,0,100,,17419,4,,0,100,,17420,4,,0
15800,'236.0.3',1613,,19179,,,0,32,,19180,,,0,72,,19181,,,0,27,,19182,,,0
