5400,'236.0.1',613,,3417,19,,,0,100,,3418,19,,,0,100,,3419,19,,,0,100,,3420,19,,,0,102,,3421,19,,,0,100,,3422,19,,,0,100,,3423,19,,,0,100,,3424,19,,,0,100,,3425,19,,,0,100,,3426,19,,,0,100,,3427,19,,,0,100,,3428,19,,,0,98,,3429,19,,,0,100,,3430,19,,,0,100,,3431,19,,,0,100,,3432,19,,,0,100,,3433,19,,,0
5400,'236.0.2',813,,3434,19,,,0,100,,3435,19,,,0,102,,3436,19,,,0,100,,3437,19,,,0,100,,3438,19,,,0,100,,3439,19,,,0,100,,3440,19,,,0,100,,3441,19,,,0,100,,3442,19,,,0,100,,3443,19,,,0,98,,3444,19,,,0,100,,3445,19,,,0,100,,3446,19,,,0,100,,3447,19,,,0
5400,'236.0.3',614,,3448,19,,,0,28,,3449,19,,,0,70,,3450,19,,,0,30,,3451,19,,,0,70,,3452,19,,,0,31,,3453,19,,,0,75,,3454,19,,,0,100,,3455,19,,,0,100,,3456,19,,,0,103,,3457,19,,,0,100,,3458,19,,,0,100,,3459,19,,,0,100,,3460,19,,,0,30,,3461,19,,,0,70,,3462,19,,,0,29,,3463,19,,,0,70,,3464,19,,,0,27,,3465,19,,,0,71,,3466,19,,,0,30,,3467,19,,,0,70,,3468,19,,,0,30,,3469,19,,,0,70,,3470,19,,,0,100,,3471,19,,,0
6700,'236.0.1',759,,4539,5,,,0,100,,4540,5,,,0,144,,4541,5,,,0,101,,4542,5,,,0,100,,4543,5,,,0,100,,4544,5,,,0,100,,4545,5,,,0,100,,4546,5,,,0,100,,4547,5,,,0,100,,4548,5,,,0,100,,4549,5,,,0,96,,4550,5,,,0,59,,4551,5,,,0,100,,4552,5,,,0,100,,4553,5,,,0,100,,4554,5,,,0
6700,'236.0.2',757,,4555,5,,,0,100,,4556,5,,,0,100,,4557,5,,,0,146,,4558,5,,,0,100,,4559,5,,,0,100,,4560,5,,,0,100,,4561,5,,,0,100,,4562,5,,,0,100,,4563,5,,,0,100,,4564,5,,,0,97,,4565,5,,,0,100,,4566,5,,,0,100,,4567,5,,,0,100,,4568,5,,,0,57,,4569,5,,,0,100,,4570,5,,,0
6700,'236.0.3',610,,4571,5,,,0,30,,4572,5,,,0,70,,4573,5,,,0,30,,4574,5,,,0,70,,4575,5,,,0,30,,4576,5,,,0,70,,4577,5,,,0,100,,4578,5,,,0,98,,4579,5,,,0,100,,4580,5,,,0,100,,4581,5,,,0,100,,4582,5,,,0,99,,4583,5,,,0,30,,4584,5,,,0,70,,4585,5,,,0,30,,4586,5,,,0,70,,4587,5,,,0,31,,4588,5,,,0,73,,4589,5,,,0,30,,4590,5,,,0,100,,4591,5,,,0,100,,4592,5,,,0,100,,4593,5,,,0,100,,4594,5,,,0
7201,'236.0.1',647,,4834,15,,,0,77,,4835,35,,,0,30,,4836,35,,,0,70,,4837,35,,,0,30,,4838,35,,,0,70,,4839,35,,,0,30,,4840,35,,,0,77,,4841,35,,,0,70,,4842,35,,,0,30,,4843,35,,,0,76,,4844,35,,,0,30,,4845,35,,,0,70,,4846,35,,,0,30,,4847,35,,,0,70,,4848,35,,,0,30,,4849,35,,,0,70,,4850,35,,,0,30,,4851,35,,,0,70,,4852,35,,,0,30,,4853,35,,,0,70,,4854,35,,,0,30,,4855,35,,,0,70,,4856,35,,,0,25,,4857,35,,,0,25,,4858,35,,,0,70,,4859,35,,,0,100,,4860,35,,,0,100,,4861,35,,,0,100,,4862,35,,,0,100,,4863,35,,,0,100,,4864,35,,,0
7201,'236.0.2',723,,4865,15,,,0,100,,4866,35,,,0,100,,4867,35,,,0,100,,4868,35,,,0,105,,4869,35,,,0,106,,4870,35,,,0,100,,4871,35,,,0,100,,4872,35,,,0,100,,4873,35,,,0,100,,4874,35,,,0,100,,4875,35,,,0,95,,4876,35,,,0,100,,4877,35,,,0,92,,4878,35,,,0,100,,4879,35,,,0,100,,4880,35,,,0,100,,4881,35,,,0
7201,'236.0.3',659,,4882,35,,,0,70,,4883,35,,,0,30,,4884,35,,,0,73,,4885,35,,,0,72,,4886,35,,,0,32,,4887,35,,,0,70,,4888,35,,,0,28,,4889,35,,,0,70,,4890,35,,,0,30,,4891,35,,,0,70,,4892,35,,,0,30,,4893,35,,,0,70,,4894,35,,,0,30,,4895,35,,,0,70,,4896,35,,,0,30,,4897,35,,,0,74,,4898,35,,,0,30,,4899,35,,,0,71,,4900,35,,,0,31,,4901,35,,,0,70,,4902,35,,,0,30,,4903,35,,,0,70,,4904,35,,,0,28,,4905,35,,,0,64,,4906,35,,,0,24,,4907,35,,,0,100,,4908,35,,,0,100,,4909,35,,,0,100,,4910,35,,,0,100,,4911,35,,,0
3001000,'236.0.1',636,,8621,39,0,14,0,100,,8622,39,0,14,0,70,,8623,39,0,14,0,30,,8624,39,0,14,0,70,,8625,39,0,14,0,31,,8626,39,0,14,0,73,,8627,39,0,14,0,30,,8628,39,0,14,0,70,,8629,39,0,14,0,31,,8630,39,0,14,0,73,,8631,39,0,14,0,30,,8632,39,0,14,0,70,,8633,39,0,14,0,30,,8634,39,0,14,0,70,,8635,39,0,14,0,30,,8636,39,0,14,0,70,,8637,39,0,14,0,30,,8638,39,0,14,0,70,,8639,39,0,14,0,30,,8640,39,0,14,0,70,,8641,39,0,14,0,30,,8642,39,0,14,0,70,,8643,39,0,14,0,29,,8644,39,0,14,0,68,,8645,39,0,14,0,30,,8646,39,0,14,0,100,,8647,39,0,14,0,99,,8648,39,0,14,0,96,,8649,39,0,14,0,100,,8650,39,0,14,0,100,,8651,39,0,14,0
3001000,'236.0.2',633,,8653,39,0,14,0,100,,8654,39,0,14,0,70,,8655,39,0,14,0,30,,8656,39,0,14,0,70,,8657,39,0,14,0,30,,8658,39,0,14,0,71,,8659,39,0,14,0,34,,8660,39,0,14,0,70,,8661,39,0,14,0,30,,8662,39,0,14,0,70,,8663,39,0,14,0,30,,8664,39,0,14,0,70,,8665,39,0,14,0,30,,8666,39,0,14,0,70,,8667,39,0,14,0,33,,8668,39,0,14,0,70,,8669,39,0,14,0,30,,8670,39,0,14,0,70,,8671,39,0,14,0,30,,8672,39,0,14,0,70,,8673,39,0,14,0,30,,8674,39,0,14,0,70,,8675,39,0,14,0,30,,8676,39,0,14,0,100,,8677,39,0,14,0,95,,8678,39,0,14,0,100,,8679,39,0,14,0,100,,8680,39,0,14,0,100,,8681,39,0,14,0
3001000,'236.0.3',626,,8685,39,0,14,0,19,,8686,39,0,14,0,60,,8687,39,0,14,0,19,,8688,39,0,14,0,18,,8689,39,0,14,0,17,,8690,39,0,14,0,60,,8691,39,0,14,0,33,,8692,39,0,14,0,60,,8693,39,0,14,0,20,,8694,39,0,14,0,68,,8695,39,0,14,0,30,,8696,39,0,14,0,70,,8697,39,0,14,0,30,,8698,39,0,14,0,70,,8699,39,0,14,0,30,,8700,39,0,14,0,70,,8701,39,0,14,0,30,,8702,39,0,14,0,70,,8703,39,0,14,0,30,,8704,39,0,14,0,20,,8705,39,0,14,0,60,,8706,39,0,14,0,20,,8707,39,0,14,0,21,,8708,39,0,14,0,67,,8709,39,0,14,0,23,,8710,39,0,14,0,60,,8711,39,0,14,0,20,,8712,39,0,14,0,18,,8713,39,0,14,0,19,,8714,39,0,14,0,58,,8715,39,0,14,0,13,,8716,39,0,14,0,16,,8717,39,0,14,0,60,,8718,39,0,14,0,20,,8719,39,0,14,0,19,,8720,39,0,14,0,70,,8721,39,0,14,0,30,,8722,39,0,14,0,70,,8723,39,0,14,0,30,,8724,39,0,14,0,68,,8725,39,0,14,0,27,,8726,39,0,14,0,70,,8727,39,0,14,0,30,,8728,39,0,14,0,70,,8729,39,0,14,0,30,,8730,39,0,14,0
