400,'236.0.1',601,,1112,17,,,0,100,,1113,17,,,0,100,,1114,17,,,0,30,,1115,17,,,0,70,,1116,17,,,0,31,,1117,17,,,0,72,,1118,17,,,0,30,,1119,17,,,0,70,,1120,17,,,0,30,,1121,17,,,0,70,,1122,17,,,0,30,,1123,17,,,0,70,,1124,17,,,0,30,,1125,17,,,0,70,,1126,17,,,0,30,,1127,17,,,0,70,,1128,17,,,0,30,,1129,17,,,0,70,,1130,17,,,0,30,,1131,17,,,0,70,,1132,17,,,0,30,,1133,17,,,0,70,,1134,17,,,0,30,,1135,17,,,0,70,,1136,17,,,0,30,,1137,17,,,0,70,,1138,17,,,0,30,,1139,17,,,0,69,,1140,17,,,0,28,,1141,17,,,0,70,,1142,17,,,0,100,,1143,17,,,0,100,,1144,17,,,0
400,'236.0.2',656,,1145,17,,,0,70,,1146,17,,,0,30,,1147,17,,,0,70,,1148,17,,,0,30,,1149,17,,,0,70,,1150,17,,,0,30,,1151,17,,,0,70,,1152,17,,,0,30,,1153,17,,,0,70,,1154,17,,,0,32,,1155,17,,,0,70,,1156,17,,,0,30,,1157,17,,,0,70,,1158,17,,,0,30,,1159,17,,,0,70,,1160,17,,,0,30,,1161,17,,,0,70,,1162,17,,,0,30,,1163,17,,,0,70,,1164,17,,,0,30,,1165,17,,,0,70,,1166,17,,,0,30,,1167,17,,,0,68,,1168,17,,,0,30,,1169,17,,,0,70,,1170,17,,,0,30,,1171,17,,,0,100,,1172,17,,,0,100,,1173,17,,,0,100,,1174,17,,,0,100,,1175,17,,,0
400,'236.0.3',611,,1176,17,,,0,20,,1177,17,,,0,20,,1178,17,,,0,60,,1179,17,,,0,15,,1180,17,,,0,18,,1181,17,,,0,15,,1182,17,,,0,55,,1183,17,,,0,15,,1184,17,,,0,15,,1185,17,,,0,15,,1186,17,,,0,55,,1187,17,,,0,15,,1188,17,,,0,15,,1189,17,,,0,15,,1190,17,,,0,55,,1191,17,,,0,15,,1192,17,,,0,15,,1193,17,,,0,15,,1194,17,,,0,55,,1195,17,,,0,15,,1196,17,,,0,17,,1197,17,,,0,55,,1198,17,,,0,15,,1199,17,,,0,15,,1200,17,,,0,15,,1201,17,,,0,55,,1202,17,,,0,15,,1203,17,,,0,10,,1204,17,,,0,10,,1205,17,,,0,10,,1206,17,,,0,10,,1207,17,,,0,50,,1208,17,,,0,10,,1209,17,,,0,8,,1210,17,,,0,8,,1211,17,,,0,8,,1212,17,,,0,8,,1213,17,,,0,8,,1214,17,,,0,48,,1215,17,,,0,8,,1216,17,,,0,8,,1217,17,,,0,8,,1218,17,,,0,8,,1219,17,,,0,8,,1220,17,,,0,8,,1221,17,,,0,48,,1222,17,,,0,8,,1223,17,,,0,8,,1224,17,,,0,8,,1225,17,,,0,8,,1226,17,,,0,8,,1227,17,,,0,8,,1228,17,,,0,8,,1229,17,,,0,56,,1230,17,,,0,8,,1231,17,,,0,8,,1232,17,,,0,8,,1233,17,,,0,8,,1234,17,,,0,8,,1235,17,,,0,49,,1236,17,,,0,13,,1237,17,,,0,15,,1238,17,,,0,15,,1239,17,,,0,60,,1240,17,,,0,20,,1241,17,,,0,20,,1242,17,,,0,60,,1243,17,,,0,20,,1244,17,,,0,20,,1245,17,,,0,60,,1246,17,,,0,18,,1247,17,,,0,20,,1248,17,,,0,60,,1249,17,,,0,30,,1250,17,,,0,70,,1251,17,,,0,30,,1252,17,,,0,70,,1253,17,,,0,30,,1254,17,,,0,70,,1255,17,,,0
400,'236.1141.3',1704,,1256,17,,,0
400,'236.1143.3',1704,,1257,17,,,0
800,'236.0.1',547,,1718,12,,,0,70,,1719,12,,,0,30,,1720,12,,,0,70,,1721,12,,,0,30,,1722,12,,,0,60,,1723,12,,,0,22,,1724,12,,,0,30,,1725,12,,,0,70,,1726,12,,,0,30,,1727,12,,,0,70,,1728,12,,,0,27,,1729,12,,,0,70,,1730,12,,,0,30,,1731,12,,,0,70,,1732,12,,,0,30,,1733,12,,,0,70,,1734,12,,,0,30,,1735,12,,,0,71,,1736,12,,,0,30,,1737,12,,,0,70,,1738,12,,,0,30,,1739,12,,,0,70,,1740,12,,,0,30,,1741,12,,,0,70,,1742,12,,,0,30,,1743,12,,,0,73,,1744,12,,,0,70,,1745,12,,,0,30,,1746,12,,,0,70,,1747,12,,,0,30,,1748,12,,,0,70,,1749,12,,,0,30,,1750,12,,,0,70,,1751,12,,,0,30,,1752,12,,,0,29,,1753,12,,,0,70,,1754,12,,,0,100,,1755,12,,,0
800,'236.0.2',604,,1756,12,,,0,30,,1757,12,,,0,70,,1758,12,,,0,30,,1759,12,,,0,70,,1760,12,,,0,30,,1761,12,,,0,70,,1762,12,,,0,30,,1763,12,,,0,70,,1764,12,,,0,31,,1765,12,,,0,70,,1766,12,,,0,25,,1767,12,,,0,70,,1768,12,,,0,31,,1769,12,,,0,70,,1770,12,,,0,30,,1771,12,,,0,70,,1772,12,,,0,30,,1773,12,,,0,70,,1774,12,,,0,30,,1775,12,,,0,70,,1776,12,,,0,35,,1777,12,,,0,70,,1778,12,,,0,30,,1779,12,,,0,70,,1780,12,,,0,30,,1781,12,,,0,69,,1782,12,,,0,30,,1783,12,,,0,70,,1784,12,,,0,29,,1785,12,,,0,70,,1786,12,,,0,30,,1787,12,,,0,70,,1788,12,,,0,30,,1789,12,,,0,100,,1790,12,,,0,100,,1791,12,,,0
800,'236.0.3',536,,1794,12,,,0,70,,1795,12,,,0,30,,1796,12,,,0,70,,1797,12,,,0,32,,1798,12,,,0,71,,1799,12,,,0,30,,1800,12,,,0,70,,1801,12,,,0,30,,1802,12,,,0,20,,1803,12,,,0,60,,1804,12,,,0,20,,1805,12,,,0,20,,1806,12,,,0,60,,1807,12,,,0,20,,1808,12,,,0,20,,1809,12,,,0,60,,1810,12,,,0,20,,1811,12,,,0,20,,1812,12,,,0,60,,1813,12,,,0,20,,1814,12,,,0,20,,1815,12,,,0,60,,1816,12,,,0,20,,1817,12,,,0,20,,1818,12,,,0,63,,1819,12,,,0,20,,1820,12,,,0,60,,1821,12,,,0,20,,1822,12,,,0,20,,1823,12,,,0,60,,1824,12,,,0,20,,1825,12,,,0,20,,1826,12,,,0,76,,1827,12,,,0,10,,1842,12,,,0,10,,1828,12,,,0,70,,1829,12,,,0,30,,1830,12,,,0,70,,1831,12,,,0,30,,1832,12,,,0,70,,1833,12,,,0,29,,1834,12,,,0,70,,1835,12,,,0,30,,1836,12,,,0,70,,1837,12,,,0,30,,1838,12,,,0,70,,1839,12,,,0,30,,1840,12,,,0,70,,1841,12,,,0
9000,'236.0.1',614,,5717,13,,,0,25,,5718,13,,,0,70,,5719,13,,,0,30,,5720,13,,,0,70,,5721,13,,,0,25,,5722,13,,,0,70,,5723,13,,,0,30,,5724,13,,,0,25,,5725,13,,,0,72,,5726,13,,,0,70,,5727,13,,,0,30,,5728,13,,,0,70,,5729,13,,,0,27,,5730,13,,,0,30,,5731,13,,,0,70,,5732,13,,,0,30,,5733,13,,,0,70,,5734,13,,,0,30,,5735,13,,,0,70,,5736,13,,,0,30,,5737,13,,,0,73,,5738,13,,,0,70,,5739,13,,,0,30,,5740,13,,,0,70,,5741,13,,,0,30,,5742,13,,,0,70,,5743,13,,,0,30,,5744,13,,,0,70,,5745,13,,,0,104,,5746,13,,,0,100,,5747,13,,,0,100,,5748,13,,,0,100,,5749,13,,,0
9000,'236.0.2',603,,5750,13,,,0,100,,5751,13,,,0,100,,5752,13,,,0,55,,5753,13,,,0,97,,5754,13,,,0,99,,5755,13,,,0,102,,5756,13,,,0,100,,5757,13,,,0,98,,5758,13,,,0,100,,5759,13,,,0,100,,5760,13,,,0,100,,5761,13,,,0,103,,5762,13,,,0,145,,5763,13,,,0,101,,5764,13,,,0,100,,5765,13,,,0,100,,5766,13,,,0,100,,5767,13,,,0
9000,'236.0.3',559,,5801,13,,,0,55,,5800,13,,,0,15,,5768,13,,,0,15,,5802,13,,,0,15,,5769,13,,,0,55,,5803,13,,,0,15,,5770,13,,,0,15,,5804,13,,,0,60,,5771,13,,,0,30,,5772,13,,,0,25,,5773,13,,,0,71,,5774,13,,,0,29,,5775,13,,,0,70,,5776,13,,,0,30,,5777,13,,,0,67,,5778,13,,,0,31,,5779,13,,,0,70,,5780,13,,,0,30,,5781,13,,,0,70,,5782,13,,,0,30,,5783,13,,,0,70,,5784,13,,,0,16,,5805,13,,,0,15,,5785,13,,,0,55,,5806,13,,,0,15,,5786,13,,,0,15,,5807,13,,,0,15,,5787,13,,,0,55,,5808,13,,,0,15,,5812,13,,,0,15,,5809,13,,,0,15,,5788,13,,,0,55,,5810,13,,,0,15,,5789,13,,,0,15,,5811,13,,,0,13,,5790,13,,,0,75,,5791,13,,,0,70,,5792,13,,,0,30,,5793,13,,,0,70,,5794,13,,,0,30,,5795,13,,,0,100,,5796,13,,,0,98,,5797,13,,,0,100,,5798,13,,,0,100,,5799,13,,,0
1000701,'236.0.1',631,,6721,17,,,0,20,,6722,17,,,0,60,,6723,17,,,0,20,,6724,17,,,0,20,,6725,17,,,0,60,,6726,17,,,0,20,,6727,17,,,0,21,,6728,17,,,0,60,,6729,17,,,0,20,,6730,17,,,0,20,,6731,17,,,0,60,,6732,17,,,0,20,,6733,17,,,0,20,,6734,17,,,0,62,,6735,17,,,0,20,,6736,17,,,0,20,,6737,17,,,0,60,,6738,17,,,0,20,,6739,17,,,0,20,,6740,17,,,0,60,,6741,17,,,0,20,,6742,17,,,0,20,,6743,17,,,0,60,,6744,17,,,0,20,,6745,17,,,0,20,,6746,17,,,0,60,,6747,17,,,0,20,,6748,17,,,0,20,,6749,17,,,0,60,,6750,17,,,0,20,,6751,17,,,0,20,,6752,17,,,0,60,,6753,17,,,0,19,,6754,17,,,0,20,,6755,17,,,0,60,,6756,17,,,0,20,,6757,17,,,0,20,,6758,17,,,0,60,,6759,17,,,0,19,,6760,17,,,0,20,,6761,17,,,0,60,,6762,17,,,0,20,,6763,17,,,0,20,,6764,17,,,0,60,,6765,17,,,0,20,,6766,17,,,0,20,,6767,17,,,0,60,,6768,17,,,0,20,,6769,17,,,0,20,,6770,17,,,0,60,,6771,17,,,0,20,,6772,17,,,0,20,,6773,17,,,0,60,,6774,17,,,0
1000701,'236.0.2',631,,6775,17,,,0,70,,6776,17,,,0,30,,6777,17,,,0,70,,6778,17,,,0,30,,6779,17,,,0,70,,6780,17,,,0,32,,6781,17,,,0,70,,6782,17,,,0,30,,6783,17,,,0,70,,6784,17,,,0,30,,6785,17,,,0,71,,6786,17,,,0,30,,6787,17,,,0,70,,6788,17,,,0,30,,6789,17,,,0,70,,6790,17,,,0,30,,6791,17,,,0,70,,6792,17,,,0,30,,6793,17,,,0,70,,6794,17,,,0,30,,6795,17,,,0,70,,6796,17,,,0,30,,6797,17,,,0,70,,6798,17,,,0,29,,6799,17,,,0,69,,6800,17,,,0,30,,6801,17,,,0,70,,6802,17,,,0,30,,6803,17,,,0,69,,6804,17,,,0,30,,6805,17,,,0,70,,6806,17,,,0,30,,6807,17,,,0,70,,6808,17,,,0,30,,6809,17,,,0,70,,6810,17,,,0
1000701,'236.0.3',616,,6811,17,,,0,15,,6812,17,,,0,15,,6813,17,,,0,55,,6814,17,,,0,15,,6815,17,,,0,17,,6816,17,,,0,21,,6817,17,,,0,55,,6818,17,,,0,15,,6819,17,,,0,15,,6820,17,,,0,15,,6821,17,,,0,55,,6822,17,,,0,15,,6823,17,,,0,15,,6824,17,,,0,15,,6825,17,,,0,52,,6826,17,,,0,14,,6827,17,,,0,15,,6828,17,,,0,15,,6829,17,,,0,55,,6830,17,,,0,15,,6831,17,,,0,15,,6832,17,,,0,15,,6833,17,,,0,56,,6834,17,,,0,15,,6835,17,,,0,15,,6836,17,,,0,15,,6837,17,,,0,55,,6838,17,,,0,15,,6839,17,,,0,15,,6840,17,,,0,15,,6841,17,,,0,55,,6842,17,,,0,15,,6843,17,,,0,15,,6844,17,,,0,15,,6845,17,,,0,56,,6846,17,,,0,17,,6847,17,,,0,15,,6848,17,,,0,15,,6849,17,,,0,55,,6850,17,,,0,15,,6851,17,,,0,15,,6852,17,,,0,15,,6853,17,,,0,55,,6854,17,,,0,15,,6855,17,,,0,13,,6856,17,,,0,13,,6857,17,,,0,55,,6858,17,,,0,13,,6859,17,,,0,15,,6860,17,,,0,15,,6861,17,,,0,55,,6862,17,,,0,15,,6863,17,,,0,15,,6864,17,,,0,15,,6865,17,,,0,53,,6866,17,,,0,15,,6867,17,,,0,15,,6868,17,,,0,15,,6869,17,,,0,55,,6870,17,,,0,15,,6871,17,,,0,15,,6872,17,,,0,15,,6873,17,,,0,55,,6874,17,,,0,13,,6875,17,,,0,15,,6876,17,,,0,15,,6877,17,,,0,15,,6878,17,,,0,55,,6879,17,,,0,30,,6880,17,,,0,70,,6881,17,,,0,30,,6882,17,,,0
