5401,'220.0.1',645,,4986,,,0,100,,4987,,,0,100,,4988,,,0,100,,4989,,,0,106,,4990,,,0,100,,4991,,,0,100,,4992,,,0,100,,4993,,,0,100,,4994,,,0,99,,4995,,,0,100,,4996,,,0,100,,4997,,,0,96,,4998,,,0,100,,4999,,,0,100,,5000,,,0,100,,5001,,,0,100,,5002,,,0
5401,'220.0.2',845,,5003,,,0,100,,5004,,,0,106,,5005,,,0,100,,5006,,,0,99,,5007,,,0,100,,5008,,,0,100,,5009,,,0,99,,5010,,,0,100,,5011,,,0,100,,5012,,,0,96,,5013,,,0,100,,5014,,,0,100,,5015,,,0,100,,5016,,,0
5401,'220.0.3',649,,5017,,,0,70,,5018,,,0,30,,5019,,,0,70,,5020,,,0,30,,5021,,,0,69,,5022,,,0,35,,5023,,,0,100,,5024,,,0,100,,5025,,,0,104,,5026,,,0,100,,5027,,,0,102,,5028,,,0,100,,5029,,,0,70,,5030,,,0,75,,5031,,,0,27,,5032,,,0,70,,5033,,,0,24,,5034,,,0,30,,5035,,,0,70,,5036,,,0,30,,5037,,,0,70,,5038,,,0,30,,5039,,,0,100,,5040,,,0
5401,'220.0.4',649,,5041,,,0,70,,5042,,,0,30,,5043,,,0,70,,5044,,,0,30,,5045,,,0,69,,5046,,,0,35,,5047,,,0,100,,5048,,,0,100,,5049,,,0,104,,5050,,,0,100,,5051,,,0,102,,5052,,,0,100,,5053,,,0,70,,5054,,,0,75,,5055,,,0,27,,5056,,,0,70,,5057,,,0,24,,5058,,,0,30,,5059,,,0,70,,5060,,,0,30,,5061,,,0,70,,5062,,,0,30,,5063,,,0,100,,5064,,,0,100,,5065,,,0,100,,5066,,,0,100,,5067,,,0,100,,5068,,,0
5501,'220.0.1',806,,5143,,,0,100,,5144,,,0,101,,5145,,,0,103,,5146,,,0,100,,5147,,,0,100,,5148,,,0,100,,5149,,,0,100,,5150,,,0,100,,5151,,,0,100,,5152,,,0,99,,5153,,,0,100,,5154,,,0,97,,5155,,,0,100,,5156,,,0,100,,5157,,,0
5501,'220.0.2',806,,5158,,,0,100,,5159,,,0,101,,5160,,,0,103,,5161,,,0,100,,5162,,,0,100,,5163,,,0,100,,5164,,,0,100,,5165,,,0,100,,5166,,,0,100,,5167,,,0,99,,5168,,,0,97,,5169,,,0,100,,5170,,,0,100,,5171,,,0,100,,5172,,,0
5501,'220.0.3',656,,5173,,,0,71,,5191,,,0,31,,5174,,,0,72,,5175,,,0,100,,5176,,,0,85,,5177,,,0,100,,5178,,,0,100,,5179,,,0,103,,5180,,,0,100,,5181,,,0,100,,5182,,,0,85,,5183,,,0,101,,5184,,,0,33,,5192,,,0,68,,5185,,,0,23,,5186,,,0,75,,5187,,,0,99,,5188,,,0,110,,5189,,,0,100,,5190,,,0
5501,'220.0.4',656,,5193,,,0,71,,5211,,,0,31,,5194,,,0,72,,5195,,,0,100,,5196,,,0,85,,5197,,,0,100,,5198,,,0,100,,5199,,,0,103,,5200,,,0,100,,5201,,,0,100,,5202,,,0,85,,5203,,,0,101,,5204,,,0,33,,5212,,,0,68,,5205,,,0,23,,5206,,,0,75,,5207,,,0,99,,5208,,,0,110,,5209,,,0,100,,5210,,,0,100,,5213,,,0,100,,5214,,,0,100,,5215,,,0,100,,5216,,,0
5601,'220.0.1',639,,5358,,,0,70,,5359,,,0,30,,5360,,,0,70,,5361,,,0,30,,5362,,,0,70,,5363,,,0,30,,5364,,,0,70,,5365,,,0,36,,5366,,,0,70,,5367,,,0,30,,5368,,,0,70,,5369,,,0,30,,5370,,,0,70,,5371,,,0,30,,5372,,,0,70,,5373,,,0,30,,5374,,,0,70,,5375,,,0,30,,5376,,,0,70,,5377,,,0,30,,5378,,,0,68,,5379,,,0,30,,5380,,,0,70,,5381,,,0,30,,5382,,,0,70,,5383,,,0,30,,5384,,,0,70,,5385,,,0,30,,5386,,,0,66,,5387,,,0,30,,5388,,,0,70,,5389,,,0,30,,5390,,,0,70,,5391,,,0,30,,5392,,,0,70,,5393,,,0
5601,'220.0.2',802,,5394,,,0,30,,5395,,,0,70,,5396,,,0,30,,5397,,,0,70,,5398,,,0,30,,5399,,,0,70,,5400,,,0,30,,5401,,,0,74,,5402,,,0,30,,5403,,,0,70,,5404,,,0,30,,5405,,,0,70,,5406,,,0,30,,5407,,,0,70,,5408,,,0,30,,5409,,,0,70,,5410,,,0,30,,5411,,,0,70,,5412,,,0,30,,5413,,,0,70,,5414,,,0,30,,5415,,,0,70,,5416,,,0,27,,5417,,,0,70,,5418,,,0,30,,5419,,,0,70,,5420,,,0,30,,5421,,,0,70,,5422,,,0,30,,5423,,,0
5601,'220.0.3',641,,5424,,,0,70,,5425,,,0,30,,5426,,,0,70,,5427,,,0,30,,5428,,,0,70,,5429,,,0,30,,5430,,,0,70,,5431,,,0,34,,5432,,,0,70,,5433,,,0,30,,5434,,,0,70,,5435,,,0,30,,5436,,,0,70,,5437,,,0,30,,5438,,,0,70,,5439,,,0,30,,5440,,,0,70,,5441,,,0,31,,5442,,,0,70,,5443,,,0,30,,5444,,,0,70,,5445,,,0,30,,5446,,,0,70,,5447,,,0,30,,5448,,,0,69,,5449,,,0,27,,5450,,,0,70,,5451,,,0,30,,5452,,,0,70,,5453,,,0,29,,5454,,,0,69,,5455,,,0,30,,5456,,,0,70,,5457,,,0,30,,5458,,,0,70,,5459,,,0
5601,'220.0.4',641,,5460,,,0,70,,5461,,,0,30,,5462,,,0,70,,5463,,,0,30,,5464,,,0,70,,5465,,,0,30,,5466,,,0,70,,5467,,,0,34,,5468,,,0,70,,5469,,,0,30,,5470,,,0,70,,5471,,,0,30,,5472,,,0,70,,5473,,,0,30,,5474,,,0,70,,5475,,,0,30,,5476,,,0,70,,5477,,,0,31,,5478,,,0,70,,5479,,,0,30,,5480,,,0,70,,5481,,,0,30,,5482,,,0,70,,5483,,,0,30,,5484,,,0,69,,5485,,,0,27,,5486,,,0,70,,5487,,,0,30,,5488,,,0,70,,5489,,,0,29,,5490,,,0,69,,5491,,,0,30,,5492,,,0,70,,5493,,,0,30,,5494,,,0,70,,5495,,,0,30,,5496,,,0,70,,5497,,,0
