37000,'220.0.3',1430,,9443,4,,0,170,,9444,4,,0,30,,9445,4,,0,73,,9446,4,,0,32,,9447,4,,0,67,,9448,4,,0,100,,9449,4,,0
37000,'220.0.4',1430,,9450,4,,0,170,,9451,4,,0,30,,9452,4,,0,73,,9453,4,,0,32,,9454,4,,0,67,,9455,4,,0,100,,9456,4,,0
37001,'220.0.3',541,,9457,,,0,88,,9458,,,0,29,,9459,,,0,67,,9460,,,0,32,,9461,,,0,686,,9462,,,0,170,,9463,,,0
37001,'220.0.4',541,,9464,,,0,88,,9465,,,0,29,,9466,,,0,67,,9467,,,0,32,,9468,,,0,686,,9469,,,0,170,,9470,,,0
40100,'220.0.1',715,,9471,,,0,501,,9472,,,0,600,,9473,,,0
40100,'220.0.2',715,,9474,,,0,501,,9475,,,0,600,,9476,,,0
40100,'220.0.3',540,,9478,,,0,176,,9482,,,0,135,,9483,,,0,175,,9480,,,0,615,,9477,,,0,179,,9481,,,0,139,,9479,,,0
40100,'220.0.4',540,,9485,,,0,176,,9489,,,0,135,,9490,,,0,175,,9487,,,0,615,,9484,,,0,179,,9488,,,0,139,,9486,,,0
40101,'220.0.1',848,,9491,4,,0,366,,9492,4,,0,600,,9493,4,,0
40101,'220.0.2',848,,9494,4,,0,366,,9495,4,,0,600,,9496,4,,0
40101,'220.0.3',713,,9497,4,,0,135,,9498,4,,0,175,,9499,4,,0,616,,9502,4,,0,179,,9500,4,,0,139,,9501,4,,0
40101,'220.0.4',713,,9503,4,,0,135,,9504,4,,0,175,,9505,4,,0,616,,9508,4,,0,179,,9506,4,,0,139,,9507,4,,0
