5401,'236.0.1',642,,16522,,,0,100,,16523,,,0,100,,16524,,,0,100,,16525,,,0,105,,16526,,,0,100,,16527,,,0,100,,16528,,,0,100,,16529,,,0,100,,16530,,,0,99,,16531,,,0,100,,16532,,,0,100,,16533,,,0,97,,16534,,,0,100,,16535,,,0,100,,16536,,,0,100,,16537,,,0,100,,16538,,,0
5401,'236.0.2',842,,16539,,,0,100,,16540,,,0,105,,16541,,,0,100,,16542,,,0,99,,16543,,,0,100,,16544,,,0,100,,16545,,,0,99,,16546,,,0,100,,16547,,,0,100,,16548,,,0,97,,16549,,,0,100,,16550,,,0,100,,16551,,,0,100,,16552,,,0
5401,'236.0.3',645,,16553,,,0,73,,16554,,,0,27,,16555,,,0,70,,16556,,,0,30,,16557,,,0,69,,16558,,,0,35,,16559,,,0,100,,16560,,,0,100,,16561,,,0,104,,16562,,,0,100,,16563,,,0,102,,16564,,,0,100,,16565,,,0,70,,16566,,,0,75,,16567,,,0,27,,16568,,,0,30,,16569,,,0,64,,16570,,,0,30,,16571,,,0,70,,16572,,,0,30,,16573,,,0,70,,16574,,,0,30,,16575,,,0,100,,16576,,,0
5501,'236.0.1',803,,16627,,,0,100,,16628,,,0,101,,16629,,,0,103,,16630,,,0,100,,16631,,,0,100,,16632,,,0,100,,16633,,,0,100,,16634,,,0,100,,16635,,,0,100,,16636,,,0,99,,16637,,,0,100,,16638,,,0,97,,16639,,,0,100,,16640,,,0,100,,16641,,,0
5501,'236.0.2',803,,16642,,,0,100,,16643,,,0,101,,16644,,,0,103,,16645,,,0,100,,16646,,,0,100,,16647,,,0,100,,16648,,,0,100,,16649,,,0,100,,16650,,,0,100,,16651,,,0,99,,16652,,,0,97,,16653,,,0,100,,16654,,,0,100,,16655,,,0,100,,16656,,,0
5501,'236.0.3',653,,16657,,,0,70,,16675,,,0,31,,16658,,,0,73,,16659,,,0,100,,16660,,,0,85,,16661,,,0,100,,16662,,,0,100,,16663,,,0,103,,16664,,,0,100,,16665,,,0,100,,16666,,,0,85,,16667,,,0,101,,16668,,,0,33,,16676,,,0,68,,16669,,,0,23,,16670,,,0,75,,16671,,,0,59,,16672,,,0,150,,16673,,,0,100,,16674,,,0
6701,'236.0.1',749,,17645,,,0,100,,17646,,,0,104,,17647,,,0,100,,17648,,,0,100,,17649,,,0,100,,17650,,,0,100,,17651,,,0,100,,17652,,,0,100,,17653,,,0,100,,17654,,,0,100,,17655,,,0,96,,17656,,,0,100,,17657,,,0,100,,17658,,,0,100,,17659,,,0,100,,17660,,,0
6701,'236.0.2',748,,17661,,,0,100,,17662,,,0,100,,17663,,,0,105,,17664,,,0,100,,17665,,,0,100,,17666,,,0,100,,17667,,,0,100,,17668,,,0,100,,17669,,,0,100,,17670,,,0,97,,17671,,,0,100,,17672,,,0,100,,17673,,,0,100,,17674,,,0,97,,17675,,,0,100,,17676,,,0
6701,'236.0.3',636,,17677,,,0,70,,17678,,,0,30,,17679,,,0,70,,17680,,,0,30,,17681,,,0,70,,17682,,,0,102,,17683,,,0,100,,17684,,,0,100,,17685,,,0,100,,17686,,,0,100,,17687,,,0,102,,17688,,,0,30,,17689,,,0,70,,17690,,,0,30,,17691,,,0,70,,17692,,,0,30,,17693,,,0,69,,17694,,,0,27,,17695,,,0,70,,17696,,,0,30,,17697,,,0,98,,17698,,,0,100,,17699,,,0,100,,17700,,,0
7200,'236.0.1',619,,17807,,,0,30,,17808,,,0,70,,17809,,,0,30,,17810,,,0,70,,17811,,,0,30,,17812,,,0,70,,17813,,,0,30,,17814,,,0,70,,17815,,,0,32,,17816,,,0,70,,17817,,,0,30,,17818,,,0,70,,17819,,,0,30,,17820,,,0,70,,17821,,,0,30,,17822,,,0,70,,17823,,,0,30,,17824,,,0,70,,17825,,,0,30,,17826,,,0,70,,17827,,,0,30,,17828,,,0,70,,17829,,,0,28,,17830,,,0,70,,17831,,,0,100,,17832,,,0,100,,17833,,,0,100,,17834,,,0,100,,17835,,,0,100,,17836,,,0
7200,'236.0.2',719,,17837,,,0,100,,17838,,,0,100,,17839,,,0,100,,17840,,,0,102,,17841,,,0,100,,17842,,,0,100,,17843,,,0,100,,17844,,,0,100,,17845,,,0,100,,17846,,,0,100,,17847,,,0,100,,17848,,,0,97,,17849,,,0,100,,17850,,,0,100,,17851,,,0,100,,17852,,,0
7200,'236.0.3',619,,17853,,,0,30,,17854,,,0,70,,17855,,,0,31,,17856,,,0,70,,17857,,,0,30,,17858,,,0,69,,17859,,,0,30,,17860,,,0,70,,17861,,,0,30,,17862,,,0,70,,17863,,,0,30,,17864,,,0,70,,17865,,,0,30,,17866,,,0,70,,17867,,,0,30,,17868,,,0,70,,17869,,,0,30,,17870,,,0,70,,17871,,,0,30,,17872,,,0,70,,17873,,,0,30,,17874,,,0,70,,17875,,,0,30,,17876,,,0,69,,17877,,,0,30,,17878,,,0,70,,17879,,,0,100,,17880,,,0,100,,17881,,,0,100,,17882,,,0,100,,17883,,,0
3001001,'236.0.1',607,,21781,,,0,94,,21782,,,0,100,,21783,,,0,31,,21784,,,0,70,,21785,,,0,30,,21786,,,0,70,,21787,,,0,34,,21788,,,0,70,,21789,,,0,31,,21790,,,0,72,,21791,,,0,34,,21792,,,0,70,,21793,,,0,30,,21794,,,0,70,,21795,,,0,30,,21796,,,0,70,,21797,,,0,30,,21798,,,0,70,,21799,,,0,30,,21800,,,0,70,,21801,,,0,30,,21802,,,0,70,,21803,,,0,30,,21804,,,0,66,,21805,,,0,28,,21806,,,0,70,,21807,,,0,100,,21808,,,0,96,,21809,,,0,97,,21810,,,0,100,,21811,,,0,55,,21812,0,10 9,0
3001001,'236.0.2',607,,21813,,,0,50,,21814,,,0,100,,21815,,,0,70,,21816,,,0,30,,21817,,,0,70,,21818,,,0,30,,21819,,,0,72,,21820,,,0,74,,21821,,,0,30,,21822,,,0,70,,21823,,,0,30,,21824,,,0,71,,21825,,,0,30,,21826,,,0,70,,21827,,,0,30,,21828,,,0,73,,21829,,,0,30,,21830,,,0,70,,21831,,,0,30,,21832,,,0,70,,21833,,,0,30,,21834,,,0,70,,21835,,,0,30,,21836,,,0,69,,21837,,,0,100,,21838,,,0,94,,21839,,,0,100,,21840,,,0,100,,21841,,,0,55,,21842,0,10 9,0
3001001,'236.0.3',530,,21843,,,0,70,,21844,,,0,30,,21845,,,0,20,,21846,,,0,62,,21847,,,0,20,,21848,,,0,18,,21849,,,0,59,,21850,,,0,20,,21851,,,0,20,,21852,,,0,73,,21853,,,0,20,,21854,,,0,60,,21855,,,0,28,,21856,,,0,70,,21857,,,0,30,,21858,,,0,70,,21859,,,0,30,,21860,,,0,70,,21861,,,0,30,,21862,,,0,70,,21863,,,0,30,,21864,,,0,70,,21865,,,0,21,,21866,,,0,20,,21867,,,0,60,,21868,,,0,21,,21869,,,0,27,,21870,,,0,63,,21871,,,0,20,,21872,,,0,20,,21873,,,0,58,,21874,,,0,16,,21875,,,0,17,,21876,,,0,14,,21877,,,0,55,,21878,,,0,19,,21879,,,0,79,,21880,,,0,30,,21881,,,0,70,,21882,,,0,30,,21883,,,0,70,,21884,,,0,27,,21885,,,0,66,,21886,,,0,30,,21887,0,10 9,0,25,,21888,0,10 9,0,70,,21889,0,10 9,0,30,,21890,0,10 9,0
