3900,'220.0.1',607,,4420,,,0,30,,4421,,,0,70,,4422,,,0,30,,4423,,,0,70,,4424,,,0,30,,4425,,,0,70,,4426,,,0,30,,4427,,,0,70,,4428,,,0,31,,4429,,,0,70,,4430,,,0,30,,4431,,,0,70,,4432,,,0,30,,4433,,,0,70,,4434,,,0,30,,4435,,,0,70,,4436,,,0,30,,4437,,,0,70,,4438,,,0,30,,4439,,,0,70,,4440,,,0,30,,4441,,,0,70,,4442,,,0,30,,4443,,,0,70,,4444,,,0,30,,4445,,,0,70,,4446,,,0,30,,4447,,,0,70,,4448,,,0,30,,4449,,,0,70,,4450,,,0,30,,4451,,,0,70,,4452,,,0,30,,4453,,,0,70,,4454,,,0
3900,'220.0.2',608,,4455,,,0,100,,4456,,,0,100,,4457,,,0,100,,4458,,,0,100,,4459,,,0,100,,4460,,,0,101,,4461,,,0,100,,4462,,,0,100,,4463,,,0,100,,4464,,,0,100,,4465,,,0,100,,4466,,,0,100,,4467,,,0,100,,4468,,,0,100,,4469,,,0,100,,4470,,,0
3900,'220.0.3',611,,4471,,,0,30,,4472,,,0,70,,4473,,,0,30,,4474,,,0,70,,4475,,,0,30,,4476,,,0,70,,4477,,,0,30,,4478,,,0,70,,4479,,,0,30,,4480,,,0,70,,4481,,,0,30,,4482,,,0,70,,4483,,,0,30,,4484,,,0,70,,4485,,,0,30,,4486,,,0,70,,4487,,,0,30,,4488,,,0,70,,4489,,,0,30,,4490,,,0,70,,4491,,,0,30,,4492,,,0,70,,4493,,,0,30,,4494,,,0,70,,4495,,,0,30,,4496,,,0,100,,4497,,,0,100,,4498,,,0,100,,4499,,,0,100,,4500,,,0
3900,'220.0.4',611,,4501,,,0,30,,4502,,,0,70,,4503,,,0,30,,4504,,,0,70,,4505,,,0,30,,4506,,,0,70,,4507,,,0,30,,4508,,,0,70,,4509,,,0,30,,4510,,,0,70,,4511,,,0,30,,4512,,,0,70,,4513,,,0,30,,4514,,,0,70,,4515,,,0,30,,4516,,,0,70,,4517,,,0,30,,4518,,,0,70,,4519,,,0,30,,4520,,,0,70,,4521,,,0,30,,4522,,,0,70,,4523,,,0,30,,4524,,,0,70,,4525,,,0,30,,4526,,,0,100,,4527,,,0,100,,4528,,,0,100,,4529,,,0,100,,4530,,,0,100,,4531,,,0,100,,4532,,,0,100,,4533,,,0
13601,'220.0.3',1553,,8833,,,0,70,,8834,,,0,35,,8835,,,0,55,,8836,,,0,14,,8837,,,0,23,,8838,,,0,66,,8839,,,0,30,,8840,,,0
13601,'220.0.4',1553,,8841,,,0,70,,8842,,,0,35,,8843,,,0,55,,8844,,,0,14,,8845,,,0,23,,8846,,,0,66,,8847,,,0,30,,8848,,,0
13801,'220.0.3',1617,,8887,,,0,34,,8888,,,0,71,,8889,,,0,24,,8890,,,0,64,,8891,,,0,30,,8892,,,0,60,,8893,,,0
13801,'220.0.4',1617,,8894,,,0,34,,8895,,,0,71,,8896,,,0,24,,8897,,,0,64,,8898,,,0,30,,8899,,,0,60,,8900,,,0
1003000,'220.0.1',626,,10535,,,0,30,,10536,,,0,70,,10537,,,0,30,,10538,,,0,70,,10539,,,0,30,,10540,,,0,70,,10541,,,0,31,,10542,,,0,70,,10543,,,0,30,,10544,,,0,70,,10545,,,0,30,,10546,,,0,70,,10547,,,0,30,,10548,,,0,70,,10549,,,0,30,,10550,,,0,70,,10551,,,0,30,,10552,,,0,70,,10553,,,0,30,,10554,,,0,70,,10555,,,0,30,,10556,,,0,70,,10557,,,0,30,,10558,,,0,70,,10559,,,0,30,,10560,,,0,70,,10561,,,0,30,,10562,,,0,70,,10563,,,0,30,,10564,,,0,69,,10565,,,0,30,,10566,,,0,70,,10567,,,0,30,,10568,,,0,70,,10569,,,0
1003000,'220.0.2',608,,10570,,,0,100,,10571,,,0,100,,10572,,,0,100,,10573,,,0,100,,10574,,,0,101,,10575,,,0,100,,10576,,,0,100,,10577,,,0,100,,10578,,,0,100,,10579,,,0,100,,10580,,,0,100,,10581,,,0,100,,10582,,,0,100,,10583,,,0,100,,10584,,,0,100,,10585,,,0,100,,10586,,,0,100,,10587,,,0
1003000,'220.0.3',537,,10588,,,0,70,,10589,,,0,30,,10590,,,0,70,,10591,,,0,30,,10592,,,0,70,,10593,,,0,30,,10594,,,0,70,,10595,,,0,30,,10596,,,0,70,,10597,,,0,30,,10598,,,0,70,,10599,,,0,30,,10600,,,0,70,,10601,,,0,30,,10602,,,0,70,,10603,,,0,30,,10604,,,0,70,,10605,,,0,30,,10606,,,0,70,,10607,,,0,30,,10608,,,0,70,,10609,,,0,30,,10610,,,0,70,,10611,,,0,30,,10612,,,0,70,,10613,,,0,30,,10614,,,0,70,,10615,,,0,30,,10616,,,0,70,,10617,,,0,30,,10618,,,0,70,,10619,,,0,30,,10620,,,0,70,,10621,,,0,30,,10622,,,0,70,,10623,,,0
1003000,'220.0.4',537,,10624,,,0,70,,10625,,,0,30,,10626,,,0,70,,10627,,,0,30,,10628,,,0,70,,10629,,,0,30,,10630,,,0,70,,10631,,,0,30,,10632,,,0,70,,10633,,,0,30,,10634,,,0,70,,10635,,,0,30,,10636,,,0,70,,10637,,,0,30,,10638,,,0,70,,10639,,,0,30,,10640,,,0,70,,10641,,,0,30,,10642,,,0,70,,10643,,,0,30,,10644,,,0,70,,10645,,,0,30,,10646,,,0,70,,10647,,,0,30,,10648,,,0,70,,10649,,,0,30,,10650,,,0,70,,10651,,,0,30,,10652,,,0,70,,10653,,,0,30,,10654,,,0,70,,10655,,,0,30,,10656,,,0,70,,10657,,,0,30,,10658,,,0,70,,10659,,,0,30,,10660,,,0,70,,10661,,,0,30,,10662,,,0,70,,10663,,,0,30,,10664,,,0
