2201,'236.0.1',558,,2234,17,,,0,70,,2235,17,,,0,30,,2236,17,,,0,70,,2237,17,,,0,30,,2238,17,,,0,70,,2239,17,,,0,30,,2240,17,,,0,70,,2241,17,,,0,29,,2242,17,,,0,70,,2243,17,,,0,30,,2244,17,,,0,70,,2245,17,,,0,30,,2246,17,,,0,70,,2247,17,,,0,30,,2248,17,,,0,70,,2249,17,,,0,30,,2250,17,,,0,70,,2251,17,,,0,30,,2252,17,,,0,70,,2253,17,,,0,30,,2254,17,,,0,70,,2255,17,,,0,31,,2256,17,,,0,70,,2257,17,,,0,30,,2258,17,,,0,70,,2259,17,,,0,30,,2260,17,,,0,70,,2261,17,,,0,30,,2262,17,,,0,70,,2263,17,,,0,30,,2264,17,,,0,70,,2265,17,,,0,30,,2266,17,,,0,70,,2267,17,,,0,30,,2268,17,,,0,70,,2269,17,,,0
2201,'236.0.2',548,,2270,17,,,0,70,,2271,17,,,0,30,,2272,17,,,0,70,,2273,17,,,0,30,,2274,17,,,0,70,,2275,17,,,0,30,,2276,17,,,0,70,,2277,17,,,0,30,,2278,17,,,0,70,,2279,17,,,0,29,,2280,17,,,0,70,,2281,17,,,0,30,,2282,17,,,0,70,,2283,17,,,0,30,,2284,17,,,0,70,,2285,17,,,0,30,,2286,17,,,0,70,,2287,17,,,0,30,,2288,17,,,0,70,,2289,17,,,0,30,,2290,17,,,0,70,,2291,17,,,0,31,,2292,17,,,0,70,,2293,17,,,0,30,,2294,17,,,0,70,,2295,17,,,0,30,,2296,17,,,0,70,,2297,17,,,0,30,,2298,17,,,0,70,,2299,17,,,0,30,,2300,17,,,0,70,,2301,17,,,0,30,,2302,17,,,0,70,,2303,17,,,0,30,,2304,17,,,0,70,,2305,17,,,0,30,,2306,17,,,0
2201,'236.0.3',610,,2307,17,,,0,30,,2308,17,,,0,70,,2309,17,,,0,28,,2310,17,,,0,70,,2311,17,,,0,30,,2312,17,,,0,70,,2313,17,,,0,29,,2314,17,,,0,70,,2315,17,,,0,30,,2316,17,,,0,70,,2317,17,,,0,30,,2318,17,,,0,70,,2319,17,,,0,30,,2320,17,,,0,70,,2321,17,,,0,30,,2322,17,,,0,70,,2323,17,,,0,30,,2324,17,,,0,70,,2325,17,,,0,30,,2326,17,,,0,70,,2327,17,,,0,30,,2328,17,,,0,70,,2329,17,,,0,30,,2330,17,,,0,70,,2331,17,,,0,31,,2332,17,,,0,70,,2333,17,,,0,30,,2334,17,,,0,70,,2335,17,,,0,30,,2336,17,,,0,70,,2337,17,,,0,30,,2338,17,,,0,70,,2339,17,,,0,30,,2340,17,,,0,70,,2341,17,,,0,30,,2342,17,,,0
2501,'236.0.1',710,,2617,24,,,0,100,,2618,24,,,0,100,,2619,24,,,0,100,,2620,24,,,0,100,,2621,24,,,0,100,,2622,24,,,0,100,,2623,24,,,0,100,,2624,24,,,0,100,,2625,24,,,0,100,,2626,24,,,0,100,,2627,24,,,0,100,,2628,24,,,0,100,,2629,24,,,0,100,,2630,24,,,0,100,,2631,24,,,0,100,,2632,24,,,0
2501,'236.0.2',810,,2633,24,,,0,100,,2634,24,,,0,100,,2635,24,,,0,100,,2636,24,,,0,100,,2637,24,,,0,100,,2638,24,,,0,100,,2639,24,,,0,100,,2640,24,,,0,100,,2641,24,,,0,100,,2642,24,,,0,100,,2643,24,,,0,100,,2644,24,,,0,100,,2645,24,,,0,100,,2646,24,,,0
2501,'236.0.3',613,,2647,24,,,0,30,,2648,24,,,0,70,,2649,24,,,0,36,,2650,24,,,0,66,,2651,24,,,0,30,,2652,24,,,0,70,,2653,24,,,0,28,,2654,24,,,0,100,,2655,24,,,0,100,,2656,24,,,0,100,,2657,24,,,0,100,,2658,24,,,0,100,,2659,24,,,0,100,,2660,24,,,0,74,,2661,24,,,0,32,,2662,24,,,0,72,,2663,24,,,0,26,,2664,24,,,0,69,,2665,24,,,0,26,,2666,24,,,0,70,,2667,24,,,0,30,,2668,24,,,0,100,,2669,24,,,0,100,,2670,24,,,0,100,,2671,24,,,0,100,,2672,24,,,0
41501,'236.0.3',645,,6487,25,,,0,106,,6488,25,,,0,95,,6489,25,,,0,98,,6490,25,,,0,573,,6494,25,,,0,105,,6491,25,,,0,101,,6492,25,,,0,98,,6493,25,,,0
1000901,'236.0.1',659,,6973,32,,,0,100,,6974,32,,,0,141,,6975,32,,,0,100,,6976,32,,,0,100,,6977,32,,,0,100,,6978,32,,,0,100,,6979,32,,,0,100,,6980,32,,,0,100,,6981,32,,,0,100,,6982,32,,,0,100,,6983,32,,,0,58,,6984,32,,,0,100,,6985,32,,,0,100,,6986,32,,,0,98,,6987,32,,,0,100,,6988,32,,,0,100,,6989,32,,,0,100,,6990,32,,,0
1000901,'236.0.2',657,,6991,32,,,0,98,,6992,32,,,0,103,,6993,32,,,0,100,,6994,32,,,0,100,,6995,32,,,0,100,,6996,32,,,0,100,,6997,32,,,0,100,,6998,32,,,0,100,,6999,32,,,0,100,,7000,32,,,0,100,,7001,32,,,0,100,,7002,32,,,0,100,,7003,32,,,0,100,,7004,32,,,0,96,,7005,32,,,0,100,,7006,32,,,0,100,,7007,32,,,0,101,,7008,32,,,0
1000901,'236.0.3',544,,7009,32,,,0,67,,7010,32,,,0,25,,7011,32,,,0,10,,7012,32,,,0,5,,7013,32,,,0,55,,7014,32,,,0,20,,7015,32,,,0,5,,7016,32,,,0,15,,7017,32,,,0,10,,7018,32,,,0,60,,7019,32,,,0,10,,7020,32,,,0,20,,7021,32,,,0,9,,7022,32,,,0,50,,7023,32,,,0,10,,7024,32,,,0,25,,7025,32,,,0,15,,7026,32,,,0,55,,7027,32,,,0,30,,7028,32,,,0,15,,7029,32,,,0,55,,7030,32,,,0,30,,7031,32,,,0,15,,7032,32,,,0,55,,7033,32,,,0,30,,7034,32,,,0,15,,7035,32,,,0,55,,7036,32,,,0,30,,7037,32,,,0,15,,7038,32,,,0,55,,7039,32,,,0,30,,7040,32,,,0,15,,7041,32,,,0,55,,7042,32,,,0,30,,7043,32,,,0,65,,7044,32,,,0,5,,7045,32,,,0,25,,7046,32,,,0,10,,7047,32,,,0,60,,7048,32,,,0,10,,7049,32,,,0,20,,7050,32,,,0,10,,7051,32,,,0,60,,7052,32,,,0,10,,7053,32,,,0,17,,7054,32,,,0,10,,7055,32,,,0,65,,7056,32,,,0,30,,7057,32,,,0,71,,7058,32,,,0,29,,7059,32,,,0,70,,7060,32,,,0,29,,7061,32,,,0,70,,7062,32,,,0,35,,7063,32,,,0,60,,7064,32,,,0,40,,7065,32,,,0,60,,7066,32,,,0,40,,7067,32,,,0,60,,7068,32,,,0
2000901,'236.0.1',630,,8002,48,0,13,0,100,,8003,48,0,13,0,99,,8004,48,0,13,0,101,,8005,48,0,13,0,100,,8006,48,0,13,0,100,,8007,48,0,13,0,100,,8008,48,0,13,0,100,,8009,48,0,13,0,100,,8010,48,0,13,0,100,,8011,48,0,13,0,100,,8012,48,0,13,0,100,,8013,48,0,13,0,98,,8014,48,0,13,0,100,,8015,48,0,13,0,98,,8016,48,0,13,0,100,,8017,48,0,13,0,100,,8018,48,0,13,0,100,,8019,48,0,13,0,100,,8020,48,0,13,0
2000901,'236.0.2',627,,8021,48,0,13,0,100,,8022,48,0,13,0,98,,8023,48,0,13,0,103,,8024,48,0,13,0,100,,8025,48,0,13,0,100,,8026,48,0,13,0,100,,8027,48,0,13,0,100,,8028,48,0,13,0,100,,8029,48,0,13,0,100,,8030,48,0,13,0,100,,8031,48,0,13,0,100,,8032,48,0,13,0,100,,8033,48,0,13,0,100,,8034,48,0,13,0,96,,8035,48,0,13,0,100,,8036,48,0,13,0,100,,8037,48,0,13,0,100,,8038,48,0,13,0,100,,8039,48,0,13,0
2000901,'236.0.3',556,,8040,48,0,13,0,70,,8041,48,0,13,0,30,,8042,48,0,13,0,80,,8043,48,0,13,0,70,,8044,48,0,13,0,30,,8045,48,0,13,0,21,,8046,48,0,13,0,69,,8047,48,0,13,0,100,,8048,48,0,13,0,100,,8049,48,0,13,0,100,,8050,48,0,13,0,100,,8051,48,0,13,0,100,,8052,48,0,13,0,99,,8053,48,0,13,0,30,,8054,48,0,13,0,70,,8055,48,0,13,0,30,,8056,48,0,13,0,70,,8057,48,0,13,0,30,,8058,48,0,13,0,68,,8059,48,0,13,0,29,,8060,48,0,13,0,70,,8061,48,0,13,0,30,,8062,48,0,13,0,70,,8063,48,0,13,0,30,,8064,48,0,13,0,70,,8065,48,0,13,0,23,,8066,48,0,13,0,70,,8067,48,0,13,0,100,,8068,48,0,13,0,100,,8069,48,0,13,0
