100,'236.0.1',612,,13052,,,0,15,,13053,,,0,15,,13054,,,0,15,,13055,,,0,55,,13056,,,0,15,,13057,,,0,15,,13058,,,0,15,,13059,,,0,57,,13060,,,0,15,,13061,,,0,15,,13062,,,0,15,,13063,,,0,55,,13064,,,0,16,,13065,,,0,17,,13066,,,0,55,,13067,,,0,15,,13068,,,0,15,,13069,,,0,15,,13070,,,0,58,,13071,,,0,16,,13072,,,0,15,,13073,,,0,15,,13074,,,0,55,,13075,,,0,15,,13076,,,0,15,,13077,,,0,15,,13078,,,0,55,,13079,,,0,15,,13080,,,0,15,,13081,,,0,15,,13082,,,0,55,,13083,,,0,15,,13084,,,0,15,,13085,,,0,15,,13086,,,0,55,,13087,,,0,15,,13088,,,0,15,,13089,,,0,15,,13090,,,0,55,,13091,,,0,15,,13092,,,0,15,,13093,,,0,15,,13094,,,0,55,,13095,,,0,15,,13096,,,0,15,,13097,,,0,15,,13098,,,0,55,,13099,,,0,15,,13100,,,0,15,,13101,,,0,15,,13102,,,0,55,,13103,,,0,13,,13104,,,0,14,,13105,,,0,15,,13106,,,0,55,,13107,,,0,15,,13108,,,0,15,,13109,,,0,15,,13110,,,0,55,,13111,,,0,15,,13112,,,0,15,,13113,,,0,15,,13114,,,0,55,,13115,,,0,13,,13116,,,0,13,,13117,,,0,15,,13118,,,0,15,,13119,,,0,55,,13120,,,0,15,,13121,,,0,15,,13122,,,0,15,,13123,,,0,55,,13124,,,0,15,,13125,,,0,15,,13126,,,0,15,,13127,,,0
100,'236.0.2',613,,13128,,,0,15,,13129,,,0,15,,13130,,,0,15,,13131,,,0,55,,13132,,,0,15,,13133,,,0,15,,13134,,,0,15,,13135,,,0,55,,13136,,,0,15,,13137,,,0,17,,13138,,,0,55,,13139,,,0,15,,13140,,,0,15,,13141,,,0,15,,13142,,,0,55,,13143,,,0,16,,13144,,,0,17,,13145,,,0,15,,13146,,,0,55,,13147,,,0,15,,13148,,,0,15,,13149,,,0,15,,13150,,,0,57,,13151,,,0,16,,13152,,,0,15,,13153,,,0,15,,13154,,,0,55,,13155,,,0,15,,13156,,,0,15,,13157,,,0,15,,13158,,,0,55,,13159,,,0,15,,13160,,,0,15,,13161,,,0,15,,13162,,,0,55,,13163,,,0,15,,13164,,,0,15,,13165,,,0,15,,13166,,,0,55,,13167,,,0,15,,13168,,,0,15,,13169,,,0,15,,13170,,,0,55,,13171,,,0,15,,13172,,,0,15,,13173,,,0,15,,13174,,,0,55,,13175,,,0,15,,13176,,,0,13,,13177,,,0,13,,13178,,,0,55,,13179,,,0,15,,13180,,,0,15,,13181,,,0,15,,13182,,,0,55,,13183,,,0,15,,13184,,,0,15,,13185,,,0,70,,13186,,,0,30,,13187,,,0,70,,13188,,,0,27,,13189,,,0,30,,13190,,,0,70,,13191,,,0,30,,13192,,,0
100,'236.0.3',622,,13194,,,0,10,,13195,,,0,10,,13196,,,0,10,,13197,,,0,50,,13198,,,0,10,,13199,,,0,10,,13200,,,0,11,,13201,,,0,13,,13202,,,0,13,,13203,,,0,50,,13204,,,0,10,,13205,,,0,10,,13206,,,0,10,,13207,,,0,10,,13208,,,0,10,,13209,,,0,50,,13210,,,0,10,,13211,,,0,9,,13212,,,0,9,,13213,,,0,9,,13214,,,0,10,,13215,,,0,50,,13216,,,0,10,,13217,,,0,10,,13218,,,0,10,,13219,,,0,10,,13220,,,0,10,,13221,,,0,50,,13222,,,0,10,,13223,,,0,10,,13224,,,0,10,,13225,,,0,10,,13226,,,0,10,,13227,,,0,50,,13228,,,0,10,,13229,,,0,10,,13230,,,0,10,,13231,,,0,10,,13232,,,0,10,,13233,,,0,50,,13234,,,0,10,,13235,,,0,10,,13236,,,0,10,,13237,,,0,10,,13238,,,0,10,,13239,,,0,50,,13240,,,0,10,,13241,,,0,10,,13242,,,0,10,,13243,,,0,10,,13244,,,0,10,,13245,,,0,50,,13246,,,0,11,,13247,,,0,11,,13248,,,0,12,,13249,,,0,10,,13250,,,0,50,,13251,,,0,10,,13252,,,0,10,,13253,,,0,10,,13254,,,0,10,,13255,,,0,10,,13256,,,0,50,,13257,,,0,10,,13258,,,0,10,,13259,,,0,10,,13260,,,0,10,,13261,,,0,10,,13262,,,0,9,,13263,,,0,48,,13264,,,0,7,,13265,,,0,8,,13266,,,0,10,,13267,,,0,10,,13268,,,0,10,,13269,,,0,50,,13270,,,0,10,,13271,,,0,10,,13272,,,0,10,,13273,,,0,10,,13274,,,0,10,,13275,,,0,50,,13276,,,0,10,,13277,,,0,10,,13278,,,0,10,,13279,,,0,10,,13280,,,0,10,,13281,,,0,50,,13282,,,0,10,,13283,,,0,10,,13284,,,0,10,,13285,,,0,10,,13286,,,0,10,,13287,,,0,50,,13288,,,0,10,,13289,,,0,8,,13290,,,0,15,,13291,,,0,15,,13292,,,0,55,,13293,,,0,15,,13294,,,0,15,,13295,,,0,15,,13296,,,0,55,,13297,,,0,15,,13298,,,0,15,,13299,,,0,15,,13300,,,0
12300,'236.0.3',646,,19082,,,0,70,,19084,,,0,111,,19085,,,0,29,,19086,,,0,66,,19083,,,0
12300,'236.1141.3',754,,19087,,,0
12300,'236.1143.3',754,,19088,,,0
12700,'236.0.3',648,,19102,,,0,58,,19103,,,0,23,,19104,,,0,11,,19105,,,0,9,,19106,,,0,60,,19107,,,0,15,,19108,,,0,15,,19109,,,0,5,,19110,,,0
13501,'236.0.3',1523,,19130,,,0,30,,19131,,,0,70,,19132,,,0,30,,19133,,,0,70,,19134,,,0,31,,19135,,,0,70,,19136,,,0
13601,'236.0.3',1513,,19145,,,0,30,,19146,,,0,70,,19147,,,0,15,,19148,,,0,15,,19149,,,0,70,,19150,,,0,31,,19151,,,0,70,,19152,,,0
13701,'236.0.3',1533,,19159,,,0,70,,19160,,,0,30,,19161,,,0,70,,19162,,,0,30,,19163,,,0,71,,19164,,,0
13801,'236.0.3',1538,,19172,,,0,70,,19173,,,0,30,,19174,,,0,70,,19175,,,0,31,,19176,,,0,70,,19177,,,0,20,,19178,,,0
15800,'236.0.3',1548,,19179,,,0,71,,19180,,,0,31,,19181,,,0,70,,19182,,,0
15900,'236.0.3',1510,,19187,,,0,20,,19188,,,0,21,,19189,,,0,61,,19190,,,0,20,,19191,,,0,21,,19194,,,0,59,,19195,,,0,20,,19192,,,0,19,,19193,,,0
16101,'236.0.3',1514,,19216,,,0,30,,19211,,,0,72,,19212,,,0,31,,19213,,,0,70,,19214,,,0,28,,19215,,,0
16500,'236.0.3',1527,,19217,,,0,32,,19218,,,0,70,,19219,,,0,71,,19220,,,0,30,,19221,,,0,70,,19222,,,0
18200,'236.0.3',1458,,19229,,,0,55,,19230,,,0,15,,19231,,,0,15,,19232,,,0,15,,19233,,,0,55,,19234,,,0,15,,19235,,,0,15,,19236,,,0,15,,19237,,,0,55,,19238,,,0,15,,19239,,,0,15,,19240,,,0,15,,19242,,,0,54,,19241,,,0,16,,19243,,,0
18300,'236.0.3',1502,,19257,,,0,30,,19258,,,0,72,,19259,,,0,31,,19260,,,0,68,,19261,,,0,28,,19262,,,0,69,,19263,,,0
18500,'236.0.3',1510,,19270,,,0,15,,19271,,,0,15,,19272,,,0,17,,19273,,,0,55,,19274,,,0,16,,19275,,,0,15,,19276,,,0,15,,19277,,,0,51,,19278,,,0,14,,19281,,,0,15,,19279,,,0,15,,19282,,,0,55,,19280,,,0,15,,19283,,,0
18600,'236.0.3',1517,,19296,,,0,31,,19297,,,0,71,,19298,,,0,31,,19301,,,0,66,,19299,,,0,29,,19300,,,0
19200,'236.0.3',1520,,19308,,,0,30,,19309,,,0,70,,19310,,,0,30,,19311,,,0,70,,19312,,,0,30,,19313,,,0
19401,'236.0.3',1541,,19324,,,0,70,,19325,,,0,31,,19326,,,0,70,,19327,,,0
19600,'236.0.3',1542,,19328,,,0,70,,19329,,,0,30,,19330,,,0,71,,19331,,,0
1000901,'236.0.1',722,,20023,,,0,100,,20024,,,0,104,,20025,,,0,100,,20026,,,0,100,,20027,,,0,100,,20028,,,0,100,,20029,,,0,100,,20030,,,0,100,,20031,,,0,100,,20032,,,0,100,,20033,,,0,95,,20034,,,0,100,,20035,,,0,100,,20036,,,0,97,,20037,,,0,100,,20038,,,0,100,,20039,,,0,100,,20040,,,0
1000901,'236.0.2',715,,20041,,,0,98,,20042,,,0,106,,20043,,,0,100,,20044,,,0,104,,20045,,,0,100,,20046,,,0,100,,20047,,,0,100,,20048,,,0,100,,20049,,,0,100,,20050,,,0,100,,20051,,,0,100,,20052,,,0,100,,20053,,,0,96,,20054,,,0,96,,20055,,,0,100,,20056,,,0,98,,20057,,,0,99,,20058,,,0
1000901,'236.0.3',606,,20059,,,0,27,,20060,,,0,25,,20061,,,0,50,,20062,,,0,7,,20063,,,0,17,,20064,,,0,23,,20065,,,0,45,,20066,,,0,15,,20067,,,0,10,,20068,,,0,20,,20069,,,0,10,,20070,,,0,59,,20071,,,0,9,,20072,,,0,8,,20073,,,0,10,,20074,,,0,65,,20075,,,0,15,,20076,,,0,15,,20077,,,0,70,,20078,,,0,15,,20079,,,0,15,,20080,,,0,70,,20081,,,0,15,,20082,,,0,15,,20083,,,0,70,,20084,,,0,15,,20085,,,0,15,,20086,,,0,70,,20087,,,0,15,,20088,,,0,15,,20089,,,0,70,,20090,,,0,18,,20091,,,0,15,,20092,,,0,69,,20093,,,0,25,,20094,,,0,5,,20095,,,0,65,,20096,,,0,10,,20097,,,0,20,,20098,,,0,10,,20099,,,0,60,,20100,,,0,10,,20101,,,0,17,,20102,,,0,9,,20103,,,0,17,,20104,,,0,50,,20105,,,0,25,,20106,,,0,70,,20107,,,0,31,,20108,,,0,69,,20109,,,0,26,,20110,,,0,25,,20111,,,0,70,,20112,,,0,35,,20113,,,0,60,,20114,,,0,40,,20115,,,0,60,,20116,,,0,40,,20117,,,0,60,,20118,,,0
1001000,'236.0.3',633,,20119,,,0,19,,20120,,,0,59,,20121,,,0,28,,20122,,,0,18,,20123,,,0,59,,20124,,,0,20,,20125,,,0,20,,20126,,,0,60,,20127,,,0,500,,20128,,,0,19,,20129,,,0,20,,20130,,,0,60,,20131,,,0,20,,20132,,,0,23,,20133,,,0,60,,20134,,,0,20,,20135,,,0,20,,20136,,,0,50,,20137,,,0,29,,20138,,,0,20,,20139,,,0,60,,20140,,,0,16,,20141,,,0
1016800,'236.0.3',1506,,20508,,,0,30,,20509,,,0,72,,20510,,,0,31,,20511,,,0,70,,20512,,,0,29,,20513,,,0,70,,20514,,,0
2000701,'236.0.1',618,,20820,,,0,20,,20821,,,0,20,,20822,,,0,60,,20823,,,0,20,,20824,,,0,20,,20825,,,0,61,,20826,,,0,19,,20827,,,0,20,,20828,,,0,60,,20829,,,0,20,,20830,,,0,20,,20831,,,0,60,,20832,,,0,20,,20833,,,0,20,,20834,,,0,60,,20835,,,0,20,,20836,,,0,20,,20837,,,0,60,,20838,,,0,20,,20839,,,0,20,,20840,,,0,60,,20841,,,0,20,,20842,,,0,20,,20843,,,0,60,,20844,,,0,20,,20845,,,0,20,,20846,,,0,60,,20847,,,0,20,,20848,,,0,20,,20849,,,0,60,,20850,,,0,20,,20851,,,0,20,,20852,,,0,60,,20853,,,0,20,,20854,,,0,20,,20855,,,0,60,,20856,,,0,20,,20857,,,0,20,,20858,,,0,60,,20859,,,0,20,,20860,,,0,20,,20861,,,0,60,,20862,,,0,20,,20863,,,0,20,,20864,,,0,60,,20865,,,0,20,,20866,,,0,20,,20867,,,0,60,,20868,,,0,20,,20869,,,0,20,,20870,,,0,60,,20871,,,0,20,,20872,,,0,20,,20873,,,0
2000701,'236.0.2',618,,20874,,,0,30,,20875,,,0,70,,20876,,,0,30,,20877,,,0,70,,20878,,,0,30,,20879,,,0,70,,20880,,,0,30,,20881,,,0,70,,20882,,,0,30,,20883,,,0,70,,20884,,,0,30,,20885,,,0,70,,20886,,,0,30,,20887,,,0,70,,20888,,,0,30,,20889,,,0,70,,20890,,,0,30,,20891,,,0,70,,20892,,,0,30,,20893,,,0,70,,20894,,,0,30,,20895,,,0,70,,20896,,,0,30,,20897,,,0,70,,20898,,,0,30,,20899,,,0,70,,20900,,,0,30,,20901,,,0,70,,20902,,,0,30,,20903,,,0,70,,20904,,,0,30,,20905,,,0,70,,20906,,,0,30,,20907,,,0,70,,20908,,,0,30,,20909,,,0
2000701,'236.0.3',610,,20910,,,0,15,,20911,,,0,15,,20912,,,0,15,,20913,,,0,55,,20914,,,0,15,,20915,,,0,15,,20916,,,0,19,,20917,,,0,59,,20918,,,0,15,,20919,,,0,15,,20920,,,0,55,,20921,,,0,14,,20922,,,0,13,,20923,,,0,15,,20924,,,0,55,,20925,,,0,15,,20926,,,0,15,,20927,,,0,15,,20928,,,0,55,,20929,,,0,15,,20930,,,0,15,,20931,,,0,15,,20932,,,0,55,,20933,,,0,15,,20934,,,0,15,,20935,,,0,15,,20936,,,0,55,,20937,,,0,15,,20938,,,0,15,,20939,,,0,15,,20940,,,0,55,,20941,,,0,15,,20942,,,0,15,,20943,,,0,15,,20944,,,0,55,,20945,,,0,15,,20946,,,0,17,,20947,,,0,15,,20948,,,0,55,,20949,,,0,15,,20950,,,0,15,,20951,,,0,15,,20952,,,0,55,,20953,,,0,15,,20954,,,0,15,,20955,,,0,12,,20956,,,0,14,,20957,,,0,55,,20958,,,0,15,,20959,,,0,15,,20960,,,0,15,,20961,,,0,52,,20962,,,0,13,,20963,,,0,15,,20964,,,0,15,,20965,,,0,55,,20966,,,0,15,,20967,,,0,15,,20968,,,0,15,,20969,,,0,55,,20970,,,0,15,,20971,,,0,15,,20972,,,0,15,,20973,,,0,55,,20974,,,0,15,,20975,,,0,15,,20976,,,0,15,,20977,,,0,55,,20978,,,0,30,,20979,,,0,70,,20980,,,0,30,,20981,,,0,70,,20982,,,0
2000901,'236.0.1',652,,21052,,,0,100,,21053,,,0,99,,21054,,,0,105,,21055,,,0,100,,21056,,,0,100,,21057,,,0,100,,21058,,,0,100,,21059,,,0,100,,21060,,,0,100,,21061,,,0,100,,21062,,,0,100,,21063,,,0,95,,21064,,,0,100,,21065,,,0,97,,21066,,,0,100,,21067,,,0,100,,21068,,,0,100,,21069,,,0,100,,21070,,,0
2000901,'236.0.2',646,,21071,,,0,100,,21072,,,0,98,,21073,,,0,105,,21074,,,0,100,,21075,,,0,104,,21076,,,0,100,,21077,,,0,100,,21078,,,0,100,,21079,,,0,100,,21080,,,0,100,,21081,,,0,100,,21082,,,0,100,,21083,,,0,100,,21084,,,0,92,,21085,,,0,100,,21086,,,0,100,,21087,,,0,97,,21088,,,0,100,,21089,,,0
2000901,'236.0.3',618,,21090,,,0,30,,21091,,,0,72,,21092,,,0,85,,21093,,,0,30,,21094,,,0,69,,21095,,,0,18,,21096,,,0,29,,21097,,,0,100,,21098,,,0,100,,21099,,,0,100,,21100,,,0,100,,21101,,,0,100,,21102,,,0,102,,21103,,,0,70,,21104,,,0,30,,21105,,,0,70,,21106,,,0,30,,21107,,,0,70,,21108,,,0,24,,21109,,,0,69,,21110,,,0,30,,21111,,,0,70,,21112,,,0,30,,21113,,,0,70,,21114,,,0,25,,21115,,,0,62,,21116,,,0,30,,21117,,,0,100,,21118,,,0,100,,21119,,,0
2001000,'236.0.1',642,,21122,,,0,85,,21123,,,0,30,,21124,,,0,70,,21125,,,0,30,,21126,,,0,70,,21127,,,0,32,,21128,,,0,70,,21129,,,0,30,,21130,,,0,72,,21131,,,0,70,,21132,,,0,30,,21133,,,0,70,,21134,,,0,30,,21135,,,0,70,,21136,,,0,30,,21137,,,0,70,,21138,,,0,30,,21139,,,0,70,,21140,,,0,30,,21141,,,0,70,,21142,,,0,30,,21143,,,0,70,,21144,,,0,30,,21145,,,0,28,,21146,,,0,70,,21147,,,0,30,,21148,,,0,85,,21149,,,0,99,,21150,,,0,100,,21151,,,0,100,,21152,,,0
2001000,'236.0.2',642,,21153,,,0,115,,21154,,,0,70,,21155,,,0,30,,21156,,,0,70,,21157,,,0,31,,21158,,,0,70,,21159,,,0,30,,21160,,,0,70,,21161,,,0,30,,21162,,,0,70,,21163,,,0,30,,21164,,,0,70,,21165,,,0,31,,21166,,,0,70,,21167,,,0,30,,21168,,,0,70,,21169,,,0,30,,21170,,,0,70,,21171,,,0,30,,21172,,,0,70,,21173,,,0,30,,21174,,,0,85,,21175,,,0,98,,21176,,,0,100,,21177,,,0,100,,21178,,,0,100,,21179,,,0,100,,21180,,,0,100,,21181,,,0
2001000,'236.0.3',555,,21182,,,0,91,,21183,,,0,60,,21184,,,0,20,,21185,,,0,20,,21186,,,0,62,,21187,,,0,21,,21188,,,0,20,,21189,,,0,60,,21190,,,0,37,,21191,,,0,70,,21192,,,0,30,,21193,,,0,70,,21194,,,0,30,,21195,,,0,70,,21196,,,0,30,,21197,,,0,70,,21198,,,0,30,,21199,,,0,65,,21200,,,0,17,,21201,,,0,20,,21202,,,0,60,,21203,,,0,20,,21204,,,0,23,,21205,,,0,60,,21206,,,0,20,,21207,,,0,20,,21208,,,0,60,,21209,,,0,19,,21210,,,0,20,,21211,,,0,60,,21212,,,0,16,,21213,,,0,23,,21214,,,0,60,,21215,,,0,24,,21216,,,0,70,,21217,,,0,30,,21218,,,0,70,,21219,,,0,30,,21220,,,0
2016800,'236.0.3',1523,,21524,,,0,32,,21525,,,0,70,,21526,,,0,31,,21527,,,0,70,,21528,,,0,28,,21529,,,0
3001000,'236.0.1',612,,21671,,,0,100,,21672,,,0,30,,21673,,,0,70,,21674,,,0,30,,21675,,,0,70,,21676,,,0,32,,21677,,,0,70,,21678,,,0,30,,21679,,,0,70,,21680,,,0,32,,21681,,,0,70,,21682,,,0,30,,21683,,,0,70,,21684,,,0,30,,21685,,,0,70,,21686,,,0,30,,21687,,,0,70,,21688,,,0,30,,21689,,,0,70,,21690,,,0,30,,21691,,,0,70,,21692,,,0,30,,21693,,,0,70,,21694,,,0,28,,21695,,,0,70,,21696,,,0,100,,21697,,,0,100,,21698,,,0,99,,21699,,,0,100,,21700,,,0,100,,21701,,,0
3001000,'236.0.2',612,,21703,,,0,100,,21704,,,0,30,,21705,,,0,70,,21706,,,0,30,,21707,,,0,70,,21708,,,0,30,,21709,,,0,71,,21710,,,0,30,,21711,,,0,70,,21712,,,0,30,,21713,,,0,70,,21714,,,0,30,,21715,,,0,70,,21716,,,0,30,,21717,,,0,71,,21718,,,0,30,,21719,,,0,70,,21720,,,0,30,,21721,,,0,70,,21722,,,0,30,,21723,,,0,70,,21724,,,0,30,,21725,,,0,70,,21726,,,0,100,,21727,,,0,98,,21728,,,0,100,,21729,,,0,100,,21730,,,0,100,,21731,,,0
3001000,'236.0.3',600,,21735,,,0,19,,21736,,,0,20,,21737,,,0,19,,21738,,,0,58,,21739,,,0,17,,21740,,,0,18,,21741,,,0,72,,21742,,,0,20,,21743,,,0,60,,21744,,,0,28,,21745,,,0,70,,21746,,,0,30,,21747,,,0,70,,21748,,,0,30,,21749,,,0,70,,21750,,,0,30,,21751,,,0,70,,21752,,,0,30,,21753,,,0,70,,21754,,,0,20,,21755,,,0,20,,21756,,,0,60,,21757,,,0,20,,21758,,,0,20,,21759,,,0,63,,21760,,,0,20,,21761,,,0,20,,21762,,,0,60,,21763,,,0,19,,21764,,,0,20,,21765,,,0,60,,21766,,,0,16,,21767,,,0,20,,21768,,,0,20,,21769,,,0,59,,21770,,,0,30,,21771,,,0,70,,21772,,,0,30,,21773,,,0,70,,21774,,,0,30,,21775,,,0,68,,21776,,,0,30,,21777,,,0,70,,21778,,,0,30,,21779,,,0,70,,21780,,,0
