8201,'236.0.1',642,,4962,6,,,0,100,,4963,6,,,0,100,,4964,6,,,0,100,,4965,6,,,0,100,,4966,6,,,0,100,,4967,6,,,0,100,,4968,6,,,0,100,,4969,6,,,0,100,,4970,6,,,0,100,,4971,6,,,0,100,,4972,6,,,0,100,,4973,6,,,0,100,,4974,6,,,0,100,,4975,6,,,0,100,,4976,6,,,0,100,,4977,6,,,0,100,,4978,6,,,0
8201,'236.0.2',643,,4979,6,,,0,100,,4980,6,,,0,100,,4981,6,,,0,100,,4982,6,,,0,100,,4983,6,,,0,100,,4984,6,,,0,100,,4985,6,,,0,100,,4986,6,,,0,100,,4987,6,,,0,100,,4988,6,,,0,100,,4989,6,,,0,100,,4990,6,,,0,100,,4991,6,,,0,100,,4992,6,,,0,100,,4993,6,,,0,100,,4994,6,,,0
8201,'236.0.3',848,,4995,6,,,0,100,,4996,6,,,0,100,,4997,6,,,0,100,,4998,6,,,0,100,,4999,6,,,0,100,,5000,6,,,0,100,,5001,6,,,0,99,,5002,6,,,0,67,,5003,6,,,0,30,,5004,6,,,0,70,,5005,6,,,0,30,,5006,6,,,0,70,,5007,6,,,0,35,,5008,6,,,0,100,,5009,6,,,0,100,,5010,6,,,0,100,,5011,6,,,0,100,,5012,6,,,0
8401,'236.0.1',603,,5180,6,,,0,100,,5181,6,,,0,100,,5182,6,,,0,100,,5183,6,,,0,100,,5184,6,,,0,100,,5185,6,,,0,100,,5186,6,,,0,100,,5187,6,,,0,100,,5188,6,,,0,100,,5189,6,,,0,100,,5190,6,,,0,100,,5191,6,,,0,100,,5192,6,,,0,100,,5193,6,,,0,100,,5194,6,,,0,100,,5195,6,,,0,100,,5196,6,,,0
8401,'236.0.2',608,,5197,6,,,0,100,,5198,6,,,0,100,,5199,6,,,0,100,,5200,6,,,0,100,,5201,6,,,0,100,,5202,6,,,0,100,,5203,6,,,0,100,,5204,6,,,0,100,,5205,6,,,0,100,,5206,6,,,0,100,,5207,6,,,0,100,,5208,6,,,0,100,,5209,6,,,0,100,,5210,6,,,0,100,,5211,6,,,0,100,,5212,6,,,0,100,,5213,6,,,0
8401,'236.0.3',508,,5214,6,,,0,30,,5215,6,,,0,70,,5216,6,,,0,15,,5217,6,,,0,15,,5245,6,,,0,15,,5218,6,,,0,55,,5219,6,,,0,15,,5220,6,,,0,15,,5221,6,,,0,15,,5222,6,,,0,55,,5223,6,,,0,15,,5224,6,,,0,15,,5225,6,,,0,15,,5246,6,,,0,55,,5226,6,,,0,100,,5227,6,,,0,100,,5228,6,,,0,100,,5229,6,,,0,100,,5230,6,,,0,100,,5231,6,,,0,100,,5232,6,,,0,30,,5233,6,,,0,70,,5234,6,,,0,30,,5235,6,,,0,70,,5236,6,,,0,30,,5237,6,,,0,70,,5238,6,,,0,100,,5239,6,,,0,100,,5240,6,,,0,100,,5241,6,,,0,100,,5242,6,,,0,100,,5243,6,,,0,100,,5244,6,,,0
8500,'236.0.1',619,,5247,6,,,0,100,,5248,6,,,0,101,,5249,6,,,0,100,,5250,6,,,0,100,,5251,6,,,0,101,,5252,6,,,0,100,,5253,6,,,0,100,,5254,6,,,0,100,,5255,6,,,0,99,,5256,6,,,0,100,,5257,6,,,0,100,,5258,6,,,0,99,,5259,6,,,0,100,,5260,6,,,0,100,,5261,6,,,0,100,,5262,6,,,0,100,,5263,6,,,0
8500,'236.0.2',624,,5264,6,,,0,100,,5265,6,,,0,101,,5266,6,,,0,100,,5267,6,,,0,100,,5268,6,,,0,100,,5269,6,,,0,100,,5270,6,,,0,100,,5271,6,,,0,100,,5272,6,,,0,100,,5273,6,,,0,100,,5274,6,,,0,100,,5275,6,,,0,100,,5276,6,,,0,99,,5277,6,,,0,100,,5278,6,,,0,100,,5279,6,,,0
8500,'236.0.3',536,,5280,6,,,0,15,,5302,6,,,0,55,,5281,6,,,0,15,,5282,6,,,0,15,,5283,6,,,0,15,,5284,6,,,0,55,,5285,6,,,0,15,,5286,6,,,0,14,,5287,6,,,0,15,,5288,6,,,0,55,,5289,6,,,0,15,,5303,6,,,0,17,,5290,6,,,0,100,,5291,6,,,0,100,,5292,6,,,0,101,,5293,6,,,0,100,,5294,6,,,0,100,,5295,6,,,0,100,,5296,6,,,0,100,,5297,6,,,0,415,,5298,6,,,0,100,,5299,6,,,0,100,,5300,6,,,0,100,,5301,6,,,0
8600,'236.0.1',614,,5363,6,,,0,100,,5364,6,,,0,100,,5365,6,,,0,100,,5366,6,,,0,100,,5367,6,,,0,100,,5368,6,,,0,100,,5369,6,,,0,100,,5370,6,,,0,100,,5371,6,,,0,100,,5372,6,,,0,100,,5373,6,,,0,101,,5374,6,,,0,100,,5375,6,,,0,100,,5376,6,,,0,100,,5377,6,,,0,100,,5378,6,,,0,100,,5379,6,,,0
8600,'236.0.2',620,,5380,6,,,0,100,,5381,6,,,0,100,,5382,6,,,0,100,,5383,6,,,0,100,,5384,6,,,0,100,,5385,6,,,0,100,,5386,6,,,0,100,,5387,6,,,0,100,,5388,6,,,0,100,,5389,6,,,0,100,,5390,6,,,0,100,,5391,6,,,0,100,,5392,6,,,0,100,,5393,6,,,0,100,,5394,6,,,0,100,,5395,6,,,0
8600,'236.0.3',534,,5396,6,,,0,67,,5397,6,,,0,30,,5398,6,,,0,69,,5399,6,,,0,29,,5400,6,,,0,28,,5401,6,,,0,65,,5402,6,,,0,100,,5403,6,,,0,100,,5404,6,,,0,100,,5405,6,,,0,100,,5406,6,,,0,100,,5407,6,,,0,100,,5408,6,,,0,101,,5409,6,,,0,419,,5410,6,,,0,100,,5411,6,,,0,100,,5412,6,,,0,100,,5413,6,,,0
18201,'236.0.3',525,,6194,6,,,0,15,,6195,6,,,0,15,,6196,6,,,0,55,,6197,6,,,0,15,,6198,6,,,0,13,,6199,6,,,0,14,,6200,6,,,0,55,,6206,6,,,0,15,,6201,6,,,0,15,,6202,6,,,0,15,,6203,6,,,0,55,,6205,6,,,0,15,,6204,6,,,0
18500,'236.0.3',1550,,6220,16,,,0,55,,6221,16,,,0,15,,6222,16,,,0,20,,6223,16,,,0,15,,6224,16,,,0,60,,6225,16,,,0,15,,6226,16,,,0,15,,6227,16,,,0,8,,6228,16,,,0,48,,6231,16,,,0,15,,6229,16,,,0,15,,6232,16,,,0,15,,6230,16,,,0,55,,6233,16,,,0
18600,'236.0.3',1555,,6246,16,,,0,75,,6247,16,,,0,74,,6248,16,,,0,29,,6251,16,,,0,22,,6249,16,,,0,66,,6250,16,,,0
