501,'236.0.1',614,,1559,14,,,0,20,,1560,14,,,0,20,,1561,14,,,0,60,,1562,14,,,0,20,,1563,14,,,0,20,,1564,14,,,0,60,,1565,14,,,0,20,,1566,14,,,0,20,,1567,14,,,0,60,,1568,14,,,0,20,,1569,14,,,0,20,,1570,14,,,0,64,,1571,14,,,0,20,,1572,14,,,0,20,,1573,14,,,0,60,,1574,14,,,0,20,,1575,14,,,0,20,,1576,14,,,0,60,,1577,14,,,0,20,,1578,14,,,0,20,,1579,14,,,0,60,,1580,14,,,0,20,,1581,14,,,0,20,,1582,14,,,0,60,,1583,14,,,0,20,,1584,14,,,0,20,,1585,14,,,0,60,,1586,14,,,0,20,,1587,14,,,0,20,,1588,14,,,0,59,,1589,14,,,0,20,,1590,14,,,0,20,,1591,14,,,0,60,,1592,14,,,0,20,,1593,14,,,0,20,,1594,14,,,0,60,,1595,14,,,0,20,,1596,14,,,0,20,,1597,14,,,0,60,,1598,14,,,0,20,,1599,14,,,0,20,,1600,14,,,0,57,,1601,14,,,0,20,,1602,14,,,0,20,,1603,14,,,0,60,,1604,14,,,0,20,,1605,14,,,0,20,,1606,14,,,0,60,,1607,14,,,0,30,,1608,14,,,0,70,,1609,14,,,0,30,,1610,14,,,0,70,,1611,14,,,0,30,,1612,14,,,0
501,'236.0.2',614,,1613,14,,,0,30,,1614,14,,,0,70,,1615,14,,,0,30,,1616,14,,,0,70,,1617,14,,,0,30,,1618,14,,,0,70,,1619,14,,,0,30,,1620,14,,,0,70,,1621,14,,,0,33,,1622,14,,,0,69,,1623,14,,,0,30,,1624,14,,,0,70,,1625,14,,,0,31,,1626,14,,,0,68,,1627,14,,,0,30,,1628,14,,,0,70,,1629,14,,,0,30,,1630,14,,,0,71,,1631,14,,,0,30,,1632,14,,,0,70,,1633,14,,,0,30,,1634,14,,,0,70,,1635,14,,,0,30,,1636,14,,,0,70,,1637,14,,,0,30,,1638,14,,,0,70,,1639,14,,,0,30,,1640,14,,,0,70,,1641,14,,,0,30,,1642,14,,,0,70,,1643,14,,,0,27,,1644,14,,,0,70,,1645,14,,,0,30,,1646,14,,,0,70,,1647,14,,,0,30,,1648,14,,,0
501,'236.0.3',516,,1649,14,,,0,30,,1650,14,,,0,70,,1651,14,,,0,15,,1652,14,,,0,15,,1653,14,,,0,55,,1654,14,,,0,15,,1655,14,,,0,22,,1656,14,,,0,15,,1657,14,,,0,55,,1658,14,,,0,15,,1659,14,,,0,15,,1660,14,,,0,15,,1661,14,,,0,52,,1662,14,,,0,13,,1663,14,,,0,15,,1664,14,,,0,15,,1665,14,,,0,55,,1666,14,,,0,15,,1667,14,,,0,15,,1668,14,,,0,15,,1669,14,,,0,55,,1670,14,,,0,15,,1671,14,,,0,15,,1672,14,,,0,15,,1673,14,,,0,55,,1674,14,,,0,15,,1675,14,,,0,15,,1676,14,,,0,15,,1677,14,,,0,55,,1678,14,,,0,15,,1679,14,,,0,15,,1680,14,,,0,15,,1681,14,,,0,55,,1682,14,,,0,15,,1683,14,,,0,15,,1684,14,,,0,15,,1685,14,,,0,55,,1686,14,,,0,15,,1687,14,,,0,15,,1688,14,,,0,15,,1689,14,,,0,55,,1690,14,,,0,15,,1691,14,,,0,15,,1692,14,,,0,15,,1693,14,,,0,55,,1694,14,,,0,15,,1695,14,,,0,15,,1696,14,,,0,15,,1697,14,,,0,55,,1698,14,,,0,15,,1699,14,,,0,14,,1700,14,,,0,12,,1701,14,,,0,60,,1702,14,,,0,20,,1703,14,,,0,20,,1704,14,,,0,60,,1705,14,,,0,20,,1706,14,,,0,20,,1707,14,,,0,60,,1708,14,,,0,20,,1709,14,,,0,20,,1710,14,,,0,60,,1711,14,,,0,30,,1712,14,,,0,70,,1713,14,,,0,30,,1714,14,,,0,70,,1715,14,,,0,30,,1716,14,,,0
5300,'236.0.1',608,,3249,4,,,0,30,,3250,4,,,0,70,,3251,4,,,0,30,,3252,4,,,0,70,,3253,4,,,0,30,,3254,4,,,0,70,,3255,4,,,0,30,,3256,4,,,0,70,,3257,4,,,0,30,,3258,4,,,0,70,,3259,4,,,0,30,,3260,4,,,0,70,,3261,4,,,0,30,,3262,4,,,0,70,,3263,4,,,0,30,,3264,4,,,0,70,,3265,4,,,0,30,,3266,4,,,0,70,,3267,4,,,0,30,,3268,4,,,0,70,,3269,4,,,0,30,,3270,4,,,0,70,,3271,4,,,0,30,,3272,4,,,0,70,,3273,4,,,0,30,,3274,4,,,0,70,,3275,4,,,0,30,,3276,4,,,0,70,,3277,4,,,0,30,,3278,4,,,0,70,,3279,4,,,0,30,,3280,4,,,0,70,,3281,4,,,0,100,,3282,4,,,0
5300,'236.0.2',708,,3283,4,,,0,100,,3284,4,,,0,100,,3285,4,,,0,100,,3286,4,,,0,100,,3287,4,,,0,100,,3288,4,,,0,100,,3289,4,,,0,100,,3290,4,,,0,100,,3291,4,,,0,100,,3292,4,,,0,100,,3293,4,,,0,100,,3294,4,,,0,100,,3295,4,,,0,100,,3296,4,,,0,100,,3297,4,,,0,100,,3298,4,,,0
5300,'236.0.3',607,,3299,4,,,0,30,,3300,4,,,0,71,,3301,4,,,0,30,,3302,4,,,0,70,,3303,4,,,0,30,,3304,4,,,0,70,,3305,4,,,0,30,,3306,4,,,0,70,,3307,4,,,0,30,,3308,4,,,0,70,,3309,4,,,0,30,,3310,4,,,0,70,,3311,4,,,0,30,,3312,4,,,0,70,,3313,4,,,0,30,,3314,4,,,0,70,,3315,4,,,0,30,,3316,4,,,0,70,,3317,4,,,0,30,,3318,4,,,0,70,,3319,4,,,0,30,,3320,4,,,0,70,,3321,4,,,0,30,,3322,4,,,0,70,,3323,4,,,0,30,,3324,4,,,0,70,,3325,4,,,0,30,,3326,4,,,0,70,,3327,4,,,0,30,,3328,4,,,0,70,,3329,4,,,0,100,,3330,4,,,0,100,,3331,4,,,0,100,,3332,4,,,0
5401,'236.0.1',650,,3472,31,,,0,100,,3473,31,,,0,100,,3474,31,,,0,100,,3475,31,,,0,108,,3476,31,,,0,100,,3477,31,,,0,100,,3478,31,,,0,100,,3479,31,,,0,100,,3480,31,,,0,99,,3481,31,,,0,100,,3482,31,,,0,100,,3483,31,,,0,95,,3484,31,,,0,100,,3485,31,,,0,100,,3486,31,,,0,100,,3487,31,,,0,100,,3488,31,,,0
5401,'236.0.2',851,,3489,31,,,0,100,,3490,31,,,0,107,,3491,31,,,0,100,,3492,31,,,0,99,,3493,31,,,0,100,,3494,31,,,0,99,,3495,31,,,0,99,,3496,31,,,0,100,,3497,31,,,0,100,,3498,31,,,0,96,,3499,31,,,0,100,,3500,31,,,0,100,,3501,31,,,0,100,,3502,31,,,0
5401,'236.0.3',654,,3503,31,,,0,74,,3504,31,,,0,27,,3505,31,,,0,70,,3506,31,,,0,30,,3507,31,,,0,70,,3508,31,,,0,75,,3509,31,,,0,100,,3510,31,,,0,100,,3511,31,,,0,104,,3512,31,,,0,100,,3513,31,,,0,102,,3514,31,,,0,100,,3515,31,,,0,30,,3516,31,,,0,75,,3517,31,,,0,27,,3518,31,,,0,70,,3519,31,,,0,24,,3520,31,,,0,69,,3521,31,,,0,30,,3522,31,,,0,70,,3523,31,,,0,30,,3524,31,,,0,70,,3525,31,,,0,100,,3526,31,,,0
5501,'236.0.1',811,,3577,30,,,0,102,,3578,30,,,0,101,,3579,30,,,0,103,,3580,30,,,0,100,,3581,30,,,0,100,,3582,30,,,0,100,,3583,30,,,0,100,,3584,30,,,0,100,,3585,30,,,0,100,,3586,30,,,0,98,,3587,30,,,0,100,,3588,30,,,0,97,,3589,30,,,0,100,,3590,30,,,0,100,,3591,30,,,0
5501,'236.0.2',812,,3592,30,,,0,100,,3593,30,,,0,102,,3594,30,,,0,103,,3595,30,,,0,100,,3596,30,,,0,100,,3597,30,,,0,100,,3598,30,,,0,100,,3599,30,,,0,100,,3600,30,,,0,100,,3601,30,,,0,98,,3602,30,,,0,97,,3603,30,,,0,100,,3604,30,,,0,100,,3605,30,,,0,100,,3606,30,,,0
5501,'236.0.3',702,,3607,30,,,0,32,,3625,30,,,0,71,,3608,30,,,0,32,,3609,30,,,0,100,,3610,30,,,0,85,,3611,30,,,0,100,,3612,30,,,0,100,,3613,30,,,0,103,,3614,30,,,0,100,,3615,30,,,0,100,,3616,30,,,0,85,,3617,30,,,0,100,,3618,30,,,0,33,,3626,30,,,0,68,,3619,30,,,0,23,,3620,30,,,0,75,,3621,30,,,0,99,,3622,30,,,0,110,,3623,30,,,0,100,,3624,30,,,0
6201,'236.0.1',746,,4206,29,0,12 7,0,100,,4207,29,0,12 7,0,101,,4208,29,0,12 7,0,102,,4209,29,0,12 7,0,100,,4210,29,0,12 7,0,100,,4211,29,0,12 7,0,100,,4212,29,0,12 7,0,100,,4213,29,0,12 7,0,100,,4214,29,0,12 7,0,100,,4215,29,0,12 7,0,100,,4216,29,0,12 7,0,98,,4217,29,0,12 7,0,98,,4218,29,0,12 7,0,100,,4219,29,0,12 7,0,100,,4220,29,0,12 7,0,100,,4221,29,0,12 7,0
6201,'236.0.2',743,,4222,29,0,12 7,0,100,,4223,29,0,12 7,0,101,,4224,29,0,12 7,0,104,,4225,29,0,12 7,0,100,,4226,29,0,12 7,0,100,,4227,29,0,12 7,0,100,,4228,29,0,12 7,0,100,,4229,29,0,12 7,0,100,,4230,29,0,12 7,0,98,,4231,29,0,12 7,0,100,,4232,29,0,12 7,0,97,,4233,29,0,12 7,0,99,,4234,29,0,12 7,0,100,,4235,29,0,12 7,0,100,,4236,29,0,12 7,0,100,,4237,29,0,12 7,0
6201,'236.0.3',655,,4238,29,0,12 7,0,72,,4239,29,0,12 7,0,30,,4240,29,0,12 7,0,70,,4241,29,0,12 7,0,30,,4242,29,0,12 7,0,71,,4243,29,0,12 7,0,30,,4244,29,0,12 7,0,100,,4245,29,0,12 7,0,100,,4246,29,0,12 7,0,100,,4247,29,0,12 7,0,100,,4248,29,0,12 7,0,100,,4249,29,0,12 7,0,143,,4250,29,0,12 7,0,30,,4251,29,0,12 7,0,70,,4252,29,0,12 7,0,30,,4253,29,0,12 7,0,70,,4254,29,0,12 7,0,28,,4255,29,0,12 7,0,27,,4256,29,0,12 7,0,70,,4257,29,0,12 7,0,100,,4258,29,0,12 7,0,100,,4259,29,0,12 7,0,100,,4260,29,0,12 7,0
15801,'236.0.3',719,,6133,26,,,0,31,,6136,26,,,0,70,,6134,26,,,0,29,,6135,26,,,0
15901,'236.0.3',610,,6146,26,,,0,20,,6154,26,,,0,20,,6147,26,,,0,60,,6148,26,,,0,22,,6149,26,,,0,21,,6150,26,,,0,61,,6151,26,,,0,20,,6152,26,,,0,18,,6153,26,,,0
16100,'236.0.3',614,,6155,39,,,0,30,,6156,39,,,0,70,,6157,39,,,0,32,,6158,39,,,0,72,,6159,39,,,0,29,,6160,39,,,0
16501,'236.0.3',631,,6173,28,,,0,70,,6174,28,,,0,32,,6175,28,,,0,73,,6176,28,,,0,31,,6177,28,,,0,70,,6178,28,,,0
1000600,'236.0.3',533,,6503,15,,,0,70,,6504,15,,,0,30,,6505,15,,,0,70,,6506,15,,,0,31,,6507,15,,,0,70,,6508,15,,,0,30,,6509,15,,,0,70,,6510,15,,,0,30,,6511,15,,,0,17,,6512,15,,,0,70,,6513,15,,,0,30,,6514,15,,,0,70,,6515,15,,,0,30,,6516,15,,,0,70,,6517,15,,,0,30,,6518,15,,,0,70,,6519,15,,,0,30,,6520,15,,,0,70,,6521,15,,,0,30,,6522,15,,,0,70,,6523,15,,,0,15,,6524,15,,,0,70,,6525,15,,,0,30,,6526,15,,,0,69,,6527,15,,,0,30,,6528,15,,,0,69,,6529,15,,,0,30,,6530,15,,,0
1016801,'236.0.3',636,,7465,29,,,0,70,,7466,29,,,0,32,,7467,29,,,0,72,,7468,29,,,0,29,,7469,29,,,0,68,,7470,29,,,0
2000600,'236.0.1',553,,7471,43,,,0,100,,7472,43,,,0,100,,7473,43,,,0,100,,7474,43,,,0,100,,7475,43,,,0,103,,7476,43,,,0,100,,7477,43,,,0,102,,7478,43,,,0,100,,7479,43,,,0,100,,7480,43,,,0,100,,7481,43,,,0,98,,7482,43,,,0,100,,7483,43,,,0,99,,7484,43,,,0,98,,7485,43,,,0,100,,7486,43,,,0,100,,7487,43,,,0,97,,7488,43,,,0,100,,7489,43,,,0,100,,7490,43,,,0
2000600,'236.0.2',548,,7491,43,,,0,103,,7492,43,,,0,100,,7493,43,,,0,100,,7494,43,,,0,100,,7495,43,,,0,102,,7496,43,,,0,101,,7497,43,,,0,100,,7498,43,,,0,101,,7499,43,,,0,100,,7500,43,,,0,99,,7501,43,,,0,100,,7502,43,,,0,100,,7503,43,,,0,100,,7504,43,,,0,100,,7505,43,,,0,98,,7506,43,,,0,100,,7507,43,,,0,96,,7508,43,,,0,100,,7509,43,,,0,100,,7510,43,,,0
2000600,'236.0.3',601,,7511,43,,,0,11,,7512,43,,,0,26,,7513,45,,,0,71,,7514,45,,,0,32,,7515,45,,,0,72,,7516,45,,,0,29,,7517,45,,,0,70,,7518,45,,,0,30,,7519,45,,,0,65,,7520,45,,,0,100,,7521,45,,,0,100,,7522,45,,,0,101,,7523,45,,,0,100,,7524,45,,,0,100,,7525,45,,,0,105,,7526,45,,,0,30,,7527,45,,,0,68,,7528,45,,,0,30,,7529,45,,,0,69,,7530,45,,,0,29,,7531,45,,,0,69,,7532,45,,,0,96,,7533,45,,,0,100,,7534,45,,,0,98,,7535,43,,,0,57,,7536,43,,,0,100,,7537,43,,,0,100,,7538,43,,,0
2016801,'236.0.3',623,,8480,34,,,0,30,,8481,34,,,0,71,,8482,34,,,0,32,,8483,34,,,0,71,,8484,34,,,0,30,,8485,34,,,0
3000600,'236.0.1',624,,8486,43,,,0,103,,8487,43,,,0,100,,8488,43,,,0,102,,8489,43,,,0,101,,8490,43,,,0,101,,8491,43,,,0,100,,8492,43,,,0,102,,8493,43,,,0,100,,8494,43,,,0,100,,8495,43,,,0,98,,8496,43,,,0,100,,8497,43,,,0,99,,8498,43,,,0,100,,8499,43,,,0,98,,8500,43,,,0,98,,8501,43,,,0,99,,8502,43,,,0,100,,8503,43,,,0,100,,8504,43,,,0,100,,8505,43,,,0
3000600,'236.0.2',623,,8506,43,,,0,103,,8507,43,,,0,100,,8508,43,,,0,100,,8509,43,,,0,100,,8510,43,,,0,102,,8511,43,,,0,102,,8512,43,,,0,101,,8513,43,,,0,100,,8514,43,,,0,100,,8515,43,,,0,98,,8516,43,,,0,100,,8517,43,,,0,100,,8518,43,,,0,100,,8519,43,,,0,100,,8520,43,,,0,98,,8521,43,,,0,97,,8522,43,,,0,100,,8523,43,,,0,100,,8524,43,,,0,100,,8525,43,,,0
3000600,'236.0.3',627,,8526,45,,,0,30,,8527,45,,,0,70,,8528,45,,,0,30,,8529,45,,,0,70,,8530,45,,,0,30,,8531,45,,,0,73,,8532,45,,,0,70,,8533,45,,,0,41,,8534,45,,,0,100,,8535,45,,,0,100,,8536,45,,,0,101,,8537,45,,,0,100,,8538,45,,,0,100,,8539,45,,,0,90,,8540,45,,,0,68,,8541,45,,,0,30,,8542,45,,,0,70,,8543,45,,,0,28,,8544,45,,,0,27,,8545,45,,,0,69,,8546,45,,,0,116,,8547,45,,,0,100,,8548,45,,,0,100,,8549,45,,,0,95,,8550,43,,,0,100,,8551,43,,,0,100,,8552,43,,,0
