8200,'236.0.1',625,,4912,30,,,0,100,,4913,30,,,0,100,,4914,30,,,0,100,,4915,30,,,0,100,,4916,30,,,0,100,,4917,30,,,0,100,,4918,30,,,0,100,,4919,30,,,0,100,,4920,30,,,0,100,,4921,30,,,0,100,,4922,30,,,0,100,,4923,30,,,0,100,,4924,30,,,0,100,,4925,30,,,0,100,,4926,30,,,0,100,,4927,30,,,0,100,,4928,30,,,0
8200,'236.0.2',627,,4929,30,,,0,100,,4930,30,,,0,100,,4931,30,,,0,100,,4932,30,,,0,100,,4933,30,,,0,100,,4934,30,,,0,100,,4935,30,,,0,100,,4936,30,,,0,100,,4937,30,,,0,100,,4938,30,,,0,100,,4939,30,,,0,100,,4940,30,,,0,100,,4941,30,,,0,100,,4942,30,,,0,100,,4943,30,,,0,100,,4944,30,,,0
8200,'236.0.3',614,,4945,30,,,0,26,,4946,30,,,0,69,,4947,30,,,0,30,,4948,30,,,0,70,,4949,30,,,0,92,,4950,30,,,0,28,,4951,30,,,0,100,,4952,30,,,0,100,,4953,30,,,0,100,,4954,30,,,0,100,,4955,30,,,0,100,,4956,30,,,0,103,,4957,30,,,0,426,,4958,30,,,0,100,,4959,30,,,0,100,,4960,30,,,0,100,,4961,30,,,0
8400,'236.0.1',708,,5114,29,,,0,100,,5115,29,,,0,100,,5116,29,,,0,100,,5117,29,,,0,102,,5118,29,,,0,97,,5119,29,,,0,100,,5120,29,,,0,100,,5121,29,,,0,100,,5122,29,,,0,100,,5123,29,,,0,100,,5124,29,,,0,100,,5125,29,,,0,96,,5126,29,,,0,105,,5127,29,,,0,100,,5128,29,,,0,100,,5129,29,,,0,100,,5130,29,,,0
8400,'236.0.2',713,,5131,29,,,0,100,,5132,29,,,0,100,,5133,29,,,0,100,,5134,29,,,0,101,,5135,29,,,0,96,,5136,29,,,0,100,,5137,29,,,0,100,,5138,29,,,0,100,,5139,29,,,0,100,,5140,29,,,0,103,,5141,29,,,0,100,,5142,29,,,0,100,,5143,29,,,0,100,,5144,29,,,0,99,,5145,29,,,0,100,,5146,29,,,0,100,,5147,29,,,0
8400,'236.0.3',620,,5178,29,,,0,30,,5148,29,,,0,70,,5149,29,,,0,31,,5150,29,,,0,71,,5151,29,,,0,30,,5152,29,,,0,70,,5153,29,,,0,102,,5154,29,,,0,100,,5155,29,,,0,100,,5156,29,,,0,100,,5157,29,,,0,100,,5158,29,,,0,107,,5159,29,,,0,70,,5160,29,,,0,15,,5161,29,,,0,15,,5162,29,,,0,15,,5163,29,,,0,55,,5164,29,,,0,15,,5165,29,,,0,15,,5166,29,,,0,12,,5167,29,,,0,14,,5168,29,,,0,55,,5169,29,,,0,12,,5170,29,,,0,15,,5179,29,,,0,13,,5171,29,,,0,98,,5172,29,,,0,100,,5173,29,,,0,100,,5174,29,,,0,100,,5175,29,,,0,103,,5176,29,,,0,103,,5177,29,,,0
8601,'236.0.1',644,,5414,17,,,0,100,,5415,17,,,0,100,,5416,17,,,0,102,,5417,17,,,0,100,,5418,17,,,0,100,,5419,17,,,0,100,,5420,17,,,0,101,,5421,17,,,0,100,,5422,17,,,0,100,,5423,17,,,0,98,,5424,17,,,0,100,,5425,17,,,0,100,,5426,17,,,0,100,,5427,17,,,0,100,,5428,17,,,0,100,,5429,17,,,0,100,,5430,17,,,0
8601,'236.0.2',650,,5431,17,,,0,100,,5432,17,,,0,100,,5433,17,,,0,101,,5434,17,,,0,100,,5435,17,,,0,100,,5436,17,,,0,100,,5437,17,,,0,100,,5438,17,,,0,99,,5439,17,,,0,100,,5440,17,,,0,100,,5441,17,,,0,100,,5442,17,,,0,100,,5443,17,,,0,100,,5444,17,,,0,100,,5445,17,,,0,100,,5446,17,,,0
8601,'236.0.3',854,,5447,17,,,0,100,,5448,17,,,0,100,,5449,17,,,0,100,,5450,17,,,0,100,,5451,17,,,0,100,,5452,17,,,0,100,,5453,17,,,0,104,,5454,17,,,0,71,,5455,17,,,0,75,,5456,17,,,0,34,,5457,17,,,0,68,,5458,17,,,0,22,,5459,17,,,0,25,,5460,17,,,0,160,,5461,17,,,0,100,,5462,17,,,0,100,,5463,17,,,0,100,,5464,17,,,0
18200,'236.0.3',1552,,6179,51,,,0,55,,6180,51,,,0,17,,6181,51,,,0,18,,6182,51,,,0,14,,6183,51,,,0,57,,6184,51,,,0,14,,6185,51,,,0,11,,6186,51,,,0,12,,6187,51,,,0,55,,6188,51,,,0,11,,6189,51,,,0,15,,6190,51,,,0,15,,6192,51,,,0,54,,6191,51,,,0,16,,6193,51,,,0
18601,'236.0.3',602,,6252,17,,,0,30,,6253,17,,,0,70,,6254,17,,,0,30,,6255,17,,,0,70,,6256,17,,,0,30,,6257,17,,,0
