13501,'220.0.3',1534,,8803,,,0,70,,8804,,,0,30,,8805,,,0,70,,8806,,,0,30,,8807,,,0,70,,8808,,,0,28,,8809,,,0
13501,'220.0.4',1534,,8810,,,0,70,,8811,,,0,30,,8812,,,0,70,,8813,,,0,30,,8814,,,0,70,,8815,,,0,28,,8816,,,0
13601,'220.0.3',1524,,8833,,,0,30,,8834,,,0,72,,8835,,,0,15,,8836,,,0,15,,8837,,,0,70,,8838,,,0,27,,8839,,,0,70,,8840,,,0
13601,'220.0.4',1524,,8841,,,0,30,,8842,,,0,72,,8843,,,0,15,,8844,,,0,15,,8845,,,0,70,,8846,,,0,27,,8847,,,0,70,,8848,,,0
13701,'220.0.3',1545,,8861,,,0,70,,8862,,,0,30,,8863,,,0,70,,8864,,,0,28,,8865,,,0,70,,8866,,,0
13701,'220.0.4',1545,,8867,,,0,70,,8868,,,0,30,,8869,,,0,70,,8870,,,0,28,,8871,,,0,70,,8872,,,0
13801,'220.0.3',1549,,8887,,,0,71,,8888,,,0,31,,8889,,,0,70,,8890,,,0,27,,8891,,,0,70,,8892,,,0,20,,8893,,,0
13801,'220.0.4',1549,,8894,,,0,71,,8895,,,0,31,,8896,,,0,70,,8897,,,0,27,,8898,,,0,70,,8899,,,0,20,,8900,,,0
19200,'220.0.3',1531,,9159,,,0,70,,9160,,,0,30,,9161,,,0,70,,9162,,,0,30,,9163,,,0,70,,9164,,,0
19200,'220.0.4',1531,,9165,,,0,70,,9166,,,0,30,,9167,,,0,70,,9168,,,0,30,,9169,,,0,70,,9170,,,0
19401,'220.0.3',1552,,9191,,,0,71,,9192,,,0,31,,9193,,,0,69,,9194,,,0
19401,'220.0.4',1552,,9195,,,0,71,,9196,,,0,31,,9197,,,0,69,,9198,,,0
19600,'220.0.3',1552,,9199,,,0,70,,9200,,,0,30,,9201,,,0,71,,9202,,,0
19600,'220.0.4',1552,,9203,,,0,70,,9204,,,0,30,,9205,,,0,71,,9206,,,0
