5400,'236.0.1',613,,3417,18,,,0,100,,3418,18,,,0,100,,3419,18,,,0,100,,3420,18,,,0,101,,3421,18,,,0,100,,3422,18,,,0,100,,3423,18,,,0,100,,3424,18,,,0,100,,3425,18,,,0,100,,3426,18,,,0,100,,3427,18,,,0,100,,3428,18,,,0,99,,3429,18,,,0,100,,3430,18,,,0,100,,3431,18,,,0,100,,3432,18,,,0,100,,3433,18,,,0
5400,'236.0.2',813,,3434,18,,,0,100,,3435,18,,,0,101,,3436,18,,,0,100,,3437,18,,,0,100,,3438,18,,,0,100,,3439,18,,,0,100,,3440,18,,,0,100,,3441,18,,,0,100,,3442,18,,,0,100,,3443,18,,,0,99,,3444,18,,,0,100,,3445,18,,,0,100,,3446,18,,,0,100,,3447,18,,,0
5400,'236.0.3',614,,3448,18,,,0,28,,3449,18,,,0,70,,3450,18,,,0,30,,3451,18,,,0,70,,3452,18,,,0,31,,3453,18,,,0,75,,3454,18,,,0,100,,3455,18,,,0,100,,3456,18,,,0,102,,3457,18,,,0,100,,3458,18,,,0,100,,3459,18,,,0,100,,3460,18,,,0,30,,3461,18,,,0,70,,3462,18,,,0,29,,3463,18,,,0,70,,3464,18,,,0,27,,3465,18,,,0,71,,3466,18,,,0,30,,3467,18,,,0,70,,3468,18,,,0,30,,3469,18,,,0,70,,3470,18,,,0,100,,3471,18,,,0
6700,'236.0.1',758,,4539,4,,,0,100,,4540,4,,,0,144,,4541,4,,,0,101,,4542,4,,,0,100,,4543,4,,,0,100,,4544,4,,,0,100,,4545,4,,,0,100,,4546,4,,,0,100,,4547,4,,,0,100,,4548,4,,,0,100,,4549,4,,,0,56,,4550,4,,,0,99,,4551,4,,,0,100,,4552,4,,,0,100,,4553,4,,,0,100,,4554,4,,,0
6700,'236.0.2',756,,4555,4,,,0,100,,4556,4,,,0,100,,4557,4,,,0,146,,4558,4,,,0,100,,4559,4,,,0,100,,4560,4,,,0,100,,4561,4,,,0,100,,4562,4,,,0,100,,4563,4,,,0,100,,4564,4,,,0,57,,4565,4,,,0,100,,4566,4,,,0,100,,4567,4,,,0,100,,4568,4,,,0,97,,4569,4,,,0,100,,4570,4,,,0
6700,'236.0.3',609,,4571,4,,,0,30,,4572,4,,,0,70,,4573,4,,,0,30,,4574,4,,,0,70,,4575,4,,,0,30,,4576,4,,,0,70,,4577,4,,,0,100,,4578,4,,,0,98,,4579,4,,,0,100,,4580,4,,,0,100,,4581,4,,,0,100,,4582,4,,,0,99,,4583,4,,,0,30,,4584,4,,,0,70,,4585,4,,,0,30,,4586,4,,,0,70,,4587,4,,,0,31,,4588,4,,,0,73,,4589,4,,,0,30,,4590,4,,,0,100,,4591,4,,,0,100,,4592,4,,,0,100,,4593,4,,,0,100,,4594,4,,,0
7201,'236.0.1',647,,4834,14,,,0,77,,4835,34,,,0,30,,4836,34,,,0,70,,4837,34,,,0,30,,4838,34,,,0,70,,4839,34,,,0,30,,4840,34,,,0,76,,4841,34,,,0,70,,4842,34,,,0,30,,4843,34,,,0,76,,4844,34,,,0,30,,4845,34,,,0,70,,4846,34,,,0,30,,4847,34,,,0,70,,4848,34,,,0,30,,4849,34,,,0,70,,4850,34,,,0,30,,4851,34,,,0,70,,4852,34,,,0,30,,4853,34,,,0,70,,4854,34,,,0,30,,4855,34,,,0,70,,4856,34,,,0,26,,4857,34,,,0,25,,4858,34,,,0,70,,4859,34,,,0,100,,4860,34,,,0,100,,4861,34,,,0,100,,4862,34,,,0,100,,4863,34,,,0,100,,4864,34,,,0
7201,'236.0.2',723,,4865,14,,,0,100,,4866,34,,,0,100,,4867,34,,,0,100,,4868,34,,,0,104,,4869,34,,,0,106,,4870,34,,,0,100,,4871,34,,,0,100,,4872,34,,,0,100,,4873,34,,,0,100,,4874,34,,,0,100,,4875,34,,,0,96,,4876,34,,,0,100,,4877,34,,,0,92,,4878,34,,,0,100,,4879,34,,,0,100,,4880,34,,,0,100,,4881,34,,,0
7201,'236.0.3',659,,4882,34,,,0,70,,4883,34,,,0,30,,4884,34,,,0,73,,4885,34,,,0,72,,4886,34,,,0,32,,4887,34,,,0,70,,4888,34,,,0,28,,4889,34,,,0,70,,4890,34,,,0,30,,4891,34,,,0,70,,4892,34,,,0,30,,4893,34,,,0,70,,4894,34,,,0,30,,4895,34,,,0,70,,4896,34,,,0,30,,4897,34,,,0,73,,4898,34,,,0,30,,4899,34,,,0,71,,4900,34,,,0,31,,4901,34,,,0,70,,4902,34,,,0,30,,4903,34,,,0,70,,4904,34,,,0,29,,4905,34,,,0,64,,4906,34,,,0,24,,4907,34,,,0,100,,4908,34,,,0,100,,4909,34,,,0,100,,4910,34,,,0,100,,4911,34,,,0
37000,'236.0.3',1408,,6440,3,,,0,130,,6441,3,,,0,69,,6442,3,,,0,32,,6443,3,,,0,71,,6444,3,,,0,27,,6445,3,,,0,105,,6446,3,,,0
3001000,'236.0.1',635,,8621,38,,,0,100,,8622,38,,,0,70,,8623,38,,,0,30,,8624,38,,,0,70,,8625,38,,,0,31,,8626,38,,,0,73,,8627,38,,,0,30,,8628,38,,,0,70,,8629,38,,,0,31,,8630,38,,,0,73,,8631,38,,,0,30,,8632,38,,,0,70,,8633,38,,,0,30,,8634,38,,,0,70,,8635,38,,,0,30,,8636,38,,,0,70,,8637,38,,,0,30,,8638,38,,,0,70,,8639,38,,,0,30,,8640,38,,,0,70,,8641,38,,,0,30,,8642,38,,,0,70,,8643,38,,,0,29,,8644,38,,,0,68,,8645,38,,,0,30,,8646,38,,,0,100,,8647,38,,,0,100,,8648,38,,,0,96,,8649,38,,,0,100,,8650,38,,,0,100,,8651,38,,,0
3001000,'236.0.2',633,,8653,38,,,0,100,,8654,38,,,0,70,,8655,38,,,0,30,,8656,38,,,0,70,,8657,38,,,0,30,,8658,38,,,0,70,,8659,38,,,0,34,,8660,38,,,0,70,,8661,38,,,0,30,,8662,38,,,0,70,,8663,38,,,0,30,,8664,38,,,0,70,,8665,38,,,0,30,,8666,38,,,0,70,,8667,38,,,0,33,,8668,38,,,0,70,,8669,38,,,0,30,,8670,38,,,0,70,,8671,38,,,0,30,,8672,38,,,0,70,,8673,38,,,0,30,,8674,38,,,0,70,,8675,38,,,0,30,,8676,38,,,0,100,,8677,38,,,0,96,,8678,38,,,0,100,,8679,38,,,0,100,,8680,38,,,0,100,,8681,38,,,0
3001000,'236.0.3',625,,8685,38,,,0,19,,8686,38,,,0,60,,8687,38,,,0,19,,8688,38,,,0,18,,8689,38,,,0,17,,8690,38,,,0,60,,8691,38,,,0,33,,8692,38,,,0,60,,8693,38,,,0,20,,8694,38,,,0,28,,8695,38,,,0,70,,8696,38,,,0,30,,8697,38,,,0,70,,8698,38,,,0,30,,8699,38,,,0,70,,8700,38,,,0,30,,8701,38,,,0,70,,8702,38,,,0,30,,8703,38,,,0,70,,8704,38,,,0,20,,8705,38,,,0,60,,8706,38,,,0,20,,8707,38,,,0,21,,8708,38,,,0,67,,8709,38,,,0,23,,8710,38,,,0,60,,8711,38,,,0,20,,8712,38,,,0,18,,8713,38,,,0,19,,8714,38,,,0,58,,8715,38,,,0,13,,8716,38,,,0,16,,8717,38,,,0,60,,8718,38,,,0,20,,8719,38,,,0,19,,8720,38,,,0,70,,8721,38,,,0,30,,8722,38,,,0,70,,8723,38,,,0,30,,8724,38,,,0,69,,8725,38,,,0,27,,8726,38,,,0,70,,8727,38,,,0,30,,8728,38,,,0,70,,8729,38,,,0,30,,8730,38,,,0
