101,'236.0.1',609,,251,11,,,0,15,,252,11,,,0,15,,253,11,,,0,15,,254,11,,,0,55,,255,11,,,0,15,,256,11,,,0,17,,257,11,,,0,15,,258,11,,,0,55,,259,11,,,0,15,,260,11,,,0,15,,261,11,,,0,15,,262,11,,,0,55,,263,11,,,0,15,,264,11,,,0,15,,265,11,,,0,15,,266,11,,,0,55,,267,11,,,0,15,,268,11,,,0,15,,269,11,,,0,15,,270,11,,,0,58,,271,11,,,0,15,,272,11,,,0,15,,273,11,,,0,15,,274,11,,,0,55,,275,11,,,0,15,,276,11,,,0,15,,277,11,,,0,15,,278,11,,,0,55,,279,11,,,0,15,,280,11,,,0,15,,281,11,,,0,15,,282,11,,,0,55,,283,11,,,0,15,,284,11,,,0,15,,285,11,,,0,15,,286,11,,,0,55,,287,11,,,0,15,,288,11,,,0,15,,289,11,,,0,15,,290,11,,,0,55,,291,11,,,0,15,,292,11,,,0,15,,293,11,,,0,15,,294,11,,,0,55,,295,11,,,0,15,,296,11,,,0,15,,297,11,,,0,15,,298,11,,,0,54,,299,11,,,0,14,,300,11,,,0,15,,301,11,,,0,15,,302,11,,,0,55,,303,11,,,0,15,,304,11,,,0,15,,305,11,,,0,15,,306,11,,,0,55,,307,11,,,0,15,,308,11,,,0,15,,309,11,,,0,15,,310,11,,,0,52,,311,11,,,0,15,,312,11,,,0,15,,313,11,,,0,15,,314,11,,,0,55,,315,11,,,0,15,,316,11,,,0,15,,317,11,,,0,15,,318,11,,,0,55,,319,11,,,0,15,,320,11,,,0,15,,321,11,,,0,15,,322,11,,,0,55,,323,11,,,0,15,,324,11,,,0,15,,325,11,,,0
101,'236.0.2',608,,326,11,,,0,25,,327,11,,,0,15,,328,11,,,0,55,,329,11,,,0,15,,330,11,,,0,15,,331,11,,,0,15,,332,11,,,0,55,,333,11,,,0,15,,334,11,,,0,16,,335,11,,,0,16,,336,11,,,0,55,,337,11,,,0,15,,338,11,,,0,15,,339,11,,,0,15,,340,11,,,0,55,,341,11,,,0,15,,342,11,,,0,15,,343,11,,,0,15,,344,11,,,0,55,,345,11,,,0,16,,346,11,,,0,16,,347,11,,,0,15,,348,11,,,0,55,,349,11,,,0,15,,350,11,,,0,15,,351,11,,,0,15,,352,11,,,0,55,,353,11,,,0,15,,354,11,,,0,15,,355,11,,,0,15,,356,11,,,0,55,,357,11,,,0,15,,358,11,,,0,15,,359,11,,,0,15,,360,11,,,0,55,,361,11,,,0,15,,362,11,,,0,15,,363,11,,,0,15,,364,11,,,0,55,,365,11,,,0,15,,366,11,,,0,15,,367,11,,,0,15,,368,11,,,0,55,,369,11,,,0,15,,370,11,,,0,15,,371,11,,,0,15,,372,11,,,0,55,,373,11,,,0,14,,374,11,,,0,13,,375,11,,,0,15,,376,11,,,0,55,,377,11,,,0,15,,378,11,,,0,15,,379,11,,,0,15,,380,11,,,0,55,,381,11,,,0,30,,382,11,,,0,70,,383,11,,,0,30,,384,11,,,0,70,,385,11,,,0,30,,386,11,,,0,70,,387,11,,,0,30,,388,11,,,0,70,,389,11,,,0
101,'236.0.3',557,,390,11,,,0,70,,391,11,,,0,13,,392,11,,,0,15,,393,11,,,0,55,,394,11,,,0,10,,395,11,,,0,10,,396,11,,,0,13,,397,11,,,0,12,,398,11,,,0,50,,399,11,,,0,10,,400,11,,,0,10,,401,11,,,0,12,,402,11,,,0,10,,403,11,,,0,8,,404,11,,,0,48,,405,11,,,0,10,,406,11,,,0,10,,407,11,,,0,10,,408,11,,,0,10,,409,11,,,0,10,,410,11,,,0,49,,411,11,,,0,9,,412,11,,,0,10,,413,11,,,0,10,,414,11,,,0,10,,415,11,,,0,10,,416,11,,,0,50,,417,11,,,0,10,,418,11,,,0,10,,419,11,,,0,11,,420,11,,,0,10,,421,11,,,0,10,,422,11,,,0,50,,423,11,,,0,10,,424,11,,,0,10,,425,11,,,0,10,,426,11,,,0,10,,427,11,,,0,10,,428,11,,,0,50,,429,11,,,0,10,,430,11,,,0,10,,431,11,,,0,10,,432,11,,,0,10,,433,11,,,0,10,,434,11,,,0,50,,435,11,,,0,10,,436,11,,,0,10,,437,11,,,0,10,,438,11,,,0,10,,439,11,,,0,10,,440,11,,,0,50,,441,11,,,0,10,,442,11,,,0,10,,443,11,,,0,10,,444,11,,,0,12,,445,11,,,0,12,,446,11,,,0,50,,447,11,,,0,10,,448,11,,,0,10,,449,11,,,0,10,,450,11,,,0,10,,451,11,,,0,10,,452,11,,,0,50,,453,11,,,0,10,,454,11,,,0,10,,455,11,,,0,10,,456,11,,,0,10,,457,11,,,0,10,,458,11,,,0,49,,459,11,,,0,7,,460,11,,,0,9,,461,11,,,0,10,,462,11,,,0,10,,463,11,,,0,10,,464,11,,,0,50,,465,11,,,0,10,,466,11,,,0,10,,467,11,,,0,10,,468,11,,,0,10,,469,11,,,0,10,,470,11,,,0,50,,471,11,,,0,9,,472,11,,,0,9,,473,11,,,0,10,,474,11,,,0,10,,475,11,,,0,10,,476,11,,,0,10,,477,11,,,0,50,,478,11,,,0,10,,479,11,,,0,10,,480,11,,,0,10,,481,11,,,0,10,,482,11,,,0,10,,483,11,,,0,50,,484,11,,,0,10,,485,11,,,0,15,,486,11,,,0,15,,487,11,,,0,55,,488,11,,,0,15,,489,11,,,0,15,,490,11,,,0,15,,491,11,,,0,55,,492,11,,,0,15,,493,11,,,0,15,,494,11,,,0,15,,495,11,,,0,55,,496,11,,,0
800,'236.0.1',543,,1718,5,,,0,70,,1719,5,,,0,30,,1720,5,,,0,70,,1721,5,,,0,30,,1722,5,,,0,60,,1723,5,,,0,20,,1724,5,,,0,30,,1725,5,,,0,70,,1726,5,,,0,30,,1727,5,,,0,70,,1728,5,,,0,26,,1729,5,,,0,70,,1730,5,,,0,30,,1731,5,,,0,70,,1732,5,,,0,30,,1733,5,,,0,70,,1734,5,,,0,30,,1735,5,,,0,71,,1736,5,,,0,30,,1737,5,,,0,70,,1738,5,,,0,30,,1739,5,,,0,70,,1740,5,,,0,30,,1741,5,,,0,70,,1742,5,,,0,30,,1743,5,,,0,74,,1744,5,,,0,30,,1745,5,,,0,70,,1746,5,,,0,30,,1747,5,,,0,70,,1748,5,,,0,30,,1749,5,,,0,70,,1750,5,,,0,30,,1751,5,,,0,70,,1752,5,,,0,29,,1753,5,,,0,70,,1754,5,,,0,100,,1755,5,,,0
800,'236.0.2',558,,1756,5,,,0,70,,1757,5,,,0,30,,1758,5,,,0,70,,1759,5,,,0,30,,1760,5,,,0,70,,1761,5,,,0,30,,1762,5,,,0,70,,1763,5,,,0,30,,1764,5,,,0,71,,1765,5,,,0,30,,1766,5,,,0,65,,1767,5,,,0,30,,1768,5,,,0,70,,1769,5,,,0,30,,1770,5,,,0,70,,1771,5,,,0,30,,1772,5,,,0,70,,1773,5,,,0,30,,1774,5,,,0,70,,1775,5,,,0,30,,1776,5,,,0,75,,1777,5,,,0,30,,1778,5,,,0,70,,1779,5,,,0,30,,1780,5,,,0,70,,1781,5,,,0,30,,1782,5,,,0,70,,1783,5,,,0,30,,1784,5,,,0,69,,1785,5,,,0,30,,1786,5,,,0,70,,1787,5,,,0,30,,1788,5,,,0,70,,1789,5,,,0,100,,1790,5,,,0,100,,1791,5,,,0
800,'236.0.3',530,,1794,5,,,0,70,,1795,5,,,0,30,,1796,5,,,0,70,,1797,5,,,0,31,,1798,5,,,0,71,,1799,5,,,0,30,,1800,5,,,0,70,,1801,5,,,0,30,,1802,5,,,0,20,,1803,5,,,0,60,,1804,5,,,0,20,,1805,5,,,0,20,,1806,5,,,0,60,,1807,5,,,0,20,,1808,5,,,0,20,,1809,5,,,0,60,,1810,5,,,0,20,,1811,5,,,0,20,,1812,5,,,0,60,,1813,5,,,0,20,,1814,5,,,0,20,,1815,5,,,0,60,,1816,5,,,0,20,,1817,5,,,0,20,,1818,5,,,0,62,,1819,5,,,0,20,,1820,5,,,0,20,,1821,5,,,0,60,,1822,5,,,0,20,,1823,5,,,0,20,,1824,5,,,0,60,,1825,5,,,0,20,,1826,5,,,0,77,,1827,5,,,0,10,,1842,5,,,0,10,,1828,5,,,0,70,,1829,5,,,0,30,,1830,5,,,0,70,,1831,5,,,0,30,,1832,5,,,0,70,,1833,5,,,0,30,,1834,5,,,0,70,,1835,5,,,0,30,,1836,5,,,0,70,,1837,5,,,0,30,,1838,5,,,0,70,,1839,5,,,0,30,,1840,5,,,0,70,,1841,5,,,0
12301,'236.0.3',1525,,6047,3,,,0,30,,6049,3,,,0,70,,6050,3,,,0,30,,6039,3,,,0,70,,6044,3,,,0,29,,6048,3,,,0,70,,6051,3,,,0
12701,'236.0.3',1542,,6061,3,,,0,15,,6062,3,,,0,55,,6063,3,,,0,45,,6064,3,,,0,55,,6065,3,,,0,15,,6066,3,,,0,15,,6067,3,,,0
12701,'236.1141.3',1622,,6068,3,,,0,20,,6069,3,,,0
12701,'236.1143.3',1622,,6070,3,,,0,20,,6071,3,,,0
18201,'236.0.3',617,,6194,52,,,0,15,,6195,52,,,0,15,,6196,52,,,0,56,,6197,52,,,0,19,,6198,52,,,0,17,,6199,52,,,0,18,,6200,52,,,0,53,,6206,52,,,0,15,,6201,52,,,0,15,,6202,52,,,0,15,,6203,52,,,0,55,,6205,52,,,0,15,,6204,52,,,0
18301,'236.0.3',650,,6214,27,,,0,72,,6215,27,,,0,78,,6216,27,,,0,30,,6217,27,,,0,70,,6218,27,,,0,30,,6219,27,,,0
18501,'236.0.3',628,,6234,32,,,0,21,,6244,32,,,0,10,,6235,32,,,0,56,,6236,32,,,0,16,,6237,32,,,0,20,,6243,32,,,0,58,,6238,32,,,0,14,,6239,32,,,0,15,,6240,32,,,0,15,,6241,32,,,0,55,,6242,32,,,0,15,,6245,32,,,0
18601,'236.0.3',635,,6252,31,,,0,72,,6253,31,,,0,32,,6254,31,,,0,77,,6255,31,,,0,29,,6256,31,,,0,70,,6257,31,,,0
19201,'236.0.3',649,,6269,21,,,0,70,,6264,21,,,0,30,,6265,21,,,0,70,,6266,21,,,0,30,,6267,21,,,0,70,,6268,21,,,0
19400,'236.0.3',719,,6270,17,,,0,30,,6271,17,,,0,69,,6272,17,,,0,30,,6273,17,,,0
19601,'236.0.3',720,,6282,32,,,0,29,,6283,32,,,0,65,,6284,32,,,0,34,,6285,32,,,0
1000900,'236.0.1',651,,6883,5,,,0,100,,6884,5,,,0,100,,6885,5,,,0,95,,6886,5,,,0,100,,6887,5,,,0,96,,6888,5,,,0,100,,6889,5,,,0,100,,6890,5,,,0,100,,6891,5,,,0,100,,6892,5,,,0,100,,6893,5,,,0,100,,6894,5,,,0,100,,6895,5,,,0,104,,6896,5,,,0,100,,6897,5,,,0,100,,6898,5,,,0,100,,6899,5,,,0,100,,6900,5,,,0
1000900,'236.0.2',649,,6901,5,,,0,96,,6902,5,,,0,100,,6903,5,,,0,100,,6904,5,,,0,101,,6905,5,,,0,100,,6906,5,,,0,100,,6907,5,,,0,100,,6908,5,,,0,100,,6909,5,,,0,100,,6910,5,,,0,100,,6911,5,,,0,100,,6912,5,,,0,100,,6913,5,,,0,100,,6914,5,,,0,101,,6915,5,,,0,100,,6916,5,,,0,100,,6917,5,,,0,100,,6918,5,,,0
1000900,'236.0.3',603,,6919,5,,,0,30,,6920,5,,,0,70,,6921,5,,,0,30,,6922,5,,,0,71,,6923,5,,,0,29,,6924,5,,,0,12,,6925,5,,,0,55,,6926,5,,,0,30,,6927,5,,,0,15,,6928,5,,,0,55,,6929,5,,,0,30,,6930,5,,,0,15,,6931,5,,,0,12,,6932,5,,,0,67,,6933,5,,,0,15,,6934,5,,,0,15,,6935,5,,,0,70,,6936,5,,,0,15,,6937,5,,,0,15,,6938,5,,,0,70,,6939,5,,,0,15,,6940,5,,,0,15,,6941,5,,,0,70,,6942,5,,,0,26,,6943,5,,,0,60,,6944,5,,,0,9,,6945,5,,,0,19,,6946,5,,,0,10,,6947,5,,,0,60,,6948,5,,,0,10,,6949,5,,,0,20,,6950,5,,,0,10,,6951,5,,,0,10,,6952,5,,,0,61,,6953,5,,,0,9,,6954,5,,,0,7,,6955,5,,,0,16,,6956,5,,,0,50,,6957,5,,,0,20,,6958,5,,,0,10,,6959,5,,,0,70,,6960,5,,,0,30,,6961,5,,,0,70,,6962,5,,,0,30,,6963,5,,,0,70,,6964,5,,,0,29,,6965,5,,,0,15,,6966,5,,,0,55,,6967,5,,,0,35,,6968,5,,,0,20,,6969,5,,,0,80,,6970,5,,,0,20,,6971,5,,,0,80,,6972,5,,,0
1001001,'236.0.3',646,,7092,11,,,0,65,,7093,11,,,0,20,,7094,11,,,0,20,,7095,11,,,0,60,,7096,11,,,0,20,,7097,11,,,0,20,,7098,11,,,0,56,,7099,11,,,0,20,,7100,11,,,0,507,,7101,11,,,0,15,,7102,11,,,0,64,,7103,11,,,0,21,,7104,11,,,0,20,,7105,11,,,0,60,,7106,11,,,0,20,,7107,11,,,0,25,,7108,11,,,0,64,,7109,11,,,0,22,,7110,11,,,0,60,,7111,11,,,0,9,,7112,11,,,0,20,,7113,11,,,0
2000900,'236.0.1',621,,7933,5,,,0,100,,7934,5,,,0,100,,7935,5,,,0,94,,7936,5,,,0,100,,7937,5,,,0,100,,7938,5,,,0,96,,7939,5,,,0,100,,7940,5,,,0,100,,7941,5,,,0,100,,7942,5,,,0,100,,7943,5,,,0,100,,7944,5,,,0,100,,7945,5,,,0,104,,7946,5,,,0,100,,7947,5,,,0,100,,7948,5,,,0,100,,7949,5,,,0,100,,7950,5,,,0,100,,7951,5,,,0
2000900,'236.0.2',620,,7952,5,,,0,97,,7953,5,,,0,98,,7954,5,,,0,100,,7955,5,,,0,100,,7956,5,,,0,100,,7957,5,,,0,100,,7958,5,,,0,100,,7959,5,,,0,100,,7960,5,,,0,100,,7961,5,,,0,100,,7962,5,,,0,100,,7963,5,,,0,100,,7964,5,,,0,100,,7965,5,,,0,102,,7966,5,,,0,100,,7967,5,,,0,100,,7968,5,,,0,100,,7969,5,,,0,100,,7970,5,,,0
2000900,'236.0.3',618,,7973,5,,,0,30,,7974,5,,,0,70,,7975,5,,,0,26,,7976,5,,,0,70,,7977,5,,,0,100,,7978,5,,,0,100,,7979,5,,,0,96,,7980,5,,,0,96,,7981,5,,,0,100,,7982,5,,,0,100,,7983,5,,,0,28,,7984,5,,,0,25,,7985,5,,,0,68,,7986,5,,,0,30,,7987,5,,,0,70,,7988,5,,,0,80,,7989,5,,,0,33,,7990,5,,,0,70,,7991,5,,,0,30,,7992,5,,,0,70,,7993,5,,,0,30,,7994,5,,,0,70,,7995,5,,,0,30,,7996,5,,,0,70,,7997,5,,,0,100,,7998,5,,,0,100,,7999,5,,,0,100,,8000,5,,,0,100,,8001,5,,,0
2001001,'236.0.1',655,,8171,22,,,0,94,,8172,22,,,0,88,,8173,22,,,0,72,,8174,22,,,0,30,,8175,22,,,0,71,,8176,22,,,0,33,,8177,22,,,0,71,,8178,22,,,0,31,,8179,22,,,0,72,,8180,22,,,0,33,,8181,22,,,0,72,,8182,22,,,0,30,,8183,22,,,0,70,,8184,22,,,0,30,,8185,22,,,0,70,,8186,22,,,0,30,,8187,22,,,0,70,,8188,22,,,0,30,,8189,22,,,0,70,,8190,22,,,0,30,,8191,22,,,0,70,,8192,22,,,0,30,,8193,22,,,0,66,,8194,22,,,0,26,,8195,22,,,0,70,,8196,22,,,0,30,,8197,22,,,0,100,,8198,22,,,0,99,,8199,22,,,0,99,,8200,22,,,0,100,,8201,22,,,0
2001001,'236.0.2',649,,8202,22,,,0,92,,8203,22,,,0,90,,8204,22,,,0,72,,8205,22,,,0,31,,8206,22,,,0,72,,8207,22,,,0,32,,8208,22,,,0,72,,8209,22,,,0,31,,8210,22,,,0,70,,8211,22,,,0,30,,8212,22,,,0,70,,8213,22,,,0,30,,8214,22,,,0,70,,8215,22,,,0,32,,8216,22,,,0,71,,8217,22,,,0,30,,8218,22,,,0,70,,8219,22,,,0,30,,8220,22,,,0,69,,8221,22,,,0,30,,8222,22,,,0,70,,8223,22,,,0,30,,8224,22,,,0,101,,8225,22,,,0,100,,8226,22,,,0,100,,8227,22,,,0,100,,8228,22,,,0,100,,8229,22,,,0,100,,8230,22,,,0
2001001,'236.0.3',607,,8231,22,,,0,30,,8232,22,,,0,64,,8233,22,,,0,23,,8234,22,,,0,22,,8269,22,,,0,60,,8235,22,,,0,20,,8236,22,,,0,20,,8237,22,,,0,60,,8238,22,,,0,50,,8239,22,,,0,60,,8240,22,,,0,24,,8241,22,,,0,70,,8242,22,,,0,31,,8243,22,,,0,70,,8244,22,,,0,30,,8245,22,,,0,70,,8246,22,,,0,30,,8247,22,,,0,79,,8248,22,,,0,21,,8249,22,,,0,64,,8250,22,,,0,15,,8251,22,,,0,21,,8252,22,,,0,60,,8253,22,,,0,20,,8254,22,,,0,21,,8255,22,,,0,64,,8256,22,,,0,25,,8257,22,,,0,21,,8258,22,,,0,60,,8259,22,,,0,9,,8260,22,,,0,20,,8261,22,,,0,70,,8262,22,,,0,26,,8263,22,,,0,72,,8264,22,,,0,30,,8265,22,,,0,70,,8266,22,,,0,30,,8267,22,,,0,70,,8268,22,,,0
3001001,'236.0.1',625,,8731,30,,,0,94,,8732,30,,,0,100,,8733,30,,,0,35,,8734,30,,,0,70,,8735,30,,,0,30,,8736,30,,,0,70,,8737,30,,,0,34,,8738,30,,,0,72,,8739,30,,,0,71,,8740,30,,,0,32,,8741,30,,,0,74,,8742,30,,,0,30,,8743,30,,,0,70,,8744,30,,,0,30,,8745,30,,,0,70,,8746,30,,,0,30,,8747,30,,,0,70,,8748,30,,,0,30,,8749,30,,,0,70,,8750,30,,,0,30,,8751,30,,,0,70,,8752,30,,,0,30,,8753,30,,,0,69,,8754,30,,,0,24,,8755,30,,,0,28,,8756,30,,,0,70,,8757,30,,,0,100,,8758,30,,,0,96,,8759,30,,,0,94,,8760,30,,,0,100,,8761,30,,,0
3001001,'236.0.2',624,,8763,30,,,0,90,,8764,30,,,0,100,,8765,30,,,0,30,,8766,30,,,0,70,,8767,30,,,0,30,,8768,30,,,0,73,,8769,30,,,0,33,,8770,30,,,0,74,,8771,30,,,0,30,,8772,30,,,0,70,,8773,30,,,0,30,,8774,30,,,0,71,,8775,30,,,0,30,,8776,30,,,0,70,,8777,30,,,0,30,,8778,30,,,0,73,,8779,30,,,0,30,,8780,30,,,0,70,,8781,30,,,0,30,,8782,30,,,0,70,,8783,30,,,0,30,,8784,30,,,0,70,,8785,30,,,0,30,,8786,30,,,0,67,,8787,30,,,0,100,,8788,30,,,0,94,,8789,30,,,0,100,,8790,30,,,0,100,,8791,30,,,0
3001001,'236.0.3',552,,8793,30,,,0,70,,8794,30,,,0,32,,8795,30,,,0,65,,8796,30,,,0,22,,8797,30,,,0,60,,8798,30,,,0,18,,8799,30,,,0,19,,8800,30,,,0,20,,8801,30,,,0,56,,8802,30,,,0,32,,8803,30,,,0,60,,8804,30,,,0,20,,8805,30,,,0,28,,8806,30,,,0,72,,8807,30,,,0,30,,8808,30,,,0,70,,8809,30,,,0,30,,8810,30,,,0,70,,8811,30,,,0,30,,8812,30,,,0,70,,8813,30,,,0,30,,8814,30,,,0,70,,8815,30,,,0,21,,8816,30,,,0,60,,8817,30,,,0,20,,8818,30,,,0,21,,8819,30,,,0,67,,8820,30,,,0,23,,8821,30,,,0,20,,8822,30,,,0,60,,8823,30,,,0,18,,8824,30,,,0,16,,8825,30,,,0,57,,8826,30,,,0,13,,8827,30,,,0,12,,8828,30,,,0,19,,8829,30,,,0,79,,8830,30,,,0,70,,8831,30,,,0,30,,8832,30,,,0,70,,8833,30,,,0,30,,8834,30,,,0,68,,8835,30,,,0,24,,8836,30,,,0
