8600,'220.0.1',630,,7742,4,,0,100,,7743,4,,0,100,,7744,4,,0,100,,7745,4,,0,100,,7746,4,,0,100,,7747,4,,0,100,,7748,4,,0,101,,7749,4,,0,100,,7750,4,,0,100,,7751,4,,0,100,,7752,4,,0,100,,7753,4,,0,100,,7754,4,,0,100,,7755,4,,0,100,,7756,4,,0,100,,7757,4,,0,100,,7758,4,,0
8600,'220.0.2',636,,7759,4,,0,100,,7760,4,,0,100,,7761,4,,0,100,,7762,4,,0,100,,7763,4,,0,100,,7764,4,,0,100,,7765,4,,0,100,,7766,4,,0,100,,7767,4,,0,100,,7768,4,,0,100,,7769,4,,0,100,,7770,4,,0,100,,7771,4,,0,100,,7772,4,,0,100,,7773,4,,0,100,,7774,4,,0
8600,'220.0.3',546,,7775,4,,0,70,,7776,4,,0,30,,7777,4,,0,69,,7778,4,,0,29,,7779,4,,0,69,,7780,4,,0,26,,7781,4,,0,100,,7782,4,,0,100,,7783,4,,0,100,,7784,4,,0,100,,7785,4,,0,100,,7786,4,,0,100,,7787,4,,0,103,,7788,4,,0,416,,7789,4,,0,100,,7790,4,,0,100,,7791,4,,0,100,,7792,4,,0
8600,'220.0.4',546,,7793,4,,0,70,,7794,4,,0,30,,7795,4,,0,69,,7796,4,,0,29,,7797,4,,0,69,,7798,4,,0,26,,7799,4,,0,100,,7800,4,,0,100,,7801,4,,0,100,,7802,4,,0,100,,7803,4,,0,100,,7804,4,,0,100,,7805,4,,0,103,,7806,4,,0,416,,7807,4,,0,100,,7808,4,,0,100,,7809,4,,0,100,,7810,4,,0,100,,7811,4,,0,100,,7812,4,,0,70,,7813,4,,0
8601,'220.0.1',632,,7814,,,0,100,,7815,,,0,100,,7816,,,0,100,,7817,,,0,100,,7818,,,0,100,,7819,,,0,100,,7820,,,0,101,,7821,,,0,100,,7822,,,0,100,,7823,,,0,100,,7824,,,0,100,,7825,,,0,100,,7826,,,0,100,,7827,,,0,100,,7828,,,0,100,,7829,,,0,100,,7830,,,0
8601,'220.0.2',638,,7831,,,0,100,,7832,,,0,100,,7833,,,0,100,,7834,,,0,100,,7835,,,0,100,,7836,,,0,100,,7837,,,0,100,,7838,,,0,100,,7839,,,0,100,,7840,,,0,100,,7841,,,0,100,,7842,,,0,100,,7843,,,0,100,,7844,,,0,100,,7845,,,0,100,,7846,,,0
8601,'220.0.3',841,,7847,,,0,100,,7848,,,0,100,,7849,,,0,100,,7850,,,0,100,,7851,,,0,100,,7852,,,0,100,,7853,,,0,103,,7854,,,0,71,,7855,,,0,35,,7856,,,0,74,,7857,,,0,29,,7858,,,0,62,,7859,,,0,25,,7860,,,0,160,,7861,,,0,100,,7862,,,0,100,,7863,,,0,100,,7864,,,0
8601,'220.0.4',841,,7865,,,0,100,,7866,,,0,100,,7867,,,0,100,,7868,,,0,100,,7869,,,0,100,,7870,,,0,100,,7871,,,0,103,,7872,,,0,71,,7873,,,0,35,,7874,,,0,74,,7875,,,0,29,,7876,,,0,62,,7877,,,0,25,,7878,,,0,160,,7879,,,0,100,,7880,,,0,100,,7881,,,0,100,,7882,,,0,100,,7883,,,0,100,,7884,,,0,30,,7885,,,0
18600,'220.0.3',1614,,9135,4,,0,35,,9136,4,,0,74,,9137,4,,0,29,,9140,4,,0,62,,9138,4,,0,26,,9139,4,,0
18600,'220.0.4',1614,,9141,4,,0,35,,9142,4,,0,74,,9143,4,,0,29,,9146,4,,0,62,,9144,4,,0,26,,9145,4,,0
18601,'220.0.3',548,,9147,,,0,70,,9148,,,0,30,,9149,,,0,69,,9150,,,0,29,,9151,,,0,70,,9152,,,0
18601,'220.0.4',548,,9153,,,0,70,,9154,,,0,30,,9155,,,0,69,,9156,,,0,29,,9157,,,0,70,,9158,,,0
