5600,'220.0.1',618,,5217,,,0,30,,5218,,,0,70,,5219,,,0,30,,5220,,,0,70,,5221,,,0,30,,5222,,,0,70,,5223,,,0,30,,5224,,,0,72,,5225,,,0,29,,5226,,,0,70,,5227,,,0,30,,5228,,,0,70,,5229,,,0,30,,5230,,,0,70,,5231,,,0,30,,5232,,,0,70,,5233,,,0,30,,5234,,,0,70,,5235,,,0,30,,5236,,,0,70,,5237,,,0,30,,5238,,,0,70,,5239,,,0,30,,5240,,,0,69,,5241,,,0,31,,5242,,,0,70,,5243,,,0,30,,5244,,,0,70,,5245,,,0,30,,5246,,,0,70,,5247,,,0,30,,5248,,,0,70,,5249,,,0,30,,5250,,,0,70,,5251,,,0,30,,5252,,,0
5600,'220.0.2',718,,5253,,,0,30,,5254,,,0,70,,5255,,,0,30,,5256,,,0,70,,5257,,,0,30,,5258,,,0,71,,5259,,,0,30,,5260,,,0,70,,5261,,,0,30,,5262,,,0,70,,5263,,,0,30,,5264,,,0,70,,5265,,,0,30,,5266,,,0,70,,5267,,,0,30,,5268,,,0,70,,5269,,,0,30,,5270,,,0,70,,5271,,,0,30,,5272,,,0,70,,5273,,,0,30,,5274,,,0,70,,5275,,,0,30,,5276,,,0,69,,5277,,,0,30,,5278,,,0,70,,5279,,,0,30,,5280,,,0,70,,5281,,,0,30,,5282,,,0,70,,5283,,,0
5600,'220.0.3',619,,5284,,,0,30,,5285,,,0,70,,5286,,,0,30,,5287,,,0,70,,5288,,,0,30,,5289,,,0,70,,5290,,,0,30,,5291,,,0,70,,5292,,,0,30,,5293,,,0,70,,5294,,,0,31,,5295,,,0,70,,5296,,,0,30,,5297,,,0,70,,5298,,,0,30,,5299,,,0,70,,5300,,,0,30,,5301,,,0,70,,5302,,,0,30,,5303,,,0,70,,5304,,,0,30,,5305,,,0,70,,5306,,,0,30,,5307,,,0,69,,5308,,,0,30,,5309,,,0,70,,5310,,,0,30,,5311,,,0,70,,5312,,,0,30,,5313,,,0,70,,5314,,,0,30,,5315,,,0,70,,5316,,,0,30,,5317,,,0,70,,5318,,,0,30,,5319,,,0
5600,'220.0.4',619,,5320,,,0,30,,5321,,,0,70,,5322,,,0,30,,5323,,,0,70,,5324,,,0,30,,5325,,,0,70,,5326,,,0,30,,5327,,,0,70,,5328,,,0,30,,5329,,,0,70,,5330,,,0,31,,5331,,,0,70,,5332,,,0,30,,5333,,,0,70,,5334,,,0,30,,5335,,,0,70,,5336,,,0,30,,5337,,,0,70,,5338,,,0,30,,5339,,,0,70,,5340,,,0,30,,5341,,,0,70,,5342,,,0,30,,5343,,,0,69,,5344,,,0,30,,5345,,,0,70,,5346,,,0,30,,5347,,,0,70,,5348,,,0,30,,5349,,,0,70,,5350,,,0,30,,5351,,,0,70,,5352,,,0,30,,5353,,,0,70,,5354,,,0,30,,5355,,,0,70,,5356,,,0,30,,5357,,,0
5601,'220.0.1',626,,5358,,,0,30,,5359,,,0,70,,5360,,,0,30,,5361,,,0,70,,5362,,,0,30,,5363,,,0,70,,5364,,,0,30,,5365,,,0,72,,5366,,,0,30,,5367,,,0,70,,5368,,,0,30,,5369,,,0,70,,5370,,,0,30,,5371,,,0,70,,5372,,,0,30,,5373,,,0,70,,5374,,,0,30,,5375,,,0,70,,5376,,,0,30,,5377,,,0,70,,5378,,,0,28,,5379,,,0,70,,5380,,,0,30,,5381,,,0,70,,5382,,,0,30,,5383,,,0,70,,5384,,,0,30,,5385,,,0,70,,5386,,,0,29,,5387,,,0,70,,5388,,,0,30,,5389,,,0,70,,5390,,,0,30,,5391,,,0,70,,5392,,,0,30,,5393,,,0
5601,'220.0.2',749,,5394,,,0,70,,5395,,,0,30,,5396,,,0,70,,5397,,,0,30,,5398,,,0,70,,5399,,,0,30,,5400,,,0,70,,5401,,,0,30,,5402,,,0,70,,5403,,,0,30,,5404,,,0,70,,5405,,,0,30,,5406,,,0,70,,5407,,,0,30,,5408,,,0,70,,5409,,,0,30,,5410,,,0,70,,5411,,,0,30,,5412,,,0,70,,5413,,,0,30,,5414,,,0,70,,5415,,,0,30,,5416,,,0,70,,5417,,,0,30,,5418,,,0,70,,5419,,,0,30,,5420,,,0,70,,5421,,,0,30,,5422,,,0,70,,5423,,,0
5601,'220.0.3',627,,5424,,,0,30,,5425,,,0,70,,5426,,,0,30,,5427,,,0,70,,5428,,,0,30,,5429,,,0,70,,5430,,,0,30,,5431,,,0,71,,5432,,,0,30,,5433,,,0,70,,5434,,,0,30,,5435,,,0,70,,5436,,,0,30,,5437,,,0,70,,5438,,,0,30,,5439,,,0,70,,5440,,,0,30,,5441,,,0,70,,5442,,,0,30,,5443,,,0,70,,5444,,,0,30,,5445,,,0,70,,5446,,,0,30,,5447,,,0,70,,5448,,,0,30,,5449,,,0,68,,5450,,,0,30,,5451,,,0,70,,5452,,,0,30,,5453,,,0,70,,5454,,,0,30,,5455,,,0,70,,5456,,,0,30,,5457,,,0,70,,5458,,,0,30,,5459,,,0
5601,'220.0.4',627,,5460,,,0,30,,5461,,,0,70,,5462,,,0,30,,5463,,,0,70,,5464,,,0,30,,5465,,,0,70,,5466,,,0,30,,5467,,,0,71,,5468,,,0,30,,5469,,,0,70,,5470,,,0,30,,5471,,,0,70,,5472,,,0,30,,5473,,,0,70,,5474,,,0,30,,5475,,,0,70,,5476,,,0,30,,5477,,,0,70,,5478,,,0,30,,5479,,,0,70,,5480,,,0,30,,5481,,,0,70,,5482,,,0,30,,5483,,,0,70,,5484,,,0,30,,5485,,,0,68,,5486,,,0,30,,5487,,,0,70,,5488,,,0,30,,5489,,,0,70,,5490,,,0,30,,5491,,,0,70,,5492,,,0,30,,5493,,,0,70,,5494,,,0,30,,5495,,,0,70,,5496,,,0,30,,5497,,,0
7201,'220.0.1',702,,6975,,,0,30,,6976,,,0,70,,6977,,,0,30,,6978,,,0,70,,6979,,,0,30,,6980,,,0,71,,6981,,,0,30,,6982,,,0,70,,6983,,,0,36,,6984,,,0,70,,6985,,,0,30,,6986,,,0,70,,6987,,,0,30,,6988,,,0,70,,6989,,,0,30,,6990,,,0,70,,6991,,,0,30,,6992,,,0,70,,6993,,,0,30,,6994,,,0,70,,6995,,,0,30,,6996,,,0,70,,6997,,,0,25,,6998,,,0,70,,6999,,,0,100,,7000,,,0,100,,7001,,,0,100,,7002,,,0,100,,7003,,,0,100,,7004,,,0
7201,'220.0.2',801,,7006,,,0,100,,7007,,,0,100,,7008,,,0,101,,7009,,,0,106,,7010,,,0,100,,7011,,,0,100,,7012,,,0,100,,7013,,,0,100,,7014,,,0,100,,7015,,,0,99,,7016,,,0,100,,7017,,,0,52,,7018,,,0,100,,7019,,,0,100,,7020,,,0,100,,7021,,,0
7201,'220.0.3',635,,7022,,,0,70,,7023,,,0,30,,7024,,,0,73,,7025,,,0,32,,7026,,,0,70,,7027,,,0,30,,7028,,,0,68,,7029,,,0,30,,7030,,,0,70,,7031,,,0,30,,7032,,,0,70,,7033,,,0,30,,7034,,,0,70,,7035,,,0,30,,7036,,,0,70,,7037,,,0,30,,7038,,,0,70,,7039,,,0,31,,7040,,,0,71,,7041,,,0,30,,7042,,,0,70,,7043,,,0,30,,7044,,,0,70,,7045,,,0,30,,7046,,,0,64,,7047,,,0,100,,7048,,,0,100,,7049,,,0,100,,7050,,,0,100,,7051,,,0
7201,'220.0.4',635,,7052,,,0,70,,7053,,,0,30,,7054,,,0,73,,7055,,,0,32,,7056,,,0,70,,7057,,,0,30,,7058,,,0,68,,7059,,,0,30,,7060,,,0,70,,7061,,,0,30,,7062,,,0,70,,7063,,,0,30,,7064,,,0,70,,7065,,,0,30,,7066,,,0,70,,7067,,,0,30,,7068,,,0,70,,7069,,,0,31,,7070,,,0,71,,7071,,,0,30,,7072,,,0,70,,7073,,,0,30,,7074,,,0,70,,7075,,,0,30,,7076,,,0,64,,7077,,,0,100,,7078,,,0,100,,7079,,,0,100,,7080,,,0,100,,7081,,,0,100,,7082,,,0,100,,7083,,,0
