5800,'236.0.1',621,,3832,4,,,0,100,,3833,4,,,0,100,,3834,4,,,0,100,,3835,4,,,0,100,,3836,4,,,0,100,,3837,4,,,0,100,,3838,4,,,0,100,,3839,4,,,0,100,,3840,4,,,0,100,,3841,4,,,0,100,,3842,4,,,0,100,,3843,4,,,0,100,,3844,4,,,0,100,,3845,4,,,0,100,,3846,4,,,0,100,,3847,4,,,0,100,,3848,4,,,0
5800,'236.0.2',721,,3849,4,,,0,100,,3850,4,,,0,100,,3851,4,,,0,100,,3852,4,,,0,100,,3853,4,,,0,100,,3854,4,,,0,100,,3855,4,,,0,100,,3856,4,,,0,100,,3857,4,,,0,100,,3858,4,,,0,100,,3859,4,,,0,100,,3860,4,,,0,100,,3861,4,,,0,100,,3862,4,,,0,100,,3863,4,,,0,100,,3864,4,,,0
5800,'236.0.3',609,,3865,4,,,0,30,,3866,4,,,0,70,,3867,4,,,0,30,,3868,4,,,0,70,,3869,4,,,0,117,,3870,4,,,0,100,,3871,4,,,0,100,,3872,4,,,0,100,,3873,4,,,0,100,,3874,4,,,0,101,,3875,4,,,0,100,,3876,4,,,0,30,,3877,4,,,0,270,,3878,4,,,0,99,,3879,4,,,0,100,,3880,4,,,0,100,,3881,4,,,0,100,,3882,4,,,0,100,,3883,4,,,0
6300,'236.0.1',758,,4262,4,,,0,100,,4263,4,,,0,100,,4264,4,,,0,100,,4265,4,,,0,100,,4266,4,,,0,100,,4267,4,,,0,100,,4268,4,,,0,100,,4269,4,,,0,100,,4270,4,,,0,100,,4271,4,,,0,100,,4272,4,,,0,100,,4273,4,,,0,97,,4274,4,,,0,100,,4275,4,,,0,100,,4276,4,,,0,100,,4277,4,,,0
6300,'236.0.2',727,,4278,4,,,0,100,,4279,4,,,0,100,,4280,4,,,0,100,,4281,4,,,0,100,,4282,4,,,0,100,,4283,4,,,0,100,,4284,4,,,0,100,,4285,4,,,0,98,,4286,4,,,0,100,,4287,4,,,0,100,,4288,4,,,0,100,,4289,4,,,0,100,,4290,4,,,0,100,,4291,4,,,0,100,,4292,4,,,0
6300,'236.0.3',649,,4293,4,,,0,70,,4294,4,,,0,30,,4295,4,,,0,70,,4296,4,,,0,30,,4297,4,,,0,70,,4298,4,,,0,30,,4299,4,,,0,56,,4300,4,,,0,100,,4301,4,,,0,100,,4302,4,,,0,100,,4303,4,,,0,100,,4304,4,,,0,100,,4305,4,,,0,115,,4306,4,,,0,30,,4307,4,,,0,68,,4308,4,,,0,30,,4309,4,,,0,70,,4310,4,,,0,30,,4311,4,,,0,70,,4312,4,,,0,100,,4313,4,,,0,100,,4314,4,,,0,100,,4315,4,,,0
6701,'236.0.1',739,,4595,18,,,0,100,,4596,18,,,0,102,,4597,18,,,0,100,,4598,18,,,0,100,,4599,18,,,0,100,,4600,18,,,0,100,,4601,18,,,0,100,,4602,18,,,0,100,,4603,18,,,0,100,,4604,18,,,0,100,,4605,18,,,0,98,,4606,18,,,0,100,,4607,18,,,0,100,,4608,18,,,0,100,,4609,18,,,0,100,,4610,18,,,0
6701,'236.0.2',739,,4611,18,,,0,100,,4612,18,,,0,100,,4613,18,,,0,102,,4614,18,,,0,100,,4615,18,,,0,100,,4616,18,,,0,100,,4617,18,,,0,100,,4618,18,,,0,100,,4619,18,,,0,100,,4620,18,,,0,98,,4621,18,,,0,100,,4622,18,,,0,100,,4623,18,,,0,100,,4624,18,,,0,99,,4625,18,,,0,100,,4626,18,,,0
6701,'236.0.3',624,,4627,18,,,0,30,,4628,18,,,0,70,,4629,18,,,0,30,,4630,18,,,0,70,,4631,18,,,0,30,,4632,18,,,0,102,,4633,18,,,0,100,,4634,18,,,0,100,,4635,18,,,0,100,,4636,18,,,0,100,,4637,18,,,0,101,,4638,18,,,0,70,,4639,18,,,0,30,,4640,18,,,0,70,,4641,18,,,0,30,,4642,18,,,0,70,,4643,18,,,0,30,,4644,18,,,0,68,,4645,18,,,0,30,,4646,18,,,0,70,,4647,18,,,0,98,,4648,18,,,0,100,,4649,18,,,0,100,,4650,18,,,0
15800,'236.0.3',1616,,6129,16,,,0,32,,6130,16,,,0,72,,6131,16,,,0,27,,6132,16,,,0
