101,'236.0.1',607,,251,9,,,0,15,,252,9,,,0,15,,253,9,,,0,15,,254,9,,,0,55,,255,9,,,0,15,,256,9,,,0,17,,257,9,,,0,15,,258,9,,,0,55,,259,9,,,0,15,,260,9,,,0,15,,261,9,,,0,15,,262,9,,,0,55,,263,9,,,0,15,,264,9,,,0,15,,265,9,,,0,15,,266,9,,,0,55,,267,9,,,0,15,,268,9,,,0,15,,269,9,,,0,15,,270,9,,,0,58,,271,9,,,0,15,,272,9,,,0,15,,273,9,,,0,15,,274,9,,,0,55,,275,9,,,0,15,,276,9,,,0,15,,277,9,,,0,15,,278,9,,,0,55,,279,9,,,0,15,,280,9,,,0,15,,281,9,,,0,15,,282,9,,,0,55,,283,9,,,0,15,,284,9,,,0,15,,285,9,,,0,15,,286,9,,,0,55,,287,9,,,0,15,,288,9,,,0,15,,289,9,,,0,15,,290,9,,,0,55,,291,9,,,0,15,,292,9,,,0,15,,293,9,,,0,15,,294,9,,,0,55,,295,9,,,0,15,,296,9,,,0,15,,297,9,,,0,15,,298,9,,,0,54,,299,9,,,0,14,,300,9,,,0,15,,301,9,,,0,15,,302,9,,,0,55,,303,9,,,0,15,,304,9,,,0,15,,305,9,,,0,15,,306,9,,,0,55,,307,9,,,0,15,,308,9,,,0,15,,309,9,,,0,15,,310,9,,,0,52,,311,9,,,0,15,,312,9,,,0,15,,313,9,,,0,15,,314,9,,,0,55,,315,9,,,0,15,,316,9,,,0,15,,317,9,,,0,15,,318,9,,,0,55,,319,9,,,0,15,,320,9,,,0,15,,321,9,,,0,15,,322,9,,,0,55,,323,9,,,0,15,,324,9,,,0,15,,325,9,,,0
101,'236.0.2',606,,326,9,,,0,25,,327,9,,,0,15,,328,9,,,0,55,,329,9,,,0,15,,330,9,,,0,15,,331,9,,,0,15,,332,9,,,0,55,,333,9,,,0,15,,334,9,,,0,16,,335,9,,,0,16,,336,9,,,0,55,,337,9,,,0,15,,338,9,,,0,15,,339,9,,,0,15,,340,9,,,0,55,,341,9,,,0,15,,342,9,,,0,15,,343,9,,,0,15,,344,9,,,0,55,,345,9,,,0,15,,346,9,,,0,16,,347,9,,,0,15,,348,9,,,0,55,,349,9,,,0,15,,350,9,,,0,15,,351,9,,,0,15,,352,9,,,0,55,,353,9,,,0,15,,354,9,,,0,15,,355,9,,,0,15,,356,9,,,0,55,,357,9,,,0,15,,358,9,,,0,15,,359,9,,,0,15,,360,9,,,0,55,,361,9,,,0,15,,362,9,,,0,15,,363,9,,,0,15,,364,9,,,0,55,,365,9,,,0,15,,366,9,,,0,15,,367,9,,,0,15,,368,9,,,0,55,,369,9,,,0,15,,370,9,,,0,15,,371,9,,,0,15,,372,9,,,0,55,,373,9,,,0,15,,374,9,,,0,13,,375,9,,,0,15,,376,9,,,0,55,,377,9,,,0,15,,378,9,,,0,15,,379,9,,,0,15,,380,9,,,0,55,,381,9,,,0,30,,382,9,,,0,70,,383,9,,,0,30,,384,9,,,0,70,,385,9,,,0,30,,386,9,,,0,70,,387,9,,,0,30,,388,9,,,0,70,,389,9,,,0
101,'236.0.3',555,,390,9,,,0,70,,391,9,,,0,13,,392,9,,,0,15,,393,9,,,0,55,,394,9,,,0,10,,395,9,,,0,10,,396,9,,,0,13,,397,9,,,0,12,,398,9,,,0,50,,399,9,,,0,10,,400,9,,,0,10,,401,9,,,0,12,,402,9,,,0,10,,403,9,,,0,8,,404,9,,,0,48,,405,9,,,0,10,,406,9,,,0,10,,407,9,,,0,10,,408,9,,,0,10,,409,9,,,0,10,,410,9,,,0,49,,411,9,,,0,9,,412,9,,,0,10,,413,9,,,0,10,,414,9,,,0,10,,415,9,,,0,10,,416,9,,,0,10,,417,9,,,0,50,,418,9,,,0,10,,419,9,,,0,10,,420,9,,,0,10,,421,9,,,0,10,,422,9,,,0,10,,423,9,,,0,50,,424,9,,,0,10,,425,9,,,0,10,,426,9,,,0,10,,427,9,,,0,10,,428,9,,,0,10,,429,9,,,0,50,,430,9,,,0,10,,431,9,,,0,10,,432,9,,,0,10,,433,9,,,0,10,,434,9,,,0,10,,435,9,,,0,50,,436,9,,,0,10,,437,9,,,0,10,,438,9,,,0,10,,439,9,,,0,10,,440,9,,,0,10,,441,9,,,0,50,,442,9,,,0,10,,443,9,,,0,11,,444,9,,,0,12,,445,9,,,0,12,,446,9,,,0,50,,447,9,,,0,10,,448,9,,,0,10,,449,9,,,0,10,,450,9,,,0,10,,451,9,,,0,10,,452,9,,,0,50,,453,9,,,0,10,,454,9,,,0,10,,455,9,,,0,10,,456,9,,,0,10,,457,9,,,0,10,,458,9,,,0,49,,459,9,,,0,7,,460,9,,,0,9,,461,9,,,0,10,,462,9,,,0,10,,463,9,,,0,10,,464,9,,,0,10,,465,9,,,0,50,,466,9,,,0,10,,467,9,,,0,10,,468,9,,,0,10,,469,9,,,0,10,,470,9,,,0,10,,471,9,,,0,49,,472,9,,,0,9,,473,9,,,0,10,,474,9,,,0,10,,475,9,,,0,10,,476,9,,,0,10,,477,9,,,0,50,,478,9,,,0,10,,479,9,,,0,10,,480,9,,,0,10,,481,9,,,0,10,,482,9,,,0,10,,483,9,,,0,50,,484,9,,,0,10,,485,9,,,0,15,,486,9,,,0,15,,487,9,,,0,55,,488,9,,,0,15,,489,9,,,0,15,,490,9,,,0,15,,491,9,,,0,55,,492,9,,,0,15,,493,9,,,0,15,,494,9,,,0,15,,495,9,,,0,55,,496,9,,,0
800,'236.0.1',541,,1718,3,,,0,70,,1719,3,,,0,30,,1720,3,,,0,70,,1721,3,,,0,30,,1722,3,,,0,60,,1723,3,,,0,21,,1724,3,,,0,30,,1725,3,,,0,70,,1726,3,,,0,30,,1727,3,,,0,70,,1728,3,,,0,25,,1729,3,,,0,70,,1730,3,,,0,30,,1731,3,,,0,70,,1732,3,,,0,30,,1733,3,,,0,70,,1734,3,,,0,30,,1735,3,,,0,70,,1736,3,,,0,30,,1737,3,,,0,70,,1738,3,,,0,30,,1739,3,,,0,70,,1740,3,,,0,30,,1741,3,,,0,70,,1742,3,,,0,30,,1743,3,,,0,75,,1744,3,,,0,30,,1745,3,,,0,70,,1746,3,,,0,30,,1747,3,,,0,70,,1748,3,,,0,30,,1749,3,,,0,70,,1750,3,,,0,30,,1751,3,,,0,70,,1752,3,,,0,30,,1753,3,,,0,70,,1754,3,,,0,100,,1755,3,,,0
800,'236.0.2',557,,1756,3,,,0,70,,1757,3,,,0,30,,1758,3,,,0,70,,1759,3,,,0,30,,1760,3,,,0,70,,1761,3,,,0,30,,1762,3,,,0,70,,1763,3,,,0,30,,1764,3,,,0,70,,1765,3,,,0,30,,1766,3,,,0,65,,1767,3,,,0,30,,1768,3,,,0,70,,1769,3,,,0,30,,1770,3,,,0,70,,1771,3,,,0,30,,1772,3,,,0,70,,1773,3,,,0,30,,1774,3,,,0,70,,1775,3,,,0,30,,1776,3,,,0,75,,1777,3,,,0,30,,1778,3,,,0,70,,1779,3,,,0,30,,1780,3,,,0,70,,1781,3,,,0,30,,1782,3,,,0,70,,1783,3,,,0,30,,1784,3,,,0,70,,1785,3,,,0,30,,1786,3,,,0,70,,1787,3,,,0,30,,1788,3,,,0,70,,1789,3,,,0,100,,1790,3,,,0,100,,1791,3,,,0
800,'236.0.3',529,,1794,3,,,0,30,,1795,3,,,0,70,,1796,3,,,0,30,,1797,3,,,0,70,,1798,3,,,0,71,,1799,3,,,0,30,,1800,3,,,0,70,,1801,3,,,0,30,,1802,3,,,0,20,,1803,3,,,0,60,,1804,3,,,0,20,,1805,3,,,0,20,,1806,3,,,0,60,,1807,3,,,0,20,,1808,3,,,0,20,,1809,3,,,0,60,,1810,3,,,0,20,,1811,3,,,0,20,,1812,3,,,0,60,,1813,3,,,0,20,,1814,3,,,0,20,,1815,3,,,0,60,,1816,3,,,0,20,,1817,3,,,0,20,,1818,3,,,0,61,,1819,3,,,0,20,,1820,3,,,0,20,,1821,3,,,0,60,,1822,3,,,0,20,,1823,3,,,0,20,,1824,3,,,0,60,,1825,3,,,0,20,,1826,3,,,0,78,,1827,3,,,0,10,,1842,3,,,0,10,,1828,3,,,0,30,,1829,3,,,0,70,,1830,3,,,0,30,,1831,3,,,0,70,,1832,3,,,0,30,,1833,3,,,0,70,,1834,3,,,0,30,,1835,3,,,0,70,,1836,3,,,0,30,,1837,3,,,0,70,,1838,3,,,0,30,,1839,3,,,0,70,,1840,3,,,0,30,,1841,3,,,0
12301,'236.0.3',1523,,6047,2,,,0,30,,6049,2,,,0,70,,6050,2,,,0,30,,6039,2,,,0,70,,6044,2,,,0,29,,6048,2,,,0,70,,6051,2,,,0
12701,'236.0.3',1539,,6061,2,,,0,15,,6062,2,,,0,55,,6063,2,,,0,45,,6064,2,,,0,55,,6065,2,,,0,15,,6066,2,,,0,15,,6067,2,,,0
12701,'236.1141.3',1619,,6068,2,,,0,20,,6069,2,,,0
12701,'236.1143.3',1619,,6070,2,,,0,20,,6071,2,,,0
18201,'236.0.3',614,,6194,51,,,0,15,,6195,51,,,0,15,,6196,51,,,0,56,,6197,51,,,0,19,,6198,51,,,0,17,,6199,51,,,0,17,,6200,51,,,0,52,,6206,51,,,0,15,,6201,51,,,0,15,,6202,51,,,0,15,,6203,51,,,0,55,,6205,51,,,0,15,,6204,51,,,0
18301,'236.0.3',647,,6214,26,,,0,72,,6215,26,,,0,36,,6216,26,,,0,70,,6217,26,,,0,30,,6218,26,,,0,70,,6219,26,,,0
18501,'236.0.3',625,,6234,31,,,0,19,,6244,31,,,0,12,,6235,31,,,0,56,,6236,31,,,0,16,,6237,31,,,0,18,,6243,31,,,0,58,,6238,31,,,0,14,,6239,31,,,0,15,,6240,31,,,0,15,,6241,31,,,0,55,,6242,31,,,0,15,,6245,31,,,0
18601,'236.0.3',632,,6252,30,,,0,72,,6253,30,,,0,32,,6254,30,,,0,75,,6255,30,,,0,29,,6256,30,,,0,70,,6257,30,,,0
19201,'236.0.3',646,,6269,20,,,0,70,,6264,20,,,0,30,,6265,20,,,0,70,,6266,20,,,0,30,,6267,20,,,0,70,,6268,20,,,0
19400,'236.0.3',716,,6270,16,,,0,30,,6271,16,,,0,69,,6272,16,,,0,30,,6273,16,,,0
19601,'236.0.3',718,,6282,31,,,0,29,,6283,31,,,0,65,,6284,31,,,0,34,,6285,31,,,0
1000900,'236.0.1',649,,6883,3,,,0,100,,6884,3,,,0,100,,6885,3,,,0,95,,6886,3,,,0,100,,6887,3,,,0,96,,6888,3,,,0,99,,6889,3,,,0,100,,6890,3,,,0,100,,6891,3,,,0,100,,6892,3,,,0,100,,6893,3,,,0,100,,6894,3,,,0,100,,6895,3,,,0,105,,6896,3,,,0,100,,6897,3,,,0,100,,6898,3,,,0,100,,6899,3,,,0,100,,6900,3,,,0
1000900,'236.0.2',647,,6901,3,,,0,96,,6902,3,,,0,100,,6903,3,,,0,100,,6904,3,,,0,101,,6905,3,,,0,100,,6906,3,,,0,100,,6907,3,,,0,100,,6908,3,,,0,100,,6909,3,,,0,100,,6910,3,,,0,100,,6911,3,,,0,100,,6912,3,,,0,100,,6913,3,,,0,100,,6914,3,,,0,101,,6915,3,,,0,100,,6916,3,,,0,100,,6917,3,,,0,100,,6918,3,,,0
1000900,'236.0.3',601,,6919,3,,,0,30,,6920,3,,,0,70,,6921,3,,,0,30,,6922,3,,,0,71,,6923,3,,,0,29,,6924,3,,,0,12,,6925,3,,,0,15,,6926,3,,,0,70,,6927,3,,,0,15,,6928,3,,,0,15,,6929,3,,,0,70,,6930,3,,,0,15,,6931,3,,,0,12,,6932,3,,,0,67,,6933,3,,,0,15,,6934,3,,,0,15,,6935,3,,,0,70,,6936,3,,,0,15,,6937,3,,,0,15,,6938,3,,,0,70,,6939,3,,,0,15,,6940,3,,,0,15,,6941,3,,,0,70,,6942,3,,,0,26,,6943,3,,,0,60,,6944,3,,,0,9,,6945,3,,,0,19,,6946,3,,,0,10,,6947,3,,,0,60,,6948,3,,,0,10,,6949,3,,,0,20,,6950,3,,,0,10,,6951,3,,,0,10,,6952,3,,,0,61,,6953,3,,,0,9,,6954,3,,,0,7,,6955,3,,,0,16,,6956,3,,,0,10,,6957,3,,,0,60,,6958,3,,,0,10,,6959,3,,,0,30,,6960,3,,,0,70,,6961,3,,,0,30,,6962,3,,,0,70,,6963,3,,,0,30,,6964,3,,,0,69,,6965,3,,,0,15,,6966,3,,,0,15,,6967,3,,,0,75,,6968,3,,,0,20,,6969,3,,,0,80,,6970,3,,,0,20,,6971,3,,,0,80,,6972,3,,,0
1001001,'236.0.3',645,,7092,9,,,0,63,,7093,9,,,0,20,,7094,9,,,0,20,,7095,9,,,0,60,,7096,9,,,0,20,,7097,9,,,0,20,,7098,9,,,0,57,,7099,9,,,0,20,,7100,9,,,0,507,,7101,9,,,0,15,,7102,9,,,0,64,,7103,9,,,0,21,,7104,9,,,0,20,,7105,9,,,0,60,,7106,9,,,0,20,,7107,9,,,0,25,,7108,9,,,0,64,,7109,9,,,0,22,,7110,9,,,0,60,,7111,9,,,0,9,,7112,9,,,0,20,,7113,9,,,0
2000900,'236.0.1',619,,7933,3,,,0,100,,7934,3,,,0,100,,7935,3,,,0,94,,7936,3,,,0,100,,7937,3,,,0,100,,7938,3,,,0,96,,7939,3,,,0,100,,7940,3,,,0,100,,7941,3,,,0,100,,7942,3,,,0,100,,7943,3,,,0,100,,7944,3,,,0,100,,7945,3,,,0,104,,7946,3,,,0,100,,7947,3,,,0,100,,7948,3,,,0,100,,7949,3,,,0,100,,7950,3,,,0,100,,7951,3,,,0
2000900,'236.0.2',618,,7952,3,,,0,97,,7953,3,,,0,98,,7954,3,,,0,100,,7955,3,,,0,100,,7956,3,,,0,100,,7957,3,,,0,100,,7958,3,,,0,100,,7959,3,,,0,100,,7960,3,,,0,100,,7961,3,,,0,100,,7962,3,,,0,100,,7963,3,,,0,100,,7964,3,,,0,100,,7965,3,,,0,102,,7966,3,,,0,100,,7967,3,,,0,100,,7968,3,,,0,100,,7969,3,,,0,100,,7970,3,,,0
2000900,'236.0.3',616,,7973,3,,,0,30,,7974,3,,,0,70,,7975,3,,,0,26,,7976,3,,,0,70,,7977,3,,,0,100,,7978,3,,,0,100,,7979,3,,,0,96,,7980,3,,,0,96,,7981,3,,,0,100,,7982,3,,,0,100,,7983,3,,,0,28,,7984,3,,,0,25,,7985,3,,,0,68,,7986,3,,,0,30,,7987,3,,,0,70,,7988,3,,,0,80,,7989,3,,,0,33,,7990,3,,,0,70,,7991,3,,,0,30,,7992,3,,,0,70,,7993,3,,,0,30,,7994,3,,,0,70,,7995,3,,,0,30,,7996,3,,,0,70,,7997,3,,,0,100,,7998,3,,,0,100,,7999,3,,,0,100,,8000,3,,,0,100,,8001,3,,,0
2001001,'236.0.1',654,,8171,20,,,0,94,,8172,20,,,0,87,,8173,20,,,0,72,,8174,20,,,0,30,,8175,20,,,0,71,,8176,20,,,0,33,,8177,20,,,0,70,,8178,20,,,0,31,,8179,20,,,0,72,,8180,20,,,0,33,,8181,20,,,0,72,,8182,20,,,0,30,,8183,20,,,0,70,,8184,20,,,0,30,,8185,20,,,0,70,,8186,20,,,0,30,,8187,20,,,0,70,,8188,20,,,0,30,,8189,20,,,0,70,,8190,20,,,0,30,,8191,20,,,0,70,,8192,20,,,0,30,,8193,20,,,0,67,,8194,20,,,0,26,,8195,20,,,0,70,,8196,20,,,0,30,,8197,20,,,0,100,,8198,20,,,0,99,,8199,20,,,0,99,,8200,20,,,0,100,,8201,20,,,0
2001001,'236.0.2',647,,8202,20,,,0,92,,8203,20,,,0,90,,8204,20,,,0,72,,8205,20,,,0,31,,8206,20,,,0,72,,8207,20,,,0,32,,8208,20,,,0,72,,8209,20,,,0,31,,8210,20,,,0,70,,8211,20,,,0,30,,8212,20,,,0,70,,8213,20,,,0,30,,8214,20,,,0,70,,8215,20,,,0,32,,8216,20,,,0,71,,8217,20,,,0,30,,8218,20,,,0,70,,8219,20,,,0,30,,8220,20,,,0,69,,8221,20,,,0,30,,8222,20,,,0,70,,8223,20,,,0,30,,8224,20,,,0,101,,8225,20,,,0,100,,8226,20,,,0,100,,8227,20,,,0,100,,8228,20,,,0,100,,8229,20,,,0,100,,8230,20,,,0
2001001,'236.0.3',606,,8231,20,,,0,30,,8232,20,,,0,22,,8233,20,,,0,63,,8234,20,,,0,22,,8269,20,,,0,60,,8235,20,,,0,20,,8236,20,,,0,20,,8237,20,,,0,61,,8238,20,,,0,50,,8239,20,,,0,60,,8240,20,,,0,24,,8241,20,,,0,70,,8242,20,,,0,31,,8243,20,,,0,70,,8244,20,,,0,30,,8245,20,,,0,70,,8246,20,,,0,30,,8247,20,,,0,79,,8248,20,,,0,21,,8249,20,,,0,64,,8250,20,,,0,15,,8251,20,,,0,21,,8252,20,,,0,20,,8253,20,,,0,60,,8254,20,,,0,21,,8255,20,,,0,64,,8256,20,,,0,25,,8257,20,,,0,21,,8258,20,,,0,60,,8259,20,,,0,9,,8260,20,,,0,20,,8261,20,,,0,70,,8262,20,,,0,26,,8263,20,,,0,72,,8264,20,,,0,30,,8265,20,,,0,70,,8266,20,,,0,30,,8267,20,,,0,70,,8268,20,,,0
3001001,'236.0.1',624,,8731,28,0,5,0,94,,8732,28,0,5,0,100,,8733,28,0,5,0,34,,8734,28,0,5,0,70,,8735,28,0,5,0,30,,8736,28,0,5,0,70,,8737,28,0,5,0,34,,8738,28,0,5,0,71,,8739,28,0,5,0,31,,8740,28,0,5,0,72,,8741,28,0,5,0,74,,8742,28,0,5,0,30,,8743,28,0,5,0,70,,8744,28,0,5,0,30,,8745,28,0,5,0,70,,8746,28,0,5,0,30,,8747,28,0,5,0,70,,8748,28,0,5,0,30,,8749,28,0,5,0,70,,8750,28,0,5,0,30,,8751,28,0,5,0,70,,8752,28,0,5,0,30,,8753,28,0,5,0,70,,8754,28,0,5,0,24,,8755,28,0,5,0,28,,8756,28,0,5,0,70,,8757,28,0,5,0,100,,8758,28,0,5,0,96,,8759,28,0,5,0,94,,8760,28,0,5,0,100,,8761,28,0,5,0
3001001,'236.0.2',622,,8763,28,0,5,0,90,,8764,28,0,5,0,100,,8765,28,0,5,0,30,,8766,28,0,5,0,70,,8767,28,0,5,0,30,,8768,28,0,5,0,73,,8769,28,0,5,0,33,,8770,28,0,5,0,74,,8771,28,0,5,0,30,,8772,28,0,5,0,70,,8773,28,0,5,0,30,,8774,28,0,5,0,71,,8775,28,0,5,0,30,,8776,28,0,5,0,70,,8777,28,0,5,0,30,,8778,28,0,5,0,73,,8779,28,0,5,0,30,,8780,28,0,5,0,70,,8781,28,0,5,0,30,,8782,28,0,5,0,70,,8783,28,0,5,0,30,,8784,28,0,5,0,70,,8785,28,0,5,0,30,,8786,28,0,5,0,67,,8787,28,0,5,0,100,,8788,28,0,5,0,94,,8789,28,0,5,0,100,,8790,28,0,5,0,100,,8791,28,0,5,0
3001001,'236.0.3',551,,8793,28,0,5,0,70,,8794,28,0,5,0,30,,8795,28,0,5,0,65,,8796,28,0,5,0,22,,8797,28,0,5,0,20,,8798,28,0,5,0,58,,8799,28,0,5,0,19,,8800,28,0,5,0,20,,8801,28,0,5,0,57,,8802,28,0,5,0,32,,8803,28,0,5,0,60,,8804,28,0,5,0,20,,8805,28,0,5,0,28,,8806,28,0,5,0,72,,8807,28,0,5,0,30,,8808,28,0,5,0,70,,8809,28,0,5,0,30,,8810,28,0,5,0,70,,8811,28,0,5,0,30,,8812,28,0,5,0,70,,8813,28,0,5,0,30,,8814,28,0,5,0,70,,8815,28,0,5,0,21,,8816,28,0,5,0,60,,8817,28,0,5,0,20,,8818,28,0,5,0,21,,8819,28,0,5,0,67,,8820,28,0,5,0,23,,8821,28,0,5,0,20,,8822,28,0,5,0,60,,8823,28,0,5,0,18,,8824,28,0,5,0,16,,8825,28,0,5,0,57,,8826,28,0,5,0,13,,8827,28,0,5,0,12,,8828,28,0,5,0,19,,8829,28,0,5,0,79,,8830,28,0,5,0,70,,8831,28,0,5,0,30,,8832,28,0,5,0,70,,8833,28,0,5,0,30,,8834,28,0,5,0,28,,8835,28,0,5,0,64,,8836,28,0,5,0
