2201,'236.0.1',557,,2234,16,,,0,70,,2235,16,,,0,30,,2236,16,,,0,70,,2237,16,,,0,30,,2238,16,,,0,70,,2239,16,,,0,30,,2240,16,,,0,70,,2241,16,,,0,29,,2242,16,,,0,70,,2243,16,,,0,30,,2244,16,,,0,70,,2245,16,,,0,30,,2246,16,,,0,70,,2247,16,,,0,30,,2248,16,,,0,70,,2249,16,,,0,30,,2250,16,,,0,70,,2251,16,,,0,30,,2252,16,,,0,70,,2253,16,,,0,30,,2254,16,,,0,70,,2255,16,,,0,31,,2256,16,,,0,70,,2257,16,,,0,30,,2258,16,,,0,70,,2259,16,,,0,30,,2260,16,,,0,70,,2261,16,,,0,30,,2262,16,,,0,70,,2263,16,,,0,30,,2264,16,,,0,70,,2265,16,,,0,30,,2266,16,,,0,70,,2267,16,,,0,30,,2268,16,,,0,70,,2269,16,,,0
2201,'236.0.2',547,,2270,16,,,0,70,,2271,16,,,0,30,,2272,16,,,0,70,,2273,16,,,0,30,,2274,16,,,0,70,,2275,16,,,0,30,,2276,16,,,0,70,,2277,16,,,0,30,,2278,16,,,0,70,,2279,16,,,0,30,,2280,16,,,0,70,,2281,16,,,0,30,,2282,16,,,0,70,,2283,16,,,0,30,,2284,16,,,0,70,,2285,16,,,0,30,,2286,16,,,0,70,,2287,16,,,0,30,,2288,16,,,0,70,,2289,16,,,0,30,,2290,16,,,0,70,,2291,16,,,0,30,,2292,16,,,0,70,,2293,16,,,0,30,,2294,16,,,0,70,,2295,16,,,0,30,,2296,16,,,0,70,,2297,16,,,0,30,,2298,16,,,0,70,,2299,16,,,0,30,,2300,16,,,0,70,,2301,16,,,0,30,,2302,16,,,0,70,,2303,16,,,0,30,,2304,16,,,0,70,,2305,16,,,0,30,,2306,16,,,0
2201,'236.0.3',610,,2307,16,,,0,30,,2308,16,,,0,70,,2309,16,,,0,27,,2310,16,,,0,70,,2311,16,,,0,30,,2312,16,,,0,71,,2313,16,,,0,29,,2314,16,,,0,70,,2315,16,,,0,30,,2316,16,,,0,70,,2317,16,,,0,30,,2318,16,,,0,70,,2319,16,,,0,30,,2320,16,,,0,70,,2321,16,,,0,30,,2322,16,,,0,70,,2323,16,,,0,29,,2324,16,,,0,70,,2325,16,,,0,30,,2326,16,,,0,70,,2327,16,,,0,30,,2328,16,,,0,70,,2329,16,,,0,30,,2330,16,,,0,70,,2331,16,,,0,31,,2332,16,,,0,70,,2333,16,,,0,30,,2334,16,,,0,70,,2335,16,,,0,30,,2336,16,,,0,70,,2337,16,,,0,30,,2338,16,,,0,70,,2339,16,,,0,30,,2340,16,,,0,70,,2341,16,,,0,30,,2342,16,,,0
2501,'236.0.1',710,,2617,23,,,0,100,,2618,23,,,0,100,,2619,23,,,0,100,,2620,23,,,0,100,,2621,23,,,0,100,,2622,23,,,0,100,,2623,23,,,0,100,,2624,23,,,0,100,,2625,23,,,0,100,,2626,23,,,0,100,,2627,23,,,0,100,,2628,23,,,0,100,,2629,23,,,0,100,,2630,23,,,0,100,,2631,23,,,0,100,,2632,23,,,0
2501,'236.0.2',810,,2633,23,,,0,100,,2634,23,,,0,100,,2635,23,,,0,100,,2636,23,,,0,100,,2637,23,,,0,100,,2638,23,,,0,100,,2639,23,,,0,100,,2640,23,,,0,100,,2641,23,,,0,100,,2642,23,,,0,100,,2643,23,,,0,100,,2644,23,,,0,100,,2645,23,,,0,100,,2646,23,,,0
2501,'236.0.3',613,,2647,23,,,0,30,,2648,23,,,0,70,,2649,23,,,0,36,,2650,23,,,0,65,,2651,23,,,0,30,,2652,23,,,0,70,,2653,23,,,0,29,,2654,23,,,0,100,,2655,23,,,0,100,,2656,23,,,0,100,,2657,23,,,0,100,,2658,23,,,0,100,,2659,23,,,0,100,,2660,23,,,0,74,,2661,23,,,0,32,,2662,23,,,0,72,,2663,23,,,0,26,,2664,23,,,0,69,,2665,23,,,0,26,,2666,23,,,0,70,,2667,23,,,0,30,,2668,23,,,0,100,,2669,23,,,0,100,,2670,23,,,0,100,,2671,23,,,0,100,,2672,23,,,0
12300,'236.0.3',630,,6032,32,,,0,70,,6034,32,,,0,105,,6035,32,,,0,30,,6036,32,,,0,67,,6033,32,,,0
12300,'236.1141.3',733,,6037,32,,,0
12300,'236.1143.3',733,,6038,32,,,0
12700,'236.0.3',630,,6052,22,,,0,18,,6053,22,,,0,60,,6054,22,,,0,9,,6055,22,,,0,8,,6056,22,,,0,18,,6057,22,,,0,14,,6058,22,,,0,55,,6059,22,,,0,5,,6060,22,,,0
41501,'236.0.3',645,,6487,24,,,0,106,,6488,24,,,0,94,,6489,24,,,0,99,,6490,24,,,0,573,,6494,24,,,0,105,,6491,24,,,0,101,,6492,24,,,0,98,,6493,24,,,0
1000901,'236.0.1',659,,6973,31,,,0,100,,6974,31,,,0,141,,6975,31,,,0,100,,6976,31,,,0,100,,6977,31,,,0,100,,6978,31,,,0,100,,6979,31,,,0,100,,6980,31,,,0,100,,6981,31,,,0,100,,6982,31,,,0,100,,6983,31,,,0,57,,6984,31,,,0,100,,6985,31,,,0,100,,6986,31,,,0,99,,6987,31,,,0,100,,6988,31,,,0,100,,6989,31,,,0,100,,6990,31,,,0
1000901,'236.0.2',657,,6991,31,,,0,98,,6992,31,,,0,102,,6993,31,,,0,100,,6994,31,,,0,100,,6995,31,,,0,100,,6996,31,,,0,100,,6997,31,,,0,100,,6998,31,,,0,100,,6999,31,,,0,100,,7000,31,,,0,100,,7001,31,,,0,100,,7002,31,,,0,100,,7003,31,,,0,100,,7004,31,,,0,97,,7005,31,,,0,100,,7006,31,,,0,100,,7007,31,,,0,100,,7008,31,,,0
1000901,'236.0.3',543,,7009,31,,,0,67,,7010,31,,,0,25,,7011,31,,,0,10,,7012,31,,,0,5,,7013,31,,,0,55,,7014,31,,,0,20,,7015,31,,,0,5,,7016,31,,,0,15,,7017,31,,,0,10,,7018,31,,,0,60,,7019,31,,,0,10,,7020,31,,,0,20,,7021,31,,,0,9,,7022,31,,,0,51,,7023,31,,,0,10,,7024,31,,,0,25,,7025,31,,,0,15,,7026,31,,,0,55,,7027,31,,,0,30,,7028,31,,,0,15,,7029,31,,,0,55,,7030,31,,,0,30,,7031,31,,,0,15,,7032,31,,,0,55,,7033,31,,,0,30,,7034,31,,,0,15,,7035,31,,,0,55,,7036,31,,,0,30,,7037,31,,,0,15,,7038,31,,,0,55,,7039,31,,,0,30,,7040,31,,,0,15,,7041,31,,,0,55,,7042,31,,,0,29,,7043,31,,,0,65,,7044,31,,,0,5,,7045,31,,,0,25,,7046,31,,,0,10,,7047,31,,,0,60,,7048,31,,,0,10,,7049,31,,,0,20,,7050,31,,,0,10,,7051,31,,,0,60,,7052,31,,,0,10,,7053,31,,,0,18,,7054,31,,,0,10,,7055,31,,,0,65,,7056,31,,,0,30,,7057,31,,,0,71,,7058,31,,,0,29,,7059,31,,,0,70,,7060,31,,,0,28,,7061,31,,,0,70,,7062,31,,,0,35,,7063,31,,,0,60,,7064,31,,,0,40,,7065,31,,,0,60,,7066,31,,,0,40,,7067,31,,,0,60,,7068,31,,,0
2000901,'236.0.1',629,,8002,47,,,0,100,,8003,47,,,0,99,,8004,47,,,0,102,,8005,47,,,0,100,,8006,47,,,0,100,,8007,47,,,0,100,,8008,47,,,0,100,,8009,47,,,0,100,,8010,47,,,0,100,,8011,47,,,0,100,,8012,47,,,0,100,,8013,47,,,0,97,,8014,47,,,0,100,,8015,47,,,0,99,,8016,47,,,0,100,,8017,47,,,0,100,,8018,47,,,0,100,,8019,47,,,0,100,,8020,47,,,0
2000901,'236.0.2',627,,8021,47,,,0,100,,8022,47,,,0,98,,8023,47,,,0,102,,8024,47,,,0,100,,8025,47,,,0,100,,8026,47,,,0,100,,8027,47,,,0,100,,8028,47,,,0,100,,8029,47,,,0,100,,8030,47,,,0,100,,8031,47,,,0,100,,8032,47,,,0,100,,8033,47,,,0,100,,8034,47,,,0,97,,8035,47,,,0,100,,8036,47,,,0,100,,8037,47,,,0,99,,8038,47,,,0,100,,8039,47,,,0
2000901,'236.0.3',555,,8040,47,,,0,70,,8041,47,,,0,30,,8042,47,,,0,80,,8043,47,,,0,70,,8044,47,,,0,30,,8045,47,,,0,21,,8046,47,,,0,69,,8047,47,,,0,100,,8048,47,,,0,100,,8049,47,,,0,100,,8050,47,,,0,100,,8051,47,,,0,100,,8052,47,,,0,99,,8053,47,,,0,30,,8054,47,,,0,70,,8055,47,,,0,30,,8056,47,,,0,70,,8057,47,,,0,30,,8058,47,,,0,69,,8059,47,,,0,29,,8060,47,,,0,70,,8061,47,,,0,30,,8062,47,,,0,70,,8063,47,,,0,30,,8064,47,,,0,70,,8065,47,,,0,22,,8066,47,,,0,70,,8067,47,,,0,100,,8068,47,,,0,100,,8069,47,,,0
