5300,'220.0.1',612,,4665,,,0,30,,4666,,,0,70,,4667,,,0,30,,4668,,,0,70,,4669,,,0,30,,4670,,,0,70,,4671,,,0,30,,4672,,,0,70,,4673,,,0,30,,4674,,,0,70,,4675,,,0,30,,4676,,,0,70,,4677,,,0,30,,4678,,,0,70,,4679,,,0,30,,4680,,,0,70,,4681,,,0,30,,4682,,,0,70,,4683,,,0,30,,4684,,,0,70,,4685,,,0,30,,4686,,,0,70,,4687,,,0,30,,4688,,,0,70,,4689,,,0,30,,4690,,,0,70,,4691,,,0,30,,4692,,,0,70,,4693,,,0,30,,4694,,,0,70,,4695,,,0,30,,4696,,,0,70,,4697,,,0,100,,4698,,,0
5300,'220.0.2',712,,4699,,,0,100,,4700,,,0,100,,4701,,,0,100,,4702,,,0,100,,4703,,,0,100,,4704,,,0,100,,4705,,,0,100,,4706,,,0,100,,4707,,,0,100,,4708,,,0,100,,4709,,,0,100,,4710,,,0,100,,4711,,,0,100,,4712,,,0,100,,4713,,,0,100,,4714,,,0
5300,'220.0.3',611,,4715,,,0,30,,4716,,,0,71,,4717,,,0,30,,4718,,,0,70,,4719,,,0,30,,4720,,,0,70,,4721,,,0,30,,4722,,,0,70,,4723,,,0,30,,4724,,,0,70,,4725,,,0,30,,4726,,,0,70,,4727,,,0,30,,4728,,,0,70,,4729,,,0,30,,4730,,,0,70,,4731,,,0,30,,4732,,,0,70,,4733,,,0,30,,4734,,,0,70,,4735,,,0,30,,4736,,,0,70,,4737,,,0,30,,4738,,,0,70,,4739,,,0,30,,4740,,,0,70,,4741,,,0,30,,4742,,,0,70,,4743,,,0,30,,4744,,,0,70,,4745,,,0,100,,4746,,,0,100,,4747,,,0,100,,4748,,,0
5300,'220.0.4',611,,4749,,,0,30,,4750,,,0,71,,4751,,,0,30,,4752,,,0,70,,4753,,,0,30,,4754,,,0,70,,4755,,,0,30,,4756,,,0,70,,4757,,,0,30,,4758,,,0,70,,4759,,,0,30,,4760,,,0,70,,4761,,,0,30,,4762,,,0,70,,4763,,,0,30,,4764,,,0,70,,4765,,,0,30,,4766,,,0,70,,4767,,,0,30,,4768,,,0,70,,4769,,,0,30,,4770,,,0,70,,4771,,,0,30,,4772,,,0,70,,4773,,,0,30,,4774,,,0,70,,4775,,,0,30,,4776,,,0,70,,4777,,,0,30,,4778,,,0,70,,4779,,,0,100,,4780,,,0,100,,4781,,,0,100,,4782,,,0,100,,4783,,,0
8700,'220.0.1',635,,7886,,,0,70,,7887,,,0,30,,7888,,,0,70,,7889,,,0,30,,7890,,,0,70,,7891,,,0,26,,7892,,,0,70,,7893,,,0,30,,7894,,,0,70,,7895,,,0,30,,7896,,,0,70,,7897,,,0,30,,7898,,,0,70,,7899,,,0,30,,7900,,,0,70,,7901,,,0,29,,7902,,,0,70,,7903,,,0,30,,7904,,,0,71,,7905,,,0,30,,7906,,,0,70,,7907,,,0,30,,7908,,,0,70,,7909,,,0,30,,7910,,,0,104,,7911,,,0,100,,7912,,,0,100,,7913,,,0,100,,7914,,,0,100,,7915,,,0
8700,'220.0.2',640,,7916,,,0,100,,7917,,,0,100,,7918,,,0,100,,7919,,,0,100,,7920,,,0,100,,7921,,,0,98,,7922,,,0,100,,7923,,,0,100,,7924,,,0,100,,7925,,,0,100,,7926,,,0,102,,7927,,,0,100,,7928,,,0,100,,7929,,,0,100,,7930,,,0,100,,7931,,,0,100,,7932,,,0
8700,'220.0.3',640,,7933,,,0,70,,7934,,,0,30,,7935,,,0,70,,7936,,,0,30,,7937,,,0,70,,7938,,,0,30,,7939,,,0,70,,7940,,,0,30,,7941,,,0,70,,7942,,,0,30,,7943,,,0,70,,7944,,,0,30,,7945,,,0,70,,7946,,,0,30,,7947,,,0,70,,7948,,,0,30,,7949,,,0,70,,7950,,,0,30,,7951,,,0,73,,7952,,,0,30,,7953,,,0,67,,7954,,,0,30,,7955,,,0,70,,7956,,,0,90,,7957,,,0,100,,7958,,,0,100,,7959,,,0,100,,7960,,,0,100,,7961,,,0,100,,7962,,,0
8700,'220.0.4',640,,7963,,,0,70,,7964,,,0,30,,7965,,,0,70,,7966,,,0,30,,7967,,,0,70,,7968,,,0,30,,7969,,,0,70,,7970,,,0,30,,7971,,,0,70,,7972,,,0,30,,7973,,,0,70,,7974,,,0,30,,7975,,,0,70,,7976,,,0,30,,7977,,,0,70,,7978,,,0,30,,7979,,,0,70,,7980,,,0,30,,7981,,,0,73,,7982,,,0,30,,7983,,,0,67,,7984,,,0,30,,7985,,,0,70,,7986,,,0,90,,7987,,,0,100,,7988,,,0,100,,7989,,,0,100,,7990,,,0,100,,7991,,,0,100,,7992,,,0,100,,7993,,,0,100,,7994,,,0
8701,'220.0.1',639,,7995,4,,0,70,,7996,4,,0,30,,7997,4,,0,70,,7998,4,,0,30,,7999,4,,0,70,,8000,4,,0,32,,8001,4,,0,71,,8002,4,,0,30,,8003,4,,0,70,,8004,4,,0,32,,8005,4,,0,71,,8006,4,,0,30,,8007,4,,0,71,,8008,4,,0,30,,8009,4,,0,70,,8010,4,,0,29,,8011,4,,0,70,,8012,4,,0,30,,8013,4,,0,70,,8014,4,,0,30,,8015,4,,0,70,,8016,4,,0,30,,8017,4,,0,69,,8018,4,,0,26,,8019,4,,0,95,,8020,4,,0,100,,8021,4,,0,100,,8022,4,,0,100,,8023,4,,0,100,,8024,4,,0
8701,'220.0.2',638,,8025,4,,0,100,,8026,4,,0,100,,8027,4,,0,102,,8028,4,,0,100,,8029,4,,0,100,,8030,4,,0,102,,8031,4,,0,103,,8032,4,,0,100,,8033,4,,0,100,,8034,4,,0,100,,8035,4,,0,97,,8036,4,,0,97,,8037,4,,0,100,,8038,4,,0,100,,8039,4,,0,100,,8040,4,,0,99,,8041,4,,0,97,,8042,4,,0
8701,'220.0.3',707,,8043,4,,0,36,,8044,4,,0,15,,8045,4,,0,70,,8046,4,,0,24,,8047,4,,0,69,,8048,4,,0,30,,8049,4,,0,70,,8050,4,,0,30,,8051,4,,0,70,,8052,4,,0,30,,8053,4,,0,70,,8054,4,,0,30,,8055,4,,0,70,,8056,4,,0,30,,8057,4,,0,70,,8058,4,,0,33,,8059,4,,0,72,,8060,4,,0,30,,8061,4,,0,69,,8062,4,,0,31,,8063,4,,0,70,,8064,4,,0,30,,8065,4,,0,66,,8066,4,,0,28,,8067,4,,0,70,,8068,4,,0,90,,8069,4,,0,100,,8070,4,,0,100,,8071,4,,0,100,,8072,4,,0,100,,8073,4,,0
8701,'220.0.4',707,,8074,4,,0,36,,8075,4,,0,15,,8076,4,,0,70,,8077,4,,0,24,,8078,4,,0,69,,8079,4,,0,30,,8080,4,,0,70,,8081,4,,0,30,,8082,4,,0,70,,8083,4,,0,30,,8084,4,,0,70,,8085,4,,0,30,,8086,4,,0,70,,8087,4,,0,30,,8088,4,,0,70,,8089,4,,0,33,,8090,4,,0,72,,8091,4,,0,30,,8092,4,,0,69,,8093,4,,0,31,,8094,4,,0,70,,8095,4,,0,30,,8096,4,,0,66,,8097,4,,0,28,,8098,4,,0,70,,8099,4,,0,90,,8100,4,,0,100,,8101,4,,0,100,,8102,4,,0,100,,8103,4,,0,100,,8104,4,,0,100,,8105,4,,0,100,,8106,4,,0
