9000,'236.0.1',611,,5717,9,,,0,25,,5718,9,,,0,70,,5719,9,,,0,30,,5720,9,,,0,70,,5721,9,,,0,25,,5722,9,,,0,70,,5723,9,,,0,30,,5724,9,,,0,25,,5725,9,,,0,72,,5726,9,,,0,30,,5727,9,,,0,70,,5728,9,,,0,30,,5729,9,,,0,67,,5730,9,,,0,30,,5731,9,,,0,70,,5732,9,,,0,30,,5733,9,,,0,70,,5734,9,,,0,30,,5735,9,,,0,70,,5736,9,,,0,30,,5737,9,,,0,73,,5738,9,,,0,30,,5739,9,,,0,70,,5740,9,,,0,30,,5741,9,,,0,70,,5742,9,,,0,30,,5743,9,,,0,70,,5744,9,,,0,30,,5745,9,,,0,144,,5746,9,,,0,100,,5747,9,,,0,100,,5748,9,,,0,100,,5749,9,,,0
9000,'236.0.2',600,,5750,9,,,0,100,,5751,9,,,0,100,,5752,9,,,0,55,,5753,9,,,0,97,,5754,9,,,0,99,,5755,9,,,0,102,,5756,9,,,0,100,,5757,9,,,0,98,,5758,9,,,0,100,,5759,9,,,0,100,,5760,9,,,0,100,,5761,9,,,0,103,,5762,9,,,0,105,,5763,9,,,0,141,,5764,9,,,0,100,,5765,9,,,0,100,,5766,9,,,0,100,,5767,9,,,0
9000,'236.0.3',556,,5801,9,,,0,55,,5800,9,,,0,15,,5768,9,,,0,15,,5802,9,,,0,15,,5769,9,,,0,55,,5803,9,,,0,15,,5770,9,,,0,15,,5804,9,,,0,60,,5771,9,,,0,30,,5772,9,,,0,25,,5773,9,,,0,71,,5774,9,,,0,29,,5775,9,,,0,70,,5776,9,,,0,30,,5777,9,,,0,67,,5778,9,,,0,30,,5779,9,,,0,70,,5780,9,,,0,30,,5781,9,,,0,70,,5782,9,,,0,30,,5783,9,,,0,70,,5784,9,,,0,17,,5805,9,,,0,15,,5785,9,,,0,55,,5806,9,,,0,15,,5786,9,,,0,15,,5807,9,,,0,15,,5787,9,,,0,55,,5808,9,,,0,15,,5812,9,,,0,15,,5809,9,,,0,15,,5788,9,,,0,55,,5810,9,,,0,15,,5789,9,,,0,15,,5811,9,,,0,13,,5790,9,,,0,75,,5791,9,,,0,30,,5792,9,,,0,70,,5793,9,,,0,30,,5794,9,,,0,70,,5795,9,,,0,100,,5796,9,,,0,98,,5797,9,,,0,100,,5798,9,,,0,100,,5799,9,,,0
13500,'236.0.3',707,,6072,35,4,,0,30,,6073,35,4,,0,70,,6074,35,4,,0,15,,6075,35,4,,0,17,,6076,35,4,,0,15,,6077,35,4,,0
13500,'236.1141.3',752,,6078,35,4,,0
13500,'236.1143.3',752,,6079,35,4,,0
13600,'236.0.3',654,,6087,39,4,,0,72,,6088,39,4,,0,17,,6089,39,4,,0,15,,6090,39,4,,0,55,,6091,39,4,,0,16,,6092,39,4,,0,11,,6093,39,4,,0,61,,6094,39,4,,0
13700,'236.0.3',701,,6107,33,4,,0,30,,6103,33,4,,0,22,,6108,33,4,,0,50,,6104,33,4,,0,30,,6105,33,4,,0,70,,6106,33,4,,0
13800,'236.0.3',644,,6115,42,4,,0,72,,6116,42,4,,0,15,,6117,42,4,,0,16,,6118,42,4,,0,71,,6119,42,4,,0,5,,6120,42,4,,0,28,,6121,42,4,,0
15801,'236.0.3',744,,6133,33,4,,0,73,,6136,33,4,,0,28,,6134,33,4,,0,70,,6135,33,4,,0
15901,'236.0.3',630,,6146,33,4,,0,25,,6154,33,4,,0,55,,6147,33,4,,0,24,,6148,33,4,,0,23,,6149,33,4,,0,62,,6150,33,4,,0,20,,6151,33,4,,0,62,,6152,33,4,,0,17,,6153,33,4,,0
16100,'236.0.3',634,,6155,46,4,,0,70,,6156,46,4,,0,35,,6157,46,4,,0,73,,6158,46,4,,0,31,,6159,46,4,,0,70,,6160,46,4,,0
16501,'236.0.3',651,,6173,35,4,,0,71,,6174,35,4,,0,36,,6175,35,4,,0,74,,6176,35,4,,0,71,,6177,35,4,,0,30,,6178,35,4,,0
1000701,'236.0.1',628,,6721,13,,,0,20,,6722,13,,,0,60,,6723,13,,,0,20,,6724,13,,,0,20,,6725,13,,,0,60,,6726,13,,,0,20,,6727,13,,,0,21,,6728,13,,,0,60,,6729,13,,,0,20,,6730,13,,,0,20,,6731,13,,,0,60,,6732,13,,,0,20,,6733,13,,,0,20,,6734,13,,,0,61,,6735,13,,,0,20,,6736,13,,,0,20,,6737,13,,,0,60,,6738,13,,,0,20,,6739,13,,,0,20,,6740,13,,,0,60,,6741,13,,,0,20,,6742,13,,,0,20,,6743,13,,,0,60,,6744,13,,,0,20,,6745,13,,,0,20,,6746,13,,,0,60,,6747,13,,,0,20,,6748,13,,,0,20,,6749,13,,,0,60,,6750,13,,,0,20,,6751,13,,,0,20,,6752,13,,,0,60,,6753,13,,,0,19,,6754,13,,,0,20,,6755,13,,,0,60,,6756,13,,,0,20,,6757,13,,,0,20,,6758,13,,,0,60,,6759,13,,,0,20,,6760,13,,,0,20,,6761,13,,,0,60,,6762,13,,,0,20,,6763,13,,,0,20,,6764,13,,,0,60,,6765,13,,,0,20,,6766,13,,,0,20,,6767,13,,,0,60,,6768,13,,,0,20,,6769,13,,,0,20,,6770,13,,,0,60,,6771,13,,,0,20,,6772,13,,,0,20,,6773,13,,,0,60,,6774,13,,,0
1000701,'236.0.2',628,,6775,13,,,0,30,,6776,13,,,0,70,,6777,13,,,0,30,,6778,13,,,0,70,,6779,13,,,0,30,,6780,13,,,0,71,,6781,13,,,0,30,,6782,13,,,0,70,,6783,13,,,0,30,,6784,13,,,0,70,,6785,13,,,0,71,,6786,13,,,0,30,,6787,13,,,0,70,,6788,13,,,0,30,,6789,13,,,0,70,,6790,13,,,0,30,,6791,13,,,0,70,,6792,13,,,0,30,,6793,13,,,0,70,,6794,13,,,0,30,,6795,13,,,0,70,,6796,13,,,0,30,,6797,13,,,0,70,,6798,13,,,0,29,,6799,13,,,0,30,,6800,13,,,0,70,,6801,13,,,0,30,,6802,13,,,0,70,,6803,13,,,0,29,,6804,13,,,0,70,,6805,13,,,0,30,,6806,13,,,0,70,,6807,13,,,0,30,,6808,13,,,0,70,,6809,13,,,0,30,,6810,13,,,0
1000701,'236.0.3',612,,6811,13,,,0,15,,6812,13,,,0,15,,6813,13,,,0,15,,6814,13,,,0,55,,6815,13,,,0,17,,6816,13,,,0,21,,6817,13,,,0,55,,6818,13,,,0,15,,6819,13,,,0,15,,6820,13,,,0,15,,6821,13,,,0,55,,6822,13,,,0,15,,6823,13,,,0,15,,6824,13,,,0,15,,6825,13,,,0,52,,6826,13,,,0,14,,6827,13,,,0,15,,6828,13,,,0,15,,6829,13,,,0,55,,6830,13,,,0,15,,6831,13,,,0,15,,6832,13,,,0,15,,6833,13,,,0,56,,6834,13,,,0,15,,6835,13,,,0,15,,6836,13,,,0,15,,6837,13,,,0,55,,6838,13,,,0,15,,6839,13,,,0,15,,6840,13,,,0,15,,6841,13,,,0,55,,6842,13,,,0,15,,6843,13,,,0,15,,6844,13,,,0,15,,6845,13,,,0,56,,6846,13,,,0,17,,6847,13,,,0,15,,6848,13,,,0,15,,6849,13,,,0,55,,6850,13,,,0,15,,6851,13,,,0,15,,6852,13,,,0,15,,6853,13,,,0,55,,6854,13,,,0,15,,6855,13,,,0,13,,6856,13,,,0,13,,6857,13,,,0,55,,6858,13,,,0,13,,6859,13,,,0,15,,6860,13,,,0,15,,6861,13,,,0,15,,6862,13,,,0,55,,6863,13,,,0,15,,6864,13,,,0,15,,6865,13,,,0,13,,6866,13,,,0,55,,6867,13,,,0,15,,6868,13,,,0,15,,6869,13,,,0,15,,6870,13,,,0,55,,6871,13,,,0,15,,6872,13,,,0,15,,6873,13,,,0,15,,6874,13,,,0,54,,6875,13,,,0,15,,6876,13,,,0,15,,6877,13,,,0,15,,6878,13,,,0,55,,6879,13,,,0,30,,6880,13,,,0,70,,6881,13,,,0,30,,6882,13,,,0
1016801,'236.0.3',656,,7465,36,4,,0,72,,7466,36,4,,0,76,,7467,36,4,,0,31,,7468,36,4,,0,70,,7469,36,4,,0,25,,7470,36,4,,0
2016801,'236.0.3',643,,8480,41,4,,0,70,,8481,41,4,,0,36,,8482,41,4,,0,74,,8483,41,4,,0,30,,8484,41,4,,0,70,,8485,41,4,,0
