13501,'220.0.3',1534,,8803,,,0,70,,8804,,,0,30,,8805,,,0,70,,8806,,,0,30,,8807,,,0,70,,8808,,,0,28,,8809,,,0
13501,'220.0.4',1534,,8810,,,0,70,,8811,,,0,30,,8812,,,0,70,,8813,,,0,30,,8814,,,0,70,,8815,,,0,28,,8816,,,0
13601,'220.0.3',1524,,8833,,,0,30,,8834,,,0,72,,8835,,,0,15,,8836,,,0,15,,8837,,,0,70,,8838,,,0,27,,8839,,,0,70,,8840,,,0
13601,'220.0.4',1524,,8841,,,0,30,,8842,,,0,72,,8843,,,0,15,,8844,,,0,15,,8845,,,0,70,,8846,,,0,27,,8847,,,0,70,,8848,,,0
13701,'220.0.3',1545,,8861,,,0,70,,8862,,,0,30,,8863,,,0,70,,8864,,,0,28,,8865,,,0,70,,8866,,,0
13701,'220.0.4',1545,,8867,,,0,70,,8868,,,0,30,,8869,,,0,70,,8870,,,0,28,,8871,,,0,70,,8872,,,0
13801,'220.0.3',1549,,8887,,,0,71,,8888,,,0,31,,8889,,,0,70,,8890,,,0,27,,8891,,,0,70,,8892,,,0,20,,8893,,,0
13801,'220.0.4',1549,,8894,,,0,71,,8895,,,0,31,,8896,,,0,70,,8897,,,0,27,,8898,,,0,70,,8899,,,0,20,,8900,,,0
1000701,'220.0.1',636,,9905,,,0,20,,9906,,,0,60,,9907,,,0,20,,9908,,,0,20,,9909,,,0,60,,9910,,,0,20,,9911,,,0,21,,9912,,,0,60,,9913,,,0,20,,9914,,,0,20,,9915,,,0,60,,9916,,,0,20,,9917,,,0,20,,9918,,,0,62,,9919,,,0,20,,9920,,,0,20,,9921,,,0,60,,9922,,,0,20,,9923,,,0,20,,9924,,,0,60,,9925,,,0,20,,9926,,,0,20,,9927,,,0,60,,9928,,,0,20,,9929,,,0,20,,9930,,,0,60,,9931,,,0,20,,9932,,,0,20,,9933,,,0,60,,9934,,,0,20,,9935,,,0,20,,9936,,,0,60,,9937,,,0,19,,9938,,,0,20,,9939,,,0,60,,9940,,,0,20,,9941,,,0,20,,9942,,,0,60,,9943,,,0,19,,9944,,,0,20,,9945,,,0,60,,9946,,,0,20,,9947,,,0,20,,9948,,,0,60,,9949,,,0,20,,9950,,,0,20,,9951,,,0,60,,9952,,,0,20,,9953,,,0,20,,9954,,,0,60,,9955,,,0,20,,9956,,,0,20,,9957,,,0,60,,9958,,,0
1000701,'220.0.2',635,,9959,,,0,70,,9960,,,0,30,,9961,,,0,70,,9962,,,0,30,,9963,,,0,71,,9964,,,0,32,,9965,,,0,70,,9966,,,0,30,,9967,,,0,70,,9968,,,0,30,,9969,,,0,71,,9970,,,0,30,,9971,,,0,70,,9972,,,0,30,,9973,,,0,70,,9974,,,0,30,,9975,,,0,70,,9976,,,0,30,,9977,,,0,70,,9978,,,0,30,,9979,,,0,70,,9980,,,0,30,,9981,,,0,70,,9982,,,0,29,,9983,,,0,69,,9984,,,0,30,,9985,,,0,70,,9986,,,0,30,,9987,,,0,69,,9988,,,0,30,,9989,,,0,70,,9990,,,0,30,,9991,,,0,70,,9992,,,0,30,,9993,,,0,70,,9994,,,0
1000701,'220.0.3',621,,9995,,,0,15,,9996,,,0,15,,9997,,,0,55,,9998,,,0,15,,9999,,,0,18,,10000,,,0,61,,10001,,,0,15,,10002,,,0,15,,10003,,,0,15,,10004,,,0,55,,10005,,,0,15,,10006,,,0,15,,10007,,,0,15,,10008,,,0,55,,10009,,,0,12,,10010,,,0,14,,10011,,,0,15,,10012,,,0,15,,10013,,,0,55,,10014,,,0,15,,10015,,,0,15,,10016,,,0,15,,10017,,,0,56,,10018,,,0,15,,10019,,,0,15,,10020,,,0,15,,10021,,,0,55,,10022,,,0,15,,10023,,,0,15,,10024,,,0,15,,10025,,,0,55,,10026,,,0,15,,10027,,,0,15,,10028,,,0,15,,10029,,,0,60,,10030,,,0,17,,10031,,,0,15,,10032,,,0,55,,10033,,,0,15,,10034,,,0,15,,10035,,,0,15,,10036,,,0,55,,10037,,,0,15,,10038,,,0,13,,10039,,,0,11,,10040,,,0,13,,10041,,,0,55,,10042,,,0,13,,10043,,,0,15,,10044,,,0,15,,10045,,,0,55,,10046,,,0,15,,10047,,,0,15,,10048,,,0,15,,10049,,,0,53,,10050,,,0,15,,10051,,,0,15,,10052,,,0,15,,10053,,,0,55,,10054,,,0,15,,10055,,,0,15,,10056,,,0,15,,10057,,,0,54,,10058,,,0,13,,10059,,,0,15,,10060,,,0,15,,10061,,,0,55,,10062,,,0,15,,10063,,,0,30,,10064,,,0,70,,10065,,,0,30,,10066,,,0
1000701,'220.0.4',621,,10067,,,0,15,,10068,,,0,15,,10069,,,0,55,,10070,,,0,15,,10071,,,0,18,,10072,,,0,61,,10073,,,0,15,,10074,,,0,15,,10075,,,0,15,,10076,,,0,55,,10077,,,0,15,,10078,,,0,15,,10079,,,0,15,,10080,,,0,55,,10081,,,0,12,,10082,,,0,14,,10083,,,0,15,,10084,,,0,15,,10085,,,0,55,,10086,,,0,15,,10087,,,0,15,,10088,,,0,15,,10089,,,0,56,,10090,,,0,15,,10091,,,0,15,,10092,,,0,15,,10093,,,0,55,,10094,,,0,15,,10095,,,0,15,,10096,,,0,15,,10097,,,0,55,,10098,,,0,15,,10099,,,0,15,,10100,,,0,15,,10101,,,0,60,,10102,,,0,17,,10103,,,0,15,,10104,,,0,55,,10105,,,0,15,,10106,,,0,15,,10107,,,0,15,,10108,,,0,55,,10109,,,0,15,,10110,,,0,13,,10111,,,0,11,,10112,,,0,13,,10113,,,0,55,,10114,,,0,13,,10115,,,0,15,,10116,,,0,15,,10117,,,0,55,,10118,,,0,15,,10119,,,0,15,,10120,,,0,15,,10121,,,0,53,,10122,,,0,15,,10123,,,0,15,,10124,,,0,15,,10125,,,0,55,,10126,,,0,15,,10127,,,0,15,,10128,,,0,15,,10129,,,0,54,,10130,,,0,13,,10131,,,0,15,,10132,,,0,15,,10133,,,0,55,,10134,,,0,15,,10135,,,0,30,,10136,,,0,70,,10137,,,0,30,,10138,,,0,70,,10139,,,0,30,,10140,,,0
