5801,'236.0.1',615,,3884,23,,,0,100,,3885,23,,,0,100,,3886,23,,,0,100,,3887,23,,,0,100,,3888,23,,,0,100,,3889,23,,,0,100,,3890,23,,,0,100,,3891,23,,,0,100,,3892,23,,,0,100,,3893,23,,,0,100,,3894,23,,,0,100,,3895,23,,,0,100,,3896,23,,,0,100,,3897,23,,,0,100,,3898,23,,,0,100,,3899,23,,,0,100,,3900,23,,,0
5801,'236.0.2',715,,3901,23,,,0,100,,3902,23,,,0,100,,3903,23,,,0,100,,3904,23,,,0,100,,3905,23,,,0,100,,3906,23,,,0,100,,3907,23,,,0,100,,3908,23,,,0,100,,3909,23,,,0,100,,3910,23,,,0,100,,3911,23,,,0,100,,3912,23,,,0,100,,3913,23,,,0,100,,3914,23,,,0,100,,3915,23,,,0,100,,3916,23,,,0
5801,'236.0.3',610,,3917,23,,,0,30,,3918,23,,,0,280,,3919,23,,,0,100,,3920,23,,,0,100,,3921,23,,,0,100,,3922,23,,,0,100,,3923,23,,,0,100,,3924,23,,,0,100,,3925,23,,,0,30,,3926,23,,,0,70,,3927,23,,,0,30,,3928,23,,,0,70,,3929,23,,,0,100,,3930,23,,,0,100,,3931,23,,,0,100,,3932,23,,,0,100,,3933,23,,,0,100,,3934,23,,,0,100,,3935,23,,,0
6301,'236.0.1',752,,4316,33,,,0,100,,4317,33,,,0,100,,4318,33,,,0,100,,4319,33,,,0,100,,4320,33,,,0,100,,4321,33,,,0,100,,4322,33,,,0,100,,4323,33,,,0,100,,4324,33,,,0,100,,4325,33,,,0,100,,4326,33,,,0,100,,4327,33,,,0,97,,4328,33,,,0,100,,4329,33,,,0,100,,4330,33,,,0,100,,4331,33,,,0
6301,'236.0.2',721,,4332,33,,,0,100,,4333,33,,,0,100,,4334,33,,,0,100,,4335,33,,,0,100,,4336,33,,,0,100,,4337,33,,,0,100,,4338,33,,,0,100,,4339,33,,,0,98,,4340,33,,,0,100,,4341,33,,,0,100,,4342,33,,,0,100,,4343,33,,,0,100,,4344,33,,,0,100,,4345,33,,,0,100,,4346,33,,,0
6301,'236.0.3',642,,4347,33,,,0,70,,4348,33,,,0,30,,4349,33,,,0,70,,4350,33,,,0,30,,4351,33,,,0,70,,4352,33,,,0,30,,4353,33,,,0,16,,4354,33,,,0,100,,4355,33,,,0,100,,4356,33,,,0,100,,4357,33,,,0,100,,4358,33,,,0,100,,4359,33,,,0,155,,4360,33,,,0,30,,4361,33,,,0,69,,4362,33,,,0,30,,4363,33,,,0,70,,4364,33,,,0,30,,4365,33,,,0,70,,4366,33,,,0,100,,4367,33,,,0,100,,4368,33,,,0,100,,4369,33,,,0,100,,4370,33,,,0
6700,'236.0.1',805,,4539,16,,,0,100,,4540,16,,,0,104,,4541,16,,,0,102,,4542,16,,,0,100,,4543,16,,,0,100,,4544,16,,,0,100,,4545,16,,,0,100,,4546,16,,,0,100,,4547,16,,,0,100,,4548,16,,,0,100,,4549,16,,,0,95,,4550,16,,,0,99,,4551,16,,,0,100,,4552,16,,,0,100,,4553,16,,,0,100,,4554,16,,,0
6700,'236.0.2',803,,4555,16,,,0,100,,4556,16,,,0,100,,4557,16,,,0,106,,4558,16,,,0,101,,4559,16,,,0,100,,4560,16,,,0,100,,4561,16,,,0,100,,4562,16,,,0,100,,4563,16,,,0,100,,4564,16,,,0,97,,4565,16,,,0,99,,4566,16,,,0,100,,4567,16,,,0,100,,4568,16,,,0,97,,4569,16,,,0,100,,4570,16,,,0
6700,'236.0.3',617,,4571,16,,,0,30,,4572,16,,,0,70,,4573,16,,,0,30,,4574,16,,,0,70,,4575,16,,,0,30,,4576,16,,,0,70,,4577,16,,,0,100,,4578,16,,,0,99,,4579,16,,,0,100,,4580,16,,,0,100,,4581,16,,,0,100,,4582,16,,,0,99,,4583,16,,,0,30,,4584,16,,,0,70,,4585,16,,,0,30,,4586,16,,,0,70,,4587,16,,,0,31,,4588,16,,,0,72,,4589,16,,,0,30,,4590,16,,,0,100,,4591,16,,,0,100,,4592,16,,,0,100,,4593,16,,,0,100,,4594,16,,,0
15801,'236.0.3',710,,6133,23,,,0,30,,6136,23,,,0,70,,6134,23,,,0,30,,6135,23,,,0
