15801,'220.0.3',712,,8909,,,0,30,,8912,,,0,70,,8910,,,0,30,,8911,,,0
15801,'220.0.4',712,,8913,,,0,30,,8916,,,0,70,,8914,,,0,30,,8915,,,0
16100,'220.0.3',608,,8953,,,0,30,,8954,,,0,70,,8955,,,0,31,,8956,,,0,71,,8957,,,0,29,,8958,,,0
16100,'220.0.4',608,,8959,,,0,30,,8960,,,0,70,,8961,,,0,31,,8962,,,0,71,,8963,,,0,29,,8964,,,0
16501,'220.0.3',625,,8989,,,0,30,,8990,,,0,71,,8991,,,0,32,,8992,,,0,71,,8993,,,0,30,,8994,,,0
16501,'220.0.4',625,,8995,,,0,30,,8996,,,0,71,,8997,,,0,32,,8998,,,0,71,,8999,,,0,30,,9000,,,0
1016801,'220.0.3',630,,11043,,,0,70,,11044,,,0,31,,11045,,,0,71,,11046,,,0,29,,11047,,,0,69,,11048,,,0
1016801,'220.0.4',630,,11049,,,0,70,,11050,,,0,31,,11051,,,0,71,,11052,,,0,29,,11053,,,0,69,,11054,,,0
2016801,'220.0.3',617,,12525,,,0,30,,12526,,,0,70,,12527,,,0,31,,12528,,,0,71,,12529,,,0,30,,12530,,,0
2016801,'220.0.4',617,,12531,,,0,30,,12532,,,0,70,,12533,,,0,31,,12534,,,0,71,,12535,,,0,30,,12536,,,0
