5900,'236.0.1',632,,3936,4,,,0,100,,3937,4,,,0,100,,3938,4,,,0,100,,3939,4,,,0,100,,3940,4,,,0,100,,3941,4,,,0,100,,3942,4,,,0,100,,3943,4,,,0,100,,3944,4,,,0,100,,3945,4,,,0,100,,3946,4,,,0,100,,3947,4,,,0,100,,3948,4,,,0,100,,3949,4,,,0,100,,3950,4,,,0,100,,3951,4,,,0,100,,3952,4,,,0,100,,3953,4,,,0
5900,'236.0.2',732,,3954,4,,,0,100,,3955,4,,,0,100,,3956,4,,,0,100,,3957,4,,,0,100,,3958,4,,,0,100,,3959,4,,,0,100,,3960,4,,,0,100,,3961,4,,,0,100,,3962,4,,,0,100,,3963,4,,,0,100,,3964,4,,,0,100,,3965,4,,,0,100,,3966,4,,,0,100,,3967,4,,,0,100,,3968,4,,,0,100,,3969,4,,,0
5900,'236.0.3',538,,3970,4,,,0,20,,3991,4,,,0,60,,3971,4,,,0,20,,3972,4,,,0,20,,3973,4,,,0,60,,3974,4,,,0,20,,3975,4,,,0,62,,3976,4,,,0,20,,3977,4,,,0,93,,3978,4,,,0,100,,3979,4,,,0,100,,3980,4,,,0,100,,3981,4,,,0,100,,3982,4,,,0,100,,3983,4,,,0,100,,3984,4,,,0,408,,3985,4,,,0,100,,3986,4,,,0,100,,3987,4,,,0,100,,3988,4,,,0,100,,3989,4,,,0,100,,3990,4,,,0
6301,'236.0.1',733,,4316,4,,,0,100,,4317,4,,,0,100,,4318,4,,,0,100,,4319,4,,,0,100,,4320,4,,,0,100,,4321,4,,,0,100,,4322,4,,,0,100,,4323,4,,,0,100,,4324,4,,,0,100,,4325,4,,,0,100,,4326,4,,,0,100,,4327,4,,,0,99,,4328,4,,,0,100,,4329,4,,,0,100,,4330,4,,,0,100,,4331,4,,,0
6301,'236.0.2',703,,4332,4,,,0,100,,4333,4,,,0,100,,4334,4,,,0,100,,4335,4,,,0,100,,4336,4,,,0,100,,4337,4,,,0,100,,4338,4,,,0,100,,4339,4,,,0,99,,4340,4,,,0,100,,4341,4,,,0,100,,4342,4,,,0,100,,4343,4,,,0,100,,4344,4,,,0,100,,4345,4,,,0,100,,4346,4,,,0
6301,'236.0.3',622,,4347,4,,,0,30,,4348,4,,,0,70,,4349,4,,,0,30,,4350,4,,,0,70,,4351,4,,,0,30,,4352,4,,,0,70,,4353,4,,,0,16,,4354,4,,,0,100,,4355,4,,,0,100,,4356,4,,,0,100,,4357,4,,,0,100,,4358,4,,,0,100,,4359,4,,,0,115,,4360,4,,,0,70,,4361,4,,,0,30,,4362,4,,,0,70,,4363,4,,,0,30,,4364,4,,,0,70,,4365,4,,,0,30,,4366,4,,,0,100,,4367,4,,,0,100,,4368,4,,,0,100,,4369,4,,,0,100,,4370,4,,,0
6800,'236.0.1',552,,4651,4,,,0,100,,4652,4,,,0,100,,4653,4,,,0,100,,4654,4,,,0,100,,4655,4,,,0,100,,4656,4,,,0,100,,4657,4,,,0,100,,4658,4,,,0,100,,4659,4,,,0,100,,4660,4,,,0,100,,4661,4,,,0,100,,4662,4,,,0,100,,4663,4,,,0,100,,4664,4,,,0,100,,4665,4,,,0,100,,4666,4,,,0,100,,4667,4,,,0,100,,4668,4,,,0,100,,4669,4,,,0
6800,'236.0.2',652,,4670,4,,,0,100,,4671,4,,,0,100,,4672,4,,,0,100,,4673,4,,,0,100,,4674,4,,,0,100,,4675,4,,,0,100,,4676,4,,,0,100,,4677,4,,,0,100,,4678,4,,,0,100,,4679,4,,,0,100,,4680,4,,,0,100,,4681,4,,,0,100,,4682,4,,,0,100,,4683,4,,,0,100,,4684,4,,,0,100,,4685,4,,,0
6800,'236.0.3',557,,4687,4,,,0,70,,4688,4,,,0,30,,4689,4,,,0,70,,4690,4,,,0,30,,4703,4,,,0,156,,4691,4,,,0,100,,4692,4,,,0,100,,4693,4,,,0,100,,4694,4,,,0,100,,4695,4,,,0,100,,4696,4,,,0,100,,4697,4,,,0,429,,4698,4,,,0,100,,4699,4,,,0,100,,4700,4,,,0,100,,4701,4,,,0,100,,4702,4,,,0
15900,'236.0.3',1543,,6137,17,,,0,61,,6138,17,,,0,24,,6139,17,,,0,23,,6140,17,,,0,62,,6141,17,,,0,19,,6144,17,,,0,11,,6145,17,,,0,60,,6142,17,,,0,18,,6143,17,,,0
40101,'236.0.1',806,,6467,4,,,0,326,,6468,4,,,0,600,,6469,4,,,0
40101,'236.0.2',806,,6470,4,,,0,326,,6471,4,,,0,600,,6472,4,,,0
40101,'236.0.3',631,,6473,4,,,0,175,,6474,4,,,0,135,,6475,4,,,0,613,,6478,4,,,0,179,,6476,4,,,0,179,,6477,4,,,0
1016800,'236.0.3',1539,,7458,17,,,0,73,,7459,17,,,0,35,,7460,17,,,0,73,,7461,17,,,0,26,,7462,17,,,0,64,,7463,17,,,0,30,,7464,17,,,0
2016800,'236.0.3',1557,,8474,17,,,0,76,,8475,17,,,0,73,,8476,17,,,0,29,,8477,17,,,0,24,,8478,17,,,0,66,,8479,17,,,0
