8200,'236.0.1',626,,4912,31,,,0,100,,4913,31,,,0,100,,4914,31,,,0,100,,4915,31,,,0,100,,4916,31,,,0,100,,4917,31,,,0,100,,4918,31,,,0,100,,4919,31,,,0,100,,4920,31,,,0,100,,4921,31,,,0,100,,4922,31,,,0,100,,4923,31,,,0,100,,4924,31,,,0,100,,4925,31,,,0,100,,4926,31,,,0,100,,4927,31,,,0,100,,4928,31,,,0
8200,'236.0.2',628,,4929,31,,,0,100,,4930,31,,,0,100,,4931,31,,,0,100,,4932,31,,,0,100,,4933,31,,,0,100,,4934,31,,,0,100,,4935,31,,,0,100,,4936,31,,,0,100,,4937,31,,,0,100,,4938,31,,,0,100,,4939,31,,,0,100,,4940,31,,,0,100,,4941,31,,,0,100,,4942,31,,,0,100,,4943,31,,,0,100,,4944,31,,,0
8200,'236.0.3',615,,4945,31,,,0,26,,4946,31,,,0,69,,4947,31,,,0,30,,4948,31,,,0,70,,4949,31,,,0,92,,4950,31,,,0,28,,4951,31,,,0,100,,4952,31,,,0,100,,4953,31,,,0,100,,4954,31,,,0,100,,4955,31,,,0,100,,4956,31,,,0,103,,4957,31,,,0,426,,4958,31,,,0,100,,4959,31,,,0,100,,4960,31,,,0,100,,4961,31,,,0
8400,'236.0.1',708,,5114,30,,,0,100,,5115,30,,,0,100,,5116,30,,,0,100,,5117,30,,,0,103,,5118,30,,,0,97,,5119,30,,,0,100,,5120,30,,,0,100,,5121,30,,,0,100,,5122,30,,,0,100,,5123,30,,,0,100,,5124,30,,,0,100,,5125,30,,,0,96,,5126,30,,,0,105,,5127,30,,,0,100,,5128,30,,,0,100,,5129,30,,,0,100,,5130,30,,,0
8400,'236.0.2',713,,5131,30,,,0,100,,5132,30,,,0,100,,5133,30,,,0,100,,5134,30,,,0,102,,5135,30,,,0,96,,5136,30,,,0,100,,5137,30,,,0,100,,5138,30,,,0,100,,5139,30,,,0,100,,5140,30,,,0,103,,5141,30,,,0,100,,5142,30,,,0,100,,5143,30,,,0,100,,5144,30,,,0,98,,5145,30,,,0,100,,5146,30,,,0,100,,5147,30,,,0
8400,'236.0.3',621,,5178,30,,,0,30,,5148,30,,,0,70,,5149,30,,,0,31,,5150,30,,,0,71,,5151,30,,,0,30,,5152,30,,,0,70,,5153,30,,,0,102,,5154,30,,,0,100,,5155,30,,,0,100,,5156,30,,,0,100,,5157,30,,,0,100,,5158,30,,,0,107,,5159,30,,,0,70,,5160,30,,,0,15,,5161,30,,,0,15,,5162,30,,,0,15,,5163,30,,,0,55,,5164,30,,,0,15,,5165,30,,,0,15,,5166,30,,,0,12,,5167,30,,,0,14,,5168,30,,,0,55,,5169,30,,,0,12,,5170,30,,,0,15,,5179,30,,,0,13,,5171,30,,,0,98,,5172,30,,,0,100,,5173,30,,,0,100,,5174,30,,,0,100,,5175,30,,,0,103,,5176,30,,,0,103,,5177,30,,,0
8601,'236.0.1',645,,5414,18,,,0,100,,5415,18,,,0,100,,5416,18,,,0,101,,5417,18,,,0,100,,5418,18,,,0,100,,5419,18,,,0,100,,5420,18,,,0,101,,5421,18,,,0,100,,5422,18,,,0,100,,5423,18,,,0,99,,5424,18,,,0,100,,5425,18,,,0,100,,5426,18,,,0,100,,5427,18,,,0,100,,5428,18,,,0,100,,5429,18,,,0,100,,5430,18,,,0
8601,'236.0.2',651,,5431,18,,,0,100,,5432,18,,,0,100,,5433,18,,,0,100,,5434,18,,,0,100,,5435,18,,,0,100,,5436,18,,,0,100,,5437,18,,,0,100,,5438,18,,,0,100,,5439,18,,,0,100,,5440,18,,,0,100,,5441,18,,,0,100,,5442,18,,,0,100,,5443,18,,,0,100,,5444,18,,,0,100,,5445,18,,,0,100,,5446,18,,,0
8601,'236.0.3',854,,5447,18,,,0,100,,5448,18,,,0,100,,5449,18,,,0,100,,5450,18,,,0,100,,5451,18,,,0,100,,5452,18,,,0,100,,5453,18,,,0,105,,5454,18,,,0,71,,5455,18,,,0,75,,5456,18,,,0,34,,5457,18,,,0,67,,5458,18,,,0,22,,5459,18,,,0,25,,5460,18,,,0,160,,5461,18,,,0,100,,5462,18,,,0,100,,5463,18,,,0,100,,5464,18,,,0
18200,'236.0.3',1553,,6179,52,,,0,55,,6180,52,,,0,17,,6181,52,,,0,18,,6182,52,,,0,14,,6183,52,,,0,57,,6184,52,,,0,14,,6185,52,,,0,11,,6186,52,,,0,12,,6187,52,,,0,55,,6188,52,,,0,11,,6189,52,,,0,15,,6190,52,,,0,15,,6192,52,,,0,54,,6191,52,,,0,16,,6193,52,,,0
18601,'236.0.3',603,,6252,18,,,0,30,,6253,18,,,0,70,,6254,18,,,0,30,,6255,18,,,0,70,,6256,18,,,0,30,,6257,18,,,0
