13500,'220.0.3',633,,8788,,,0,70,,8789,,,0,26,,8790,,,0,15,,8791,,,0,15,,8792,,,0,55,,8793,,,0
13500,'220.0.4',633,,8794,,,0,70,,8795,,,0,13,,8796,,,0,13,,8797,,,0,15,,8798,,,0,15,,8799,,,0,55,,8800,,,0
13500,'220.1141.3',716,,8801,,,0
13500,'220.1143.3',716,,8802,,,0
13501,'220.0.3',1555,,8803,,,0,70,,8804,,,0,30,,8805,,,0,70,,8806,,,0,26,,8807,,,0,69,,8808,,,0,26,,8809,,,0
13501,'220.0.4',1555,,8810,,,0,70,,8811,,,0,30,,8812,,,0,70,,8813,,,0,26,,8814,,,0,69,,8815,,,0,26,,8816,,,0
13600,'220.0.3',626,,8817,,,0,27,,8818,,,0,53,,8819,,,0,13,,8820,,,0,14,,8821,,,0,16,,8822,,,0,9,,8823,,,0,59,,8824,,,0
13600,'220.0.4',626,,8825,,,0,27,,8826,,,0,53,,8827,,,0,13,,8828,,,0,14,,8829,,,0,16,,8830,,,0,9,,8831,,,0,59,,8832,,,0
13601,'220.0.3',1547,,8833,,,0,70,,8834,,,0,35,,8835,,,0,55,,8836,,,0,15,,8837,,,0,23,,8838,,,0,66,,8839,,,0,30,,8840,,,0
13601,'220.0.4',1547,,8841,,,0,70,,8842,,,0,35,,8843,,,0,55,,8844,,,0,15,,8845,,,0,23,,8846,,,0,66,,8847,,,0,30,,8848,,,0
