5601,'236.0.1',642,,16780,,,0,70,,16781,,,0,30,,16782,,,0,70,,16783,,,0,30,,16784,,,0,70,,16785,,,0,30,,16786,,,0,70,,16787,,,0,36,,16788,,,0,70,,16789,,,0,30,,16790,,,0,70,,16791,,,0,30,,16792,,,0,70,,16793,,,0,30,,16794,,,0,70,,16795,,,0,30,,16796,,,0,70,,16797,,,0,30,,16798,,,0,70,,16799,,,0,30,,16800,,,0,68,,16801,,,0,30,,16802,,,0,70,,16803,,,0,30,,16804,,,0,70,,16805,,,0,30,,16806,,,0,70,,16807,,,0,30,,16808,,,0,66,,16809,,,0,30,,16810,,,0,70,,16811,,,0,30,,16812,,,0,70,,16813,,,0,30,,16814,,,0,70,,16815,,,0
5601,'236.0.2',805,,16816,,,0,30,,16817,,,0,70,,16818,,,0,30,,16819,,,0,70,,16820,,,0,30,,16821,,,0,70,,16822,,,0,30,,16823,,,0,74,,16824,,,0,30,,16825,,,0,70,,16826,,,0,30,,16827,,,0,70,,16828,,,0,30,,16829,,,0,70,,16830,,,0,30,,16831,,,0,70,,16832,,,0,30,,16833,,,0,70,,16834,,,0,30,,16835,,,0,70,,16836,,,0,30,,16837,,,0,70,,16838,,,0,27,,16839,,,0,70,,16840,,,0,30,,16841,,,0,70,,16842,,,0,30,,16843,,,0,70,,16844,,,0,30,,16845,,,0
5601,'236.0.3',645,,16846,,,0,70,,16847,,,0,30,,16848,,,0,70,,16849,,,0,30,,16850,,,0,70,,16851,,,0,30,,16852,,,0,70,,16853,,,0,34,,16854,,,0,70,,16855,,,0,30,,16856,,,0,70,,16857,,,0,30,,16858,,,0,70,,16859,,,0,30,,16860,,,0,70,,16861,,,0,30,,16862,,,0,70,,16863,,,0,31,,16864,,,0,70,,16865,,,0,30,,16866,,,0,70,,16867,,,0,30,,16868,,,0,70,,16869,,,0,30,,16870,,,0,67,,16871,,,0,27,,16872,,,0,70,,16873,,,0,30,,16874,,,0,70,,16875,,,0,29,,16876,,,0,69,,16877,,,0,30,,16878,,,0,70,,16879,,,0,30,,16880,,,0,70,,16881,,,0
8701,'236.0.1',637,,18592,,,0,70,,18593,,,0,30,,18594,,,0,70,,18595,,,0,30,,18596,,,0,70,,18597,,,0,32,,18598,,,0,71,,18599,,,0,30,,18600,,,0,70,,18601,,,0,32,,18602,,,0,71,,18603,,,0,30,,18604,,,0,71,,18605,,,0,30,,18606,,,0,70,,18607,,,0,29,,18608,,,0,70,,18609,,,0,30,,18610,,,0,70,,18611,,,0,30,,18612,,,0,70,,18613,,,0,30,,18614,,,0,69,,18615,,,0,26,,18616,,,0,95,,18617,,,0,100,,18618,,,0,100,,18619,,,0,100,,18620,,,0,100,,18621,,,0
8701,'236.0.2',636,,18622,,,0,100,,18623,,,0,100,,18624,,,0,102,,18625,,,0,100,,18626,,,0,100,,18627,,,0,102,,18628,,,0,103,,18629,,,0,100,,18630,,,0,100,,18631,,,0,100,,18632,,,0,97,,18633,,,0,97,,18634,,,0,100,,18635,,,0,100,,18636,,,0,100,,18637,,,0,100,,18638,,,0,97,,18639,,,0
8701,'236.0.3',705,,18640,,,0,36,,18641,,,0,15,,18642,,,0,70,,18643,,,0,24,,18644,,,0,69,,18645,,,0,30,,18646,,,0,70,,18647,,,0,30,,18648,,,0,70,,18649,,,0,30,,18650,,,0,70,,18651,,,0,30,,18652,,,0,70,,18653,,,0,30,,18654,,,0,70,,18655,,,0,33,,18656,,,0,72,,18657,,,0,30,,18658,,,0,69,,18659,,,0,31,,18660,,,0,70,,18661,,,0,30,,18662,,,0,66,,18663,,,0,28,,18664,,,0,70,,18665,,,0,90,,18666,,,0,100,,18667,,,0,100,,18668,,,0,100,,18669,,,0,100,,18670,,,0
2001001,'236.0.1',644,,21221,,,0,94,,21222,,,0,87,,21223,,,0,32,,21224,,,0,70,,21225,,,0,31,,21226,,,0,73,,21227,,,0,70,,21228,,,0,30,,21229,,,0,72,,21230,,,0,33,,21231,,,0,72,,21232,,,0,30,,21233,,,0,70,,21234,,,0,30,,21235,,,0,70,,21236,,,0,30,,21237,,,0,70,,21238,,,0,30,,21239,,,0,70,,21240,,,0,30,,21241,,,0,70,,21242,,,0,30,,21243,,,0,68,,21244,,,0,26,,21245,,,0,70,,21246,,,0,30,,21247,,,0,100,,21248,,,0,100,,21249,,,0,99,,21250,,,0,100,,21251,,,0
2001001,'236.0.2',639,,21252,,,0,92,,21253,,,0,90,,21254,,,0,32,,21255,,,0,70,,21256,,,0,31,,21257,,,0,72,,21258,,,0,32,,21259,,,0,71,,21260,,,0,30,,21261,,,0,70,,21262,,,0,30,,21263,,,0,70,,21264,,,0,30,,21265,,,0,72,,21266,,,0,71,,21267,,,0,30,,21268,,,0,70,,21269,,,0,30,,21270,,,0,69,,21271,,,0,30,,21272,,,0,70,,21273,,,0,30,,21274,,,0,101,,21275,,,0,100,,21276,,,0,100,,21277,,,0,100,,21278,,,0,100,,21279,,,0,100,,21280,,,0
2001001,'236.0.3',555,,21281,,,0,70,,21282,,,0,22,,21283,,,0,59,,21284,,,0,22,,21319,,,0,20,,21285,,,0,60,,21286,,,0,20,,21287,,,0,21,,21288,,,0,93,,21289,,,0,60,,21290,,,0,24,,21291,,,0,29,,21292,,,0,70,,21293,,,0,30,,21294,,,0,70,,21295,,,0,30,,21296,,,0,70,,21297,,,0,79,,21298,,,0,21,,21299,,,0,24,,21300,,,0,55,,21301,,,0,21,,21302,,,0,20,,21303,,,0,60,,21304,,,0,21,,21305,,,0,24,,21306,,,0,65,,21307,,,0,21,,21308,,,0,20,,21309,,,0,49,,21310,,,0,20,,21311,,,0,30,,21312,,,0,69,,21313,,,0,32,,21314,,,0,70,,21315,,,0,30,,21316,,,0,70,,21317,,,0,30,,21318,,,0
3001001,'236.0.1',614,,21781,,,0,94,,21782,,,0,100,,21783,,,0,34,,21784,,,0,70,,21785,,,0,30,,21786,,,0,70,,21787,,,0,34,,21788,,,0,70,,21789,,,0,31,,21790,,,0,72,,21791,,,0,34,,21792,,,0,70,,21793,,,0,30,,21794,,,0,70,,21795,,,0,30,,21796,,,0,70,,21797,,,0,30,,21798,,,0,70,,21799,,,0,30,,21800,,,0,70,,21801,,,0,30,,21802,,,0,70,,21803,,,0,30,,21804,,,0,65,,21805,,,0,28,,21806,,,0,70,,21807,,,0,100,,21808,,,0,96,,21809,,,0,95,,21810,,,0,100,,21811,,,0
3001001,'236.0.2',614,,21813,,,0,90,,21814,,,0,100,,21815,,,0,30,,21816,,,0,70,,21817,,,0,30,,21818,,,0,71,,21819,,,0,33,,21820,,,0,74,,21821,,,0,30,,21822,,,0,70,,21823,,,0,30,,21824,,,0,71,,21825,,,0,30,,21826,,,0,70,,21827,,,0,30,,21828,,,0,73,,21829,,,0,30,,21830,,,0,70,,21831,,,0,30,,21832,,,0,70,,21833,,,0,30,,21834,,,0,70,,21835,,,0,30,,21836,,,0,67,,21837,,,0,100,,21838,,,0,94,,21839,,,0,100,,21840,,,0,100,,21841,,,0
3001001,'236.0.3',540,,21843,,,0,70,,21844,,,0,30,,21845,,,0,61,,21846,,,0,22,,21847,,,0,20,,21848,,,0,58,,21849,,,0,19,,21850,,,0,20,,21851,,,0,60,,21852,,,0,32,,21853,,,0,20,,21854,,,0,60,,21855,,,0,28,,21856,,,0,70,,21857,,,0,30,,21858,,,0,70,,21859,,,0,30,,21860,,,0,70,,21861,,,0,30,,21862,,,0,70,,21863,,,0,30,,21864,,,0,70,,21865,,,0,21,,21866,,,0,20,,21867,,,0,60,,21868,,,0,21,,21869,,,0,27,,21870,,,0,63,,21871,,,0,20,,21872,,,0,60,,21873,,,0,18,,21874,,,0,16,,21875,,,0,17,,21876,,,0,54,,21877,,,0,14,,21878,,,0,19,,21879,,,0,79,,21880,,,0,30,,21881,,,0,70,,21882,,,0,30,,21883,,,0,70,,21884,,,0,27,,21885,,,0,64,,21886,,,0
