401,'236.0.1',627,,14308,,,0,100,,14309,,,0,100,,14310,,,0,30,,14311,,,0,70,,14312,,,0,30,,14313,,,0,70,,14314,,,0,30,,14315,,,0,73,,14316,,,0,70,,14317,,,0,30,,14318,,,0,70,,14319,,,0,30,,14320,,,0,70,,14321,,,0,30,,14322,,,0,70,,14323,,,0,30,,14324,,,0,70,,14325,,,0,30,,14326,,,0,70,,14327,,,0,30,,14328,,,0,70,,14329,,,0,28,,14330,,,0,30,,14331,,,0,70,,14332,,,0,30,,14333,,,0,70,,14334,,,0,30,,14335,,,0,70,,14336,,,0,30,,14337,,,0,67,,14338,,,0,100,,14339,,,0,100,,14340,,,0
401,'236.0.2',727,,14341,,,0,30,,14342,,,0,70,,14343,,,0,30,,14344,,,0,70,,14345,,,0,30,,14346,,,0,70,,14347,,,0,30,,14348,,,0,69,,14349,,,0,30,,14350,,,0,70,,14351,,,0,30,,14352,,,0,70,,14353,,,0,30,,14354,,,0,70,,14355,,,0,30,,14356,,,0,70,,14357,,,0,30,,14358,,,0,70,,14359,,,0,30,,14360,,,0,70,,14361,,,0,30,,14362,,,0,70,,14363,,,0,30,,14364,,,0,70,,14365,,,0,32,,14366,,,0,67,,14367,,,0,100,,14368,,,0,100,,14369,,,0,100,,14370,,,0,100,,14371,,,0
401,'236.0.3',606,,14372,,,0,15,,14373,,,0,15,,14374,,,0,15,,14375,,,0,57,,14376,,,0,20,,14377,,,0,8,,14378,,,0,8,,14379,,,0,8,,14380,,,0,48,,14381,,,0,8,,14382,,,0,8,,14383,,,0,8,,14384,,,0,8,,14385,,,0,8,,14386,,,0,8,,14387,,,0,8,,14388,,,0,48,,14389,,,0,7,,14390,,,0,6,,14391,,,0,8,,14392,,,0,8,,14393,,,0,8,,14394,,,0,8,,14395,,,0,8,,14396,,,0,48,,14397,,,0,8,,14398,,,0,8,,14399,,,0,8,,14400,,,0,11,,14401,,,0,15,,14402,,,0,55,,14403,,,0,15,,14404,,,0,15,,14405,,,0,15,,14406,,,0,55,,14407,,,0,15,,14408,,,0,15,,14409,,,0,15,,14410,,,0,55,,14411,,,0,15,,14412,,,0,15,,14413,,,0,15,,14414,,,0,55,,14415,,,0,15,,14416,,,0,15,,14417,,,0,15,,14418,,,0,55,,14419,,,0,16,,14420,,,0,18,,14421,,,0,15,,14422,,,0,55,,14423,,,0,15,,14424,,,0,15,,14425,,,0,15,,14426,,,0,55,,14427,,,0,15,,14428,,,0,15,,14429,,,0,15,,14430,,,0,52,,14431,,,0,11,,14432,,,0,15,,14433,,,0,15,,14434,,,0,60,,14435,,,0,20,,14436,,,0,20,,14437,,,0,60,,14438,,,0,20,,14439,,,0,20,,14440,,,0,60,,14441,,,0,20,,14442,,,0,20,,14443,,,0,60,,14444,,,0,28,,14445,,,0,70,,14446,,,0,30,,14447,,,0,70,,14448,,,0,30,,14449,,,0,70,,14450,,,0
801,'236.0.1',613,,14893,,,0,30,,14894,,,0,70,,14895,,,0,30,,14896,,,0,73,,14897,,,0,33,,14898,,,0,70,,14899,,,0,30,,14900,,,0,74,,14901,,,0,34,,14902,,,0,70,,14903,,,0,30,,14904,,,0,70,,14905,,,0,31,,14906,,,0,71,,14907,,,0,71,,14908,,,0,30,,14909,,,0,70,,14910,,,0,30,,14911,,,0,70,,14912,,,0,30,,14913,,,0,70,,14914,,,0,30,,14915,,,0,28,,14916,,,0,68,,14917,,,0,29,,14918,,,0,70,,14919,,,0,26,,14920,,,0,65,,14921,,,0,29,,14922,,,0,70,,14923,,,0,30,,14924,,,0,70,,14925,,,0,30,,14926,,,0,70,,14927,,,0,30,,14928,,,0,70,,14929,,,0,100,,14930,,,0
801,'236.0.2',619,,14931,,,0,30,,14932,,,0,70,,14933,,,0,30,,14934,,,0,70,,14935,,,0,30,,14936,,,0,72,,14937,,,0,35,,14938,,,0,70,,14939,,,0,31,,14940,,,0,73,,14941,,,0,70,,14942,,,0,30,,14943,,,0,70,,14944,,,0,30,,14945,,,0,70,,14946,,,0,30,,14947,,,0,70,,14948,,,0,30,,14949,,,0,70,,14950,,,0,30,,14951,,,0,70,,14952,,,0,30,,14953,,,0,70,,14954,,,0,26,,14955,,,0,28,,14956,,,0,70,,14957,,,0,30,,14958,,,0,70,,14959,,,0,30,,14960,,,0,66,,14961,,,0,27,,14962,,,0,70,,14963,,,0,30,,14964,,,0,100,,14965,,,0,100,,14966,,,0
801,'236.0.3',608,,14967,,,0,30,,14968,,,0,71,,14969,,,0,24,,14970,,,0,70,,14971,,,0,20,,14972,,,0,20,,14973,,,0,60,,14974,,,0,16,,14975,,,0,16,,14976,,,0,17,,14977,,,0,60,,14978,,,0,20,,14979,,,0,20,,14980,,,0,60,,14981,,,0,20,,14982,,,0,20,,14983,,,0,60,,14984,,,0,20,,14985,,,0,20,,14986,,,0,60,,14987,,,0,20,,14988,,,0,20,,14989,,,0,60,,14990,,,0,20,,14991,,,0,20,,14992,,,0,61,,14993,,,0,20,,14994,,,0,23,,14995,,,0,73,,14996,,,0,30,,14997,,,0,70,,14998,,,0,30,,14999,,,0,62,,15000,,,0,25,,15001,,,0,68,,15002,,,0,30,,15003,,,0,70,,15004,,,0,30,,15005,,,0,70,,15006,,,0,26,,15007,,,0,69,,15008,,,0,30,,15009,,,0,70,,15010,,,0,30,,15011,,,0,70,,15012,,,0,30,,15013,,,0,70,,15014,,,0
9001,'236.0.1',632,,18863,,,0,70,,18864,,,0,30,,18865,,,0,25,,18866,,,0,71,,18867,,,0,30,,18868,,,0,70,,18869,,,0,26,,18870,,,0,74,,18871,,,0,31,,18872,,,0,70,,18873,,,0,30,,18874,,,0,70,,18875,,,0,30,,18876,,,0,70,,18877,,,0,30,,18878,,,0,70,,18879,,,0,30,,18880,,,0,70,,18881,,,0,30,,18882,,,0,70,,18883,,,0,30,,18884,,,0,70,,18885,,,0,75,,18886,,,0,25,,18887,,,0,29,,18888,,,0,70,,18889,,,0,30,,18890,,,0,70,,18891,,,0,98,,18892,,,0,100,,18893,,,0,100,,18894,,,0,100,,18895,,,0
9001,'236.0.2',620,,18896,,,0,100,,18897,,,0,100,,18898,,,0,100,,18899,,,0,99,,18900,,,0,102,,18901,,,0,100,,18902,,,0,102,,18903,,,0,100,,18904,,,0,98,,18905,,,0,100,,18906,,,0,100,,18907,,,0,98,,18908,,,0,103,,18909,,,0,105,,18910,,,0,98,,18911,,,0,96,,18912,,,0,99,,18913,,,0
9001,'236.0.3',606,,18914,,,0,30,,18915,,,0,73,,18916,,,0,24,,18948,,,0,13,,18917,,,0,55,,18949,,,0,10,,18918,,,0,15,,18950,,,0,15,,18919,,,0,13,,18951,,,0,51,,18920,,,0,15,,18952,,,0,15,,18921,,,0,70,,18922,,,0,25,,18923,,,0,70,,18924,,,0,30,,18925,,,0,70,,18926,,,0,30,,18927,,,0,70,,18928,,,0,30,,18929,,,0,70,,18930,,,0,30,,18931,,,0,70,,18932,,,0,33,,18933,,,0,73,,18934,,,0,21,,18953,,,0,22,,18935,,,0,8,,18954,,,0,65,,18936,,,0,15,,18955,,,0,14,,18937,,,0,52,,18956,,,0,12,,18938,,,0,13,,18957,,,0,13,,18939,,,0,12,,18958,,,0,53,,18940,,,0,12,,18959,,,0,13,,18941,,,0,70,,18942,,,0,26,,18943,,,0,30,,18944,,,0,100,,18945,,,0,100,,18946,,,0,100,,18947,,,0
2000701,'236.0.1',607,,20820,,,0,20,,20821,,,0,20,,20822,,,0,60,,20823,,,0,20,,20824,,,0,20,,20825,,,0,61,,20826,,,0,18,,20827,,,0,20,,20828,,,0,60,,20829,,,0,21,,20830,,,0,18,,20831,,,0,60,,20832,,,0,20,,20833,,,0,20,,20834,,,0,60,,20835,,,0,20,,20836,,,0,20,,20837,,,0,60,,20838,,,0,20,,20839,,,0,20,,20840,,,0,60,,20841,,,0,20,,20842,,,0,20,,20843,,,0,60,,20844,,,0,20,,20845,,,0,20,,20846,,,0,60,,20847,,,0,20,,20848,,,0,20,,20849,,,0,60,,20850,,,0,21,,20851,,,0,20,,20852,,,0,60,,20853,,,0,20,,20854,,,0,20,,20855,,,0,60,,20856,,,0,20,,20857,,,0,20,,20858,,,0,60,,20859,,,0,20,,20860,,,0,20,,20861,,,0,61,,20862,,,0,20,,20863,,,0,20,,20864,,,0,60,,20865,,,0,20,,20866,,,0,20,,20867,,,0,60,,20868,,,0,20,,20869,,,0,20,,20870,,,0,60,,20871,,,0,20,,20872,,,0,20,,20873,,,0
2000701,'236.0.2',607,,20874,,,0,30,,20875,,,0,70,,20876,,,0,30,,20877,,,0,70,,20878,,,0,30,,20879,,,0,70,,20880,,,0,29,,20881,,,0,70,,20882,,,0,30,,20883,,,0,70,,20884,,,0,30,,20885,,,0,70,,20886,,,0,30,,20887,,,0,70,,20888,,,0,30,,20889,,,0,70,,20890,,,0,30,,20891,,,0,70,,20892,,,0,30,,20893,,,0,70,,20894,,,0,30,,20895,,,0,70,,20896,,,0,30,,20897,,,0,70,,20898,,,0,30,,20899,,,0,70,,20900,,,0,30,,20901,,,0,70,,20902,,,0,30,,20903,,,0,70,,20904,,,0,30,,20905,,,0,70,,20906,,,0,30,,20907,,,0,70,,20908,,,0,30,,20909,,,0
2000701,'236.0.3',600,,20910,,,0,15,,20911,,,0,15,,20912,,,0,15,,20913,,,0,55,,20914,,,0,15,,20915,,,0,15,,20916,,,0,15,,20917,,,0,58,,20918,,,0,15,,20919,,,0,15,,20920,,,0,15,,20921,,,0,55,,20922,,,0,13,,20923,,,0,15,,20924,,,0,15,,20925,,,0,55,,20926,,,0,15,,20927,,,0,15,,20928,,,0,15,,20929,,,0,55,,20930,,,0,15,,20931,,,0,15,,20932,,,0,15,,20933,,,0,55,,20934,,,0,15,,20935,,,0,15,,20936,,,0,15,,20937,,,0,55,,20938,,,0,15,,20939,,,0,15,,20940,,,0,15,,20941,,,0,55,,20942,,,0,15,,20943,,,0,15,,20944,,,0,15,,20945,,,0,55,,20946,,,0,15,,20947,,,0,15,,20948,,,0,15,,20949,,,0,55,,20950,,,0,15,,20951,,,0,15,,20952,,,0,15,,20953,,,0,55,,20954,,,0,15,,20955,,,0,15,,20956,,,0,14,,20957,,,0,55,,20958,,,0,15,,20959,,,0,15,,20960,,,0,15,,20961,,,0,14,,20962,,,0,53,,20963,,,0,15,,20964,,,0,15,,20965,,,0,15,,20966,,,0,55,,20967,,,0,15,,20968,,,0,15,,20969,,,0,15,,20970,,,0,55,,20971,,,0,15,,20972,,,0,15,,20973,,,0,15,,20974,,,0,55,,20975,,,0,15,,20976,,,0,15,,20977,,,0,15,,20978,,,0,70,,20979,,,0,30,,20980,,,0,70,,20981,,,0,30,,20982,,,0
