6301,'220.0.1',749,,6195,,,0,100,,6196,,,0,100,,6197,,,0,100,,6198,,,0,100,,6199,,,0,100,,6200,,,0,100,,6201,,,0,100,,6202,,,0,100,,6203,,,0,100,,6204,,,0,100,,6205,,,0,100,,6206,,,0,97,,6207,,,0,100,,6208,,,0,100,,6209,,,0,100,,6210,,,0
6301,'220.0.2',718,,6211,,,0,100,,6212,,,0,100,,6213,,,0,100,,6214,,,0,100,,6215,,,0,100,,6216,,,0,100,,6217,,,0,100,,6218,,,0,98,,6219,,,0,100,,6220,,,0,100,,6221,,,0,100,,6222,,,0,100,,6223,,,0,100,,6224,,,0,100,,6225,,,0
6301,'220.0.3',640,,6226,,,0,70,,6227,,,0,30,,6228,,,0,70,,6229,,,0,30,,6230,,,0,70,,6231,,,0,30,,6232,,,0,16,,6233,,,0,100,,6234,,,0,100,,6235,,,0,100,,6236,,,0,100,,6237,,,0,100,,6238,,,0,155,,6239,,,0,30,,6240,,,0,68,,6241,,,0,30,,6242,,,0,70,,6243,,,0,30,,6244,,,0,70,,6245,,,0,100,,6246,,,0,100,,6247,,,0,100,,6248,,,0,100,,6249,,,0
6301,'220.0.4',640,,6250,,,0,70,,6251,,,0,30,,6252,,,0,70,,6253,,,0,30,,6254,,,0,70,,6255,,,0,30,,6256,,,0,16,,6257,,,0,100,,6258,,,0,100,,6259,,,0,100,,6260,,,0,100,,6261,,,0,100,,6262,,,0,155,,6263,,,0,30,,6264,,,0,68,,6265,,,0,30,,6266,,,0,70,,6267,,,0,30,,6268,,,0,70,,6269,,,0,100,,6270,,,0,100,,6271,,,0,100,,6272,,,0,100,,6273,,,0,100,,6274,,,0,100,,6275,,,0,100,,6276,,,0
6700,'220.0.1',803,,6553,,,0,100,,6554,,,0,104,,6555,,,0,101,,6556,,,0,100,,6557,,,0,100,,6558,,,0,100,,6559,,,0,100,,6560,,,0,100,,6561,,,0,100,,6562,,,0,100,,6563,,,0,96,,6564,,,0,99,,6565,,,0,100,,6566,,,0,100,,6567,,,0,100,,6568,,,0
6700,'220.0.2',801,,6569,,,0,100,,6570,,,0,100,,6571,,,0,106,,6572,,,0,100,,6573,,,0,100,,6574,,,0,100,,6575,,,0,100,,6576,,,0,100,,6577,,,0,100,,6578,,,0,97,,6579,,,0,100,,6580,,,0,100,,6581,,,0,100,,6582,,,0,97,,6583,,,0,100,,6584,,,0
6700,'220.0.3',614,,6585,,,0,30,,6586,,,0,70,,6587,,,0,30,,6588,,,0,70,,6589,,,0,30,,6590,,,0,70,,6591,,,0,100,,6592,,,0,99,,6593,,,0,100,,6594,,,0,100,,6595,,,0,100,,6596,,,0,99,,6597,,,0,30,,6598,,,0,70,,6599,,,0,30,,6600,,,0,70,,6601,,,0,31,,6602,,,0,72,,6603,,,0,30,,6604,,,0,100,,6605,,,0,100,,6606,,,0,100,,6607,,,0,100,,6608,,,0
6700,'220.0.4',614,,6609,,,0,30,,6610,,,0,70,,6611,,,0,30,,6612,,,0,70,,6613,,,0,30,,6614,,,0,70,,6615,,,0,100,,6616,,,0,99,,6617,,,0,100,,6618,,,0,100,,6619,,,0,100,,6620,,,0,99,,6621,,,0,30,,6622,,,0,70,,6623,,,0,30,,6624,,,0,70,,6625,,,0,31,,6626,,,0,72,,6627,,,0,30,,6628,,,0,100,,6629,,,0,100,,6630,,,0,100,,6631,,,0,100,,6632,,,0,100,,6633,,,0,100,,6634,,,0,100,,6635,,,0
7201,'220.0.1',651,,6974,,,0,77,,6975,,,0,30,,6976,,,0,70,,6977,,,0,30,,6978,,,0,70,,6979,,,0,30,,6980,,,0,77,,6981,,,0,70,,6982,,,0,30,,6983,,,0,76,,6984,,,0,30,,6985,,,0,70,,6986,,,0,30,,6987,,,0,70,,6988,,,0,30,,6989,,,0,70,,6990,,,0,30,,6991,,,0,70,,6992,,,0,30,,6993,,,0,70,,6994,,,0,30,,6995,,,0,70,,6996,,,0,25,,6997,,,0,65,,6998,,,0,30,,6999,,,0,100,,7000,,,0,100,,7001,,,0,100,,7002,,,0,100,,7003,,,0,100,,7004,,,0
7201,'220.0.2',727,,7005,,,0,100,,7006,,,0,100,,7007,,,0,100,,7008,,,0,105,,7009,,,0,106,,7010,,,0,100,,7011,,,0,100,,7012,,,0,100,,7013,,,0,100,,7014,,,0,100,,7015,,,0,95,,7016,,,0,100,,7017,,,0,92,,7018,,,0,100,,7019,,,0,100,,7020,,,0,100,,7021,,,0
7201,'220.0.3',703,,7022,,,0,30,,7023,,,0,70,,7024,,,0,33,,7025,,,0,72,,7026,,,0,32,,7027,,,0,70,,7028,,,0,28,,7029,,,0,70,,7030,,,0,30,,7031,,,0,70,,7032,,,0,30,,7033,,,0,70,,7034,,,0,30,,7035,,,0,70,,7036,,,0,30,,7037,,,0,75,,7038,,,0,30,,7039,,,0,71,,7040,,,0,31,,7041,,,0,70,,7042,,,0,30,,7043,,,0,70,,7044,,,0,27,,7045,,,0,64,,7046,,,0,24,,7047,,,0,100,,7048,,,0,100,,7049,,,0,100,,7050,,,0,100,,7051,,,0
7201,'220.0.4',703,,7052,,,0,30,,7053,,,0,70,,7054,,,0,33,,7055,,,0,72,,7056,,,0,32,,7057,,,0,70,,7058,,,0,28,,7059,,,0,70,,7060,,,0,30,,7061,,,0,70,,7062,,,0,30,,7063,,,0,70,,7064,,,0,30,,7065,,,0,70,,7066,,,0,30,,7067,,,0,75,,7068,,,0,30,,7069,,,0,71,,7070,,,0,31,,7071,,,0,70,,7072,,,0,30,,7073,,,0,70,,7074,,,0,27,,7075,,,0,64,,7076,,,0,24,,7077,,,0,100,,7078,,,0,100,,7079,,,0,100,,7080,,,0,100,,7081,,,0,100,,7082,,,0,100,,7083,,,0
