12300,'236.0.3',636,,6032,33,,,0,70,,6034,33,,,0,109,,6035,33,,,0,29,,6036,33,,,0,66,,6033,33,,,0
12300,'236.1141.3',742,,6037,33,,,0
12300,'236.1143.3',742,,6038,33,,,0
12700,'236.0.3',639,,6052,23,,,0,18,,6053,23,,,0,60,,6054,23,,,0,10,,6055,23,,,0,9,,6056,23,,,0,20,,6057,23,,,0,55,,6058,23,,,0,15,,6059,23,,,0,5,,6060,23,,,0
1000901,'236.0.1',712,,6973,48,,,0,100,,6974,48,,,0,102,,6975,48,,,0,100,,6976,48,,,0,100,,6977,48,,,0,100,,6978,48,,,0,100,,6979,48,,,0,100,,6980,48,,,0,100,,6981,48,,,0,100,,6982,48,,,0,100,,6983,48,,,0,97,,6984,48,,,0,100,,6985,48,,,0,100,,6986,48,,,0,97,,6987,48,,,0,100,,6988,48,,,0,100,,6989,48,,,0,100,,6990,48,,,0
1000901,'236.0.2',707,,6991,48,,,0,98,,6992,48,,,0,104,,6993,48,,,0,100,,6994,48,,,0,102,,6995,48,,,0,100,,6996,48,,,0,100,,6997,48,,,0,100,,6998,48,,,0,100,,6999,48,,,0,100,,7000,48,,,0,100,,7001,48,,,0,100,,7002,48,,,0,100,,7003,48,,,0,98,,7004,48,,,0,96,,7005,48,,,0,100,,7006,48,,,0,100,,7007,48,,,0,99,,7008,48,,,0
1000901,'236.0.3',556,,7009,48,,,0,67,,7010,48,,,0,25,,7011,48,,,0,10,,7012,48,,,0,45,,7013,48,,,0,17,,7014,48,,,0,23,,7015,48,,,0,5,,7016,48,,,0,55,,7017,48,,,0,10,,7018,48,,,0,20,,7019,48,,,0,10,,7020,48,,,0,60,,7021,48,,,0,9,,7022,48,,,0,8,,7023,48,,,0,10,,7024,48,,,0,25,,7025,48,,,0,55,,7026,48,,,0,15,,7027,48,,,0,30,,7028,48,,,0,55,,7029,48,,,0,15,,7030,48,,,0,30,,7031,48,,,0,55,,7032,48,,,0,15,,7033,48,,,0,30,,7034,48,,,0,55,,7035,48,,,0,15,,7036,48,,,0,30,,7037,48,,,0,55,,7038,48,,,0,15,,7039,48,,,0,30,,7040,48,,,0,55,,7041,48,,,0,15,,7042,48,,,0,29,,7043,48,,,0,65,,7044,48,,,0,5,,7045,48,,,0,25,,7046,48,,,0,10,,7047,48,,,0,60,,7048,48,,,0,10,,7049,48,,,0,20,,7050,48,,,0,10,,7051,48,,,0,60,,7052,48,,,0,9,,7053,48,,,0,17,,7054,48,,,0,10,,7055,48,,,0,65,,7056,48,,,0,30,,7057,48,,,0,71,,7058,48,,,0,29,,7059,48,,,0,70,,7060,48,,,0,25,,7061,48,,,0,70,,7062,48,,,0,35,,7063,48,,,0,60,,7064,48,,,0,40,,7065,48,,,0,60,,7066,48,,,0,40,,7067,48,,,0,60,,7068,48,,,0
2000901,'236.0.1',642,,8002,64,,,0,100,,8003,64,,,0,99,,8004,64,,,0,103,,8005,64,,,0,100,,8006,64,,,0,100,,8007,64,,,0,100,,8008,64,,,0,100,,8009,64,,,0,100,,8010,64,,,0,100,,8011,64,,,0,100,,8012,64,,,0,100,,8013,64,,,0,97,,8014,64,,,0,100,,8015,64,,,0,97,,8016,64,,,0,100,,8017,64,,,0,100,,8018,64,,,0,100,,8019,64,,,0,100,,8020,64,,,0
2000901,'236.0.2',637,,8021,64,,,0,100,,8022,64,,,0,98,,8023,64,,,0,104,,8024,64,,,0,100,,8025,64,,,0,102,,8026,64,,,0,100,,8027,64,,,0,100,,8028,64,,,0,100,,8029,64,,,0,100,,8030,64,,,0,100,,8031,64,,,0,100,,8032,64,,,0,100,,8033,64,,,0,100,,8034,64,,,0,94,,8035,64,,,0,100,,8036,64,,,0,100,,8037,64,,,0,98,,8038,64,,,0,100,,8039,64,,,0
2000901,'236.0.3',608,,8040,64,,,0,30,,8041,64,,,0,70,,8042,64,,,0,45,,8043,64,,,0,70,,8044,64,,,0,30,,8045,64,,,0,58,,8046,64,,,0,29,,8047,64,,,0,100,,8048,64,,,0,100,,8049,64,,,0,100,,8050,64,,,0,100,,8051,64,,,0,100,,8052,64,,,0,99,,8053,64,,,0,70,,8054,64,,,0,30,,8055,64,,,0,70,,8056,64,,,0,30,,8057,64,,,0,70,,8058,64,,,0,27,,8059,64,,,0,69,,8060,64,,,0,30,,8061,64,,,0,70,,8062,64,,,0,30,,8063,64,,,0,70,,8064,64,,,0,27,,8065,64,,,0,22,,8066,64,,,0,70,,8067,64,,,0,100,,8068,64,,,0,100,,8069,64,,,0
