801,'236.0.1',549,,1843,41,,,0,70,,1844,41,,,0,30,,1845,41,,,0,70,,1846,41,,,0,30,,1847,41,,,0,73,,1848,41,,,0,30,,1849,41,,,0,70,,1850,41,,,0,30,,1851,41,,,0,73,,1852,41,,,0,30,,1853,41,,,0,70,,1854,41,,,0,30,,1855,41,,,0,70,,1856,41,,,0,31,,1857,41,,,0,71,,1858,41,,,0,30,,1859,41,,,0,70,,1860,41,,,0,30,,1861,41,,,0,70,,1862,41,,,0,30,,1863,41,,,0,70,,1864,41,,,0,30,,1865,41,,,0,70,,1866,41,,,0,28,,1867,41,,,0,69,,1868,41,,,0,30,,1869,41,,,0,70,,1870,41,,,0,26,,1871,41,,,0,69,,1872,41,,,0,30,,1873,41,,,0,70,,1874,41,,,0,30,,1875,41,,,0,70,,1876,41,,,0,30,,1877,41,,,0,70,,1878,41,,,0,30,,1879,41,,,0,100,,1880,41,,,0
801,'236.0.2',554,,1881,41,,,0,70,,1882,41,,,0,30,,1883,41,,,0,70,,1884,41,,,0,30,,1885,41,,,0,70,,1886,41,,,0,30,,1887,41,,,0,74,,1888,41,,,0,30,,1889,41,,,0,70,,1890,41,,,0,30,,1891,41,,,0,70,,1892,41,,,0,30,,1893,41,,,0,70,,1894,41,,,0,30,,1895,41,,,0,70,,1896,41,,,0,30,,1897,41,,,0,70,,1898,41,,,0,30,,1899,41,,,0,70,,1900,41,,,0,30,,1901,41,,,0,70,,1902,41,,,0,30,,1903,41,,,0,70,,1904,41,,,0,30,,1905,41,,,0,68,,1906,41,,,0,30,,1907,41,,,0,70,,1908,41,,,0,30,,1909,41,,,0,70,,1910,41,,,0,30,,1911,41,,,0,68,,1912,41,,,0,30,,1913,41,,,0,70,,1914,41,,,0,100,,1915,41,,,0,100,,1916,41,,,0
801,'236.0.3',539,,1917,41,,,0,70,,1918,41,,,0,30,,1919,41,,,0,20,,1920,41,,,0,62,,1921,41,,,0,20,,1922,41,,,0,60,,1923,41,,,0,20,,1924,41,,,0,20,,1925,41,,,0,60,,1926,41,,,0,18,,1927,41,,,0,20,,1928,41,,,0,20,,1929,41,,,0,60,,1930,41,,,0,20,,1931,41,,,0,20,,1932,41,,,0,60,,1933,41,,,0,20,,1934,41,,,0,20,,1935,41,,,0,60,,1936,41,,,0,20,,1937,41,,,0,20,,1938,41,,,0,60,,1939,41,,,0,20,,1940,41,,,0,20,,1941,41,,,0,60,,1942,41,,,0,20,,1943,41,,,0,20,,1944,41,,,0,62,,1945,41,,,0,33,,1946,41,,,0,70,,1947,41,,,0,30,,1948,41,,,0,70,,1949,41,,,0,30,,1950,41,,,0,66,,1951,41,,,0,28,,1952,41,,,0,70,,1953,41,,,0,30,,1954,41,,,0,70,,1955,41,,,0,30,,1956,41,,,0,68,,1957,41,,,0,29,,1958,41,,,0,70,,1959,41,,,0,30,,1960,41,,,0,70,,1961,41,,,0,30,,1962,41,,,0,70,,1963,41,,,0,30,,1964,41,,,0
9001,'236.0.1',613,,5813,27,,,0,30,,5814,27,,,0,70,,5815,27,,,0,25,,5816,27,,,0,70,,5817,27,,,0,30,,5818,27,,,0,70,,5819,27,,,0,25,,5820,27,,,0,71,,5821,27,,,0,31,,5822,27,,,0,70,,5823,27,,,0,30,,5824,27,,,0,70,,5825,27,,,0,30,,5826,27,,,0,70,,5827,27,,,0,30,,5828,27,,,0,70,,5829,27,,,0,30,,5830,27,,,0,70,,5831,27,,,0,30,,5832,27,,,0,70,,5833,27,,,0,30,,5834,27,,,0,70,,5835,27,,,0,35,,5836,27,,,0,69,,5837,27,,,0,29,,5838,27,,,0,70,,5839,27,,,0,30,,5840,27,,,0,70,,5841,27,,,0,100,,5842,27,,,0,100,,5843,27,,,0,100,,5844,27,,,0,100,,5845,27,,,0
9001,'236.0.2',601,,5846,27,,,0,100,,5847,27,,,0,100,,5848,27,,,0,100,,5849,27,,,0,55,,5850,27,,,0,102,,5851,27,,,0,100,,5852,27,,,0,142,,5853,27,,,0,100,,5854,27,,,0,58,,5855,27,,,0,100,,5856,27,,,0,100,,5857,27,,,0,99,,5858,27,,,0,143,,5859,27,,,0,105,,5860,27,,,0,98,,5861,27,,,0,100,,5862,27,,,0,99,,5863,27,,,0
9001,'236.0.3',544,,5864,27,,,0,70,,5865,27,,,0,30,,5866,27,,,0,57,,5898,27,,,0,13,,5867,27,,,0,15,,5899,27,,,0,10,,5868,27,,,0,15,,5900,27,,,0,55,,5869,27,,,0,17,,5901,27,,,0,15,,5870,27,,,0,15,,5902,27,,,0,55,,5871,27,,,0,30,,5872,27,,,0,65,,5873,27,,,0,30,,5874,27,,,0,70,,5875,27,,,0,30,,5876,27,,,0,70,,5877,27,,,0,30,,5878,27,,,0,70,,5879,27,,,0,30,,5880,27,,,0,70,,5881,27,,,0,30,,5882,27,,,0,70,,5883,27,,,0,33,,5884,27,,,0,61,,5903,27,,,0,22,,5885,27,,,0,8,,5904,27,,,0,25,,5886,27,,,0,55,,5905,27,,,0,15,,5887,27,,,0,15,,5906,27,,,0,13,,5888,27,,,0,53,,5907,27,,,0,13,,5889,27,,,0,12,,5908,27,,,0,13,,5890,27,,,0,12,,5909,27,,,0,53,,5891,27,,,0,30,,5892,27,,,0,70,,5893,27,,,0,30,,5894,27,,,0,100,,5895,27,,,0,100,,5896,27,,,0,100,,5897,27,,,0
9101,'236.0.1',807,,5964,30,,,0,100,,5965,30,,,0,100,,5966,30,,,0,100,,5967,30,,,0,100,,5968,30,,,0,100,,5969,30,,,0,100,,5970,30,,,0,100,,5971,30,,,0,100,,5972,30,,,0,100,,5973,30,,,0,100,,5974,30,,,0,100,,5975,30,,,0,100,,5976,30,,,0,100,,5977,30,,,0,100,,5978,30,,,0,100,,5979,30,,,0
9101,'236.0.2',836,,5980,30,,,0,100,,5981,30,,,0,100,,5982,30,,,0,100,,5983,30,,,0,100,,5984,30,,,0,100,,5985,30,,,0,100,,5986,30,,,0,100,,5987,30,,,0,100,,5988,30,,,0,100,,5989,30,,,0,100,,5990,30,,,0,100,,5991,30,,,0,100,,5992,30,,,0,100,,5993,30,,,0,100,,5994,30,,,0
9101,'236.0.3',611,,5995,30,,,0,30,,5996,30,,,0,75,,5997,30,,,0,24,,5998,30,,,0,70,,5999,30,,,0,37,,6000,30,,,0,68,,6001,30,,,0,29,,6002,30,,,0,100,,6003,30,,,0,103,,6004,30,,,0,100,,6005,30,,,0,99,,6006,30,,,0,107,,6007,30,,,0,101,,6008,30,,,0,71,,6009,30,,,0,30,,6010,30,,,0,73,,6011,30,,,0,30,,6012,30,,,0,65,,6013,30,,,0,94,,6014,30,,,0,100,,6015,30,,,0,100,,6016,30,,,0,100,,6017,30,,,0,100,,6018,30,,,0
9301,'236.0.3',616,,6026,27,,,0,30,,6027,27,,,0,69,,6028,27,,,0,30,,6029,27,,,0,71,,6030,27,,,0,30,,6031,27,,,0
