5500,'236.0.1',727,,16577,,,0,100,,16578,,,0,100,,16579,,,0,100,,16580,,,0,100,,16581,,,0,100,,16582,,,0,100,,16583,,,0,100,,16584,,,0,100,,16585,,,0,100,,16586,,,0,100,,16587,,,0,100,,16588,,,0,100,,16589,,,0,100,,16590,,,0,100,,16591,,,0
5500,'236.0.2',727,,16592,,,0,100,,16593,,,0,100,,16594,,,0,100,,16595,,,0,100,,16596,,,0,100,,16597,,,0,100,,16598,,,0,100,,16599,,,0,100,,16600,,,0,100,,16601,,,0,100,,16602,,,0,100,,16603,,,0,100,,16604,,,0,100,,16605,,,0,100,,16606,,,0
5500,'236.0.3',616,,16607,,,0,30,,16625,,,0,70,,16608,,,0,30,,16609,,,0,100,,16610,,,0,85,,16611,,,0,100,,16612,,,0,100,,16613,,,0,100,,16614,,,0,100,,16615,,,0,100,,16616,,,0,85,,16617,,,0,99,,16618,,,0,35,,16626,,,0,70,,16619,,,0,26,,16620,,,0,75,,16621,,,0,100,,16622,,,0,110,,16623,,,0,100,,16624,,,0
5501,'236.0.1',815,,16627,4,,0,102,,16628,4,,0,101,,16629,4,,0,103,,16630,4,,0,100,,16631,4,,0,100,,16632,4,,0,100,,16633,4,,0,100,,16634,4,,0,100,,16635,4,,0,100,,16636,4,,0,98,,16637,4,,0,100,,16638,4,,0,97,,16639,4,,0,100,,16640,4,,0,100,,16641,4,,0
5501,'236.0.2',816,,16642,4,,0,100,,16643,4,,0,102,,16644,4,,0,103,,16645,4,,0,100,,16646,4,,0,100,,16647,4,,0,100,,16648,4,,0,100,,16649,4,,0,100,,16650,4,,0,100,,16651,4,,0,98,,16652,4,,0,97,,16653,4,,0,100,,16654,4,,0,100,,16655,4,,0,100,,16656,4,,0
5501,'236.0.3',706,,16657,4,,0,32,,16675,4,,0,71,,16658,4,,0,32,,16659,4,,0,100,,16660,4,,0,85,,16661,4,,0,100,,16662,4,,0,100,,16663,4,,0,103,,16664,4,,0,100,,16665,4,,0,100,,16666,4,,0,85,,16667,4,,0,100,,16668,4,,0,33,,16676,4,,0,68,,16669,4,,0,23,,16670,4,,0,75,,16671,4,,0,99,,16672,4,,0,110,,16673,4,,0,100,,16674,4,,0
6200,'236.0.1',700,,17200,,,0,100,,17201,,,0,100,,17202,,,0,100,,17203,,,0,100,,17204,,,0,100,,17205,,,0,100,,17206,,,0,100,,17207,,,0,100,,17208,,,0,100,,17209,,,0,100,,17210,,,0,100,,17211,,,0,100,,17212,,,0,100,,17213,,,0,100,,17214,,,0,100,,17215,,,0
6200,'236.0.2',700,,17216,,,0,100,,17217,,,0,100,,17218,,,0,100,,17219,,,0,100,,17220,,,0,100,,17221,,,0,100,,17222,,,0,100,,17223,,,0,100,,17224,,,0,100,,17225,,,0,100,,17226,,,0,100,,17227,,,0,100,,17228,,,0,100,,17229,,,0,100,,17230,,,0,100,,17231,,,0
6200,'236.0.3',609,,17232,,,0,30,,17233,,,0,70,,17234,,,0,30,,17235,,,0,70,,17236,,,0,30,,17237,,,0,70,,17238,,,0,100,,17239,,,0,100,,17240,,,0,100,,17241,,,0,100,,17242,,,0,100,,17243,,,0,100,,17244,,,0,30,,17245,,,0,70,,17246,,,0,30,,17247,,,0,70,,17248,,,0,30,,17249,,,0,70,,17250,,,0,30,,17251,,,0,100,,17252,,,0,100,,17253,,,0,100,,17254,,,0,100,,17255,,,0
6201,'236.0.1',749,,17256,4,,0,100,,17257,4,,0,101,,17258,4,,0,102,,17259,4,,0,100,,17260,4,,0,100,,17261,4,,0,100,,17262,4,,0,100,,17263,4,,0,100,,17264,4,,0,100,,17265,4,,0,100,,17266,4,,0,98,,17267,4,,0,98,,17268,4,,0,100,,17269,4,,0,100,,17270,4,,0,100,,17271,4,,0
6201,'236.0.2',746,,17272,4,,0,100,,17273,4,,0,101,,17274,4,,0,104,,17275,4,,0,100,,17276,4,,0,100,,17277,4,,0,100,,17278,4,,0,100,,17279,4,,0,100,,17280,4,,0,98,,17281,4,,0,100,,17282,4,,0,97,,17283,4,,0,99,,17284,4,,0,100,,17285,4,,0,100,,17286,4,,0,100,,17287,4,,0
6201,'236.0.3',658,,17288,4,,0,72,,17289,4,,0,70,,17290,4,,0,30,,17291,4,,0,70,,17292,4,,0,31,,17293,4,,0,70,,17294,4,,0,100,,17295,4,,0,100,,17296,4,,0,100,,17297,4,,0,100,,17298,4,,0,100,,17299,4,,0,103,,17300,4,,0,30,,17301,4,,0,70,,17302,4,,0,30,,17303,4,,0,70,,17304,4,,0,28,,17305,4,,0,27,,17306,4,,0,70,,17307,4,,0,100,,17308,4,,0,100,,17309,4,,0,100,,17310,4,,0
15900,'236.0.3',1521,,19187,,,0,20,,19188,,,0,64,,19189,,,0,21,,19190,,,0,22,,19191,,,0,61,,19194,,,0,16,,19195,,,0,20,,19192,,,0,58,,19193,,,0
15901,'236.0.3',613,,19196,,,0,20,,19204,,,0,20,,19197,,,0,60,,19198,,,0,22,,19199,,,0,21,,19200,,,0,61,,19201,,,0,20,,19202,,,0,18,,19203,,,0
2016801,'236.0.3',626,,21530,,,0,30,,21531,,,0,71,,21532,,,0,32,,21533,,,0,71,,21534,,,0,70,,21535,,,0
