13501,'220.0.3',1532,,8803,,,0,70,,8804,,,0,30,,8805,,,0,70,,8806,,,0,30,,8807,,,0,70,,8808,,,0,28,,8809,,,0
13501,'220.0.4',1532,,8810,,,0,70,,8811,,,0,30,,8812,,,0,70,,8813,,,0,30,,8814,,,0,70,,8815,,,0,28,,8816,,,0
13601,'220.0.3',1522,,8833,,,0,30,,8834,,,0,72,,8835,,,0,15,,8836,,,0,15,,8837,,,0,70,,8838,,,0,27,,8839,,,0,70,,8840,,,0
13601,'220.0.4',1522,,8841,,,0,30,,8842,,,0,72,,8843,,,0,15,,8844,,,0,15,,8845,,,0,70,,8846,,,0,27,,8847,,,0,70,,8848,,,0
13701,'220.0.3',1543,,8861,,,0,70,,8862,,,0,30,,8863,,,0,70,,8864,,,0,28,,8865,,,0,70,,8866,,,0
13701,'220.0.4',1543,,8867,,,0,70,,8868,,,0,30,,8869,,,0,70,,8870,,,0,28,,8871,,,0,70,,8872,,,0
13801,'220.0.3',1547,,8887,,,0,71,,8888,,,0,31,,8889,,,0,70,,8890,,,0,27,,8891,,,0,70,,8892,,,0,20,,8893,,,0
13801,'220.0.4',1547,,8894,,,0,71,,8895,,,0,31,,8896,,,0,70,,8897,,,0,27,,8898,,,0,70,,8899,,,0,20,,8900,,,0
19200,'220.0.3',1529,,9159,,,0,30,,9160,,,0,70,,9161,,,0,30,,9162,,,0,70,,9163,,,0,30,,9164,,,0
19200,'220.0.4',1529,,9165,,,0,30,,9166,,,0,70,,9167,,,0,30,,9168,,,0,70,,9169,,,0,30,,9170,,,0
19401,'220.0.3',1550,,9191,,,0,71,,9192,,,0,31,,9193,,,0,69,,9194,,,0
19401,'220.0.4',1550,,9195,,,0,71,,9196,,,0,31,,9197,,,0,69,,9198,,,0
19600,'220.0.3',1550,,9199,,,0,70,,9200,,,0,30,,9201,,,0,71,,9202,,,0
19600,'220.0.4',1550,,9203,,,0,70,,9204,,,0,30,,9205,,,0,71,,9206,,,0
2000700,'220.0.1',625,,11249,,,0,20,,11250,,,0,60,,11251,,,0,20,,11252,,,0,21,,11253,,,0,60,,11254,,,0,20,,11255,,,0,20,,11256,,,0,60,,11257,,,0,20,,11258,,,0,21,,11259,,,0,60,,11260,,,0,20,,11261,,,0,20,,11262,,,0,60,,11263,,,0,20,,11264,,,0,20,,11265,,,0,60,,11266,,,0,20,,11267,,,0,20,,11268,,,0,60,,11269,,,0,20,,11270,,,0,20,,11271,,,0,60,,11272,,,0,20,,11273,,,0,20,,11274,,,0,60,,11275,,,0,20,,11276,,,0,20,,11277,,,0,60,,11278,,,0,20,,11279,,,0,20,,11280,,,0,60,,11281,,,0,20,,11282,,,0,20,,11283,,,0,60,,11284,,,0,20,,11285,,,0,20,,11286,,,0,60,,11287,,,0,20,,11288,,,0,19,,11289,,,0,60,,11290,,,0,20,,11291,,,0,20,,11292,,,0,60,,11293,,,0,20,,11294,,,0,20,,11295,,,0,60,,11296,,,0,20,,11297,,,0,20,,11298,,,0,60,,11299,,,0,20,,11300,,,0,20,,11301,,,0,60,,11302,,,0
2000700,'220.0.2',626,,11303,,,0,30,,11304,,,0,70,,11305,,,0,30,,11306,,,0,70,,11307,,,0,30,,11308,,,0,70,,11309,,,0,31,,11310,,,0,70,,11311,,,0,30,,11312,,,0,70,,11313,,,0,30,,11314,,,0,70,,11315,,,0,30,,11316,,,0,70,,11317,,,0,30,,11318,,,0,70,,11319,,,0,30,,11320,,,0,70,,11321,,,0,30,,11322,,,0,70,,11323,,,0,30,,11324,,,0,70,,11325,,,0,30,,11326,,,0,70,,11327,,,0,29,,11328,,,0,70,,11329,,,0,30,,11330,,,0,70,,11331,,,0,30,,11332,,,0,70,,11333,,,0,30,,11334,,,0,70,,11335,,,0,30,,11336,,,0,70,,11337,,,0,30,,11338,,,0
2000700,'220.0.3',617,,11339,,,0,15,,11340,,,0,15,,11341,,,0,55,,11342,,,0,15,,11343,,,0,15,,11344,,,0,16,,11345,,,0,61,,11346,,,0,19,,11347,,,0,15,,11348,,,0,15,,11349,,,0,55,,11350,,,0,14,,11351,,,0,13,,11352,,,0,15,,11353,,,0,55,,11354,,,0,15,,11355,,,0,15,,11356,,,0,15,,11357,,,0,55,,11358,,,0,15,,11359,,,0,15,,11360,,,0,15,,11361,,,0,55,,11362,,,0,15,,11363,,,0,15,,11364,,,0,15,,11365,,,0,55,,11366,,,0,15,,11367,,,0,15,,11368,,,0,15,,11369,,,0,55,,11370,,,0,15,,11371,,,0,15,,11372,,,0,16,,11373,,,0,55,,11374,,,0,15,,11375,,,0,17,,11376,,,0,15,,11377,,,0,55,,11378,,,0,15,,11379,,,0,15,,11380,,,0,15,,11381,,,0,55,,11382,,,0,15,,11383,,,0,13,,11384,,,0,12,,11385,,,0,54,,11386,,,0,15,,11387,,,0,15,,11388,,,0,15,,11389,,,0,55,,11390,,,0,12,,11391,,,0,13,,11392,,,0,15,,11393,,,0,55,,11394,,,0,15,,11395,,,0,15,,11396,,,0,15,,11397,,,0,54,,11398,,,0,15,,11399,,,0,15,,11400,,,0,15,,11401,,,0,55,,11402,,,0,15,,11403,,,0,15,,11404,,,0,15,,11405,,,0,55,,11406,,,0,15,,11407,,,0,30,,11408,,,0,70,,11409,,,0,30,,11410,,,0,70,,11411,,,0
2000700,'220.0.4',617,,11412,,,0,15,,11413,,,0,15,,11414,,,0,55,,11415,,,0,15,,11416,,,0,15,,11417,,,0,16,,11418,,,0,61,,11419,,,0,19,,11420,,,0,15,,11421,,,0,15,,11422,,,0,55,,11423,,,0,14,,11424,,,0,13,,11425,,,0,15,,11426,,,0,55,,11427,,,0,15,,11428,,,0,15,,11429,,,0,15,,11430,,,0,55,,11431,,,0,15,,11432,,,0,15,,11433,,,0,15,,11434,,,0,55,,11435,,,0,15,,11436,,,0,15,,11437,,,0,15,,11438,,,0,55,,11439,,,0,15,,11440,,,0,15,,11441,,,0,15,,11442,,,0,55,,11443,,,0,15,,11444,,,0,15,,11445,,,0,16,,11446,,,0,55,,11447,,,0,15,,11448,,,0,17,,11449,,,0,15,,11450,,,0,55,,11451,,,0,15,,11452,,,0,15,,11453,,,0,15,,11454,,,0,55,,11455,,,0,15,,11456,,,0,13,,11457,,,0,12,,11458,,,0,54,,11459,,,0,15,,11460,,,0,15,,11461,,,0,15,,11462,,,0,55,,11463,,,0,12,,11464,,,0,13,,11465,,,0,15,,11466,,,0,55,,11467,,,0,15,,11468,,,0,15,,11469,,,0,15,,11470,,,0,54,,11471,,,0,15,,11472,,,0,15,,11473,,,0,15,,11474,,,0,55,,11475,,,0,15,,11476,,,0,15,,11477,,,0,15,,11478,,,0,55,,11479,,,0,15,,11480,,,0,30,,11481,,,0,70,,11482,,,0,30,,11483,,,0,70,,11484,,,0,30,,11485,,,0,70,,11486,,,0
