6300,'220.0.1',810,,6114,,,0,100,,6115,,,0,100,,6116,,,0,100,,6117,,,0,100,,6118,,,0,100,,6119,,,0,100,,6120,,,0,101,,6121,,,0,100,,6122,,,0,100,,6123,,,0,100,,6124,,,0,100,,6125,,,0,97,,6126,,,0,99,,6127,,,0,100,,6128,,,0,100,,6129,,,0
6300,'220.0.2',739,,6130,,,0,100,,6131,,,0,100,,6132,,,0,100,,6133,,,0,100,,6134,,,0,100,,6135,,,0,100,,6136,,,0,100,,6137,,,0,98,,6138,,,0,100,,6139,,,0,100,,6140,,,0,100,,6141,,,0,100,,6142,,,0,100,,6143,,,0,100,,6144,,,0
6300,'220.0.3',704,,6145,,,0,30,,6146,,,0,70,,6147,,,0,30,,6148,,,0,70,,6149,,,0,30,,6150,,,0,70,,6151,,,0,16,,6152,,,0,100,,6153,,,0,100,,6154,,,0,100,,6155,,,0,100,,6156,,,0,101,,6157,,,0,115,,6158,,,0,70,,6159,,,0,28,,6160,,,0,70,,6161,,,0,29,,6162,,,0,69,,6163,,,0,30,,6164,,,0,100,,6165,,,0,100,,6166,,,0,100,,6167,,,0
6300,'220.0.4',704,,6168,,,0,30,,6169,,,0,70,,6170,,,0,30,,6171,,,0,70,,6172,,,0,30,,6173,,,0,70,,6174,,,0,16,,6175,,,0,100,,6176,,,0,100,,6177,,,0,100,,6178,,,0,100,,6179,,,0,101,,6180,,,0,115,,6181,,,0,70,,6182,,,0,28,,6183,,,0,70,,6184,,,0,29,,6185,,,0,69,,6186,,,0,30,,6187,,,0,100,,6188,,,0,100,,6189,,,0,100,,6190,,,0,100,,6191,,,0,100,,6192,,,0,100,,6193,,,0,100,,6194,,,0
6801,'220.0.1',627,,6792,,,0,100,,6793,,,0,100,,6794,,,0,100,,6795,,,0,102,,6796,,,0,101,,6797,,,0,100,,6798,,,0,100,,6799,,,0,100,,6800,,,0,100,,6801,,,0,100,,6802,,,0,99,,6803,,,0,100,,6804,,,0,100,,6805,,,0,99,,6806,,,0,100,,6807,,,0,100,,6808,,,0,100,,6809,,,0,100,,6810,,,0
6801,'220.0.2',727,,6811,,,0,100,,6812,,,0,100,,6813,,,0,100,,6814,,,0,101,,6815,,,0,101,,6816,,,0,101,,6817,,,0,100,,6818,,,0,100,,6819,,,0,100,,6820,,,0,99,,6821,,,0,100,,6822,,,0,99,,6823,,,0,99,,6824,,,0,100,,6825,,,0,100,,6826,,,0
6801,'220.0.3',951,,6827,,,0,100,,6828,,,0,100,,6829,,,0,101,,6830,,,0,102,,6831,,,0,100,,6832,,,0,100,,6833,,,0,81,,6834,,,0,76,,6835,,,0,31,,6836,,,0,69,,6837,,,0,23,,6838,,,0,66,,6839,,,0,119,,6840,,,0,100,,6841,,,0,100,,6842,,,0,100,,6843,,,0,100,,6844,,,0
6801,'220.0.4',951,,6845,,,0,100,,6846,,,0,100,,6847,,,0,101,,6848,,,0,102,,6849,,,0,100,,6850,,,0,100,,6851,,,0,81,,6852,,,0,76,,6853,,,0,31,,6854,,,0,69,,6855,,,0,23,,6856,,,0,66,,6857,,,0,119,,6858,,,0,100,,6859,,,0,100,,6860,,,0,100,,6861,,,0,100,,6862,,,0,100,,6863,,,0,100,,6864,,,0
1016801,'220.0.3',619,,11043,,,0,30,,11044,,,0,70,,11045,,,0,30,,11046,,,0,70,,11047,,,0,30,,11048,,,0
1016801,'220.0.4',619,,11049,,,0,30,,11050,,,0,70,,11051,,,0,30,,11052,,,0,70,,11053,,,0,30,,11054,,,0
2016801,'220.0.3',606,,12525,,,0,30,,12526,,,0,70,,12527,,,0,30,,12528,,,0,70,,12529,,,0,30,,12530,,,0
2016801,'220.0.4',606,,12531,,,0,30,,12532,,,0,70,,12533,,,0,30,,12534,,,0,70,,12535,,,0,30,,12536,,,0
