5300,'236.0.1',607,,3249,3,,,0,30,,3250,3,,,0,70,,3251,3,,,0,30,,3252,3,,,0,70,,3253,3,,,0,30,,3254,3,,,0,70,,3255,3,,,0,30,,3256,3,,,0,70,,3257,3,,,0,30,,3258,3,,,0,70,,3259,3,,,0,30,,3260,3,,,0,70,,3261,3,,,0,30,,3262,3,,,0,70,,3263,3,,,0,30,,3264,3,,,0,70,,3265,3,,,0,30,,3266,3,,,0,70,,3267,3,,,0,30,,3268,3,,,0,70,,3269,3,,,0,30,,3270,3,,,0,70,,3271,3,,,0,30,,3272,3,,,0,70,,3273,3,,,0,30,,3274,3,,,0,70,,3275,3,,,0,30,,3276,3,,,0,70,,3277,3,,,0,30,,3278,3,,,0,70,,3279,3,,,0,30,,3280,3,,,0,70,,3281,3,,,0,100,,3282,3,,,0
5300,'236.0.2',707,,3283,3,,,0,100,,3284,3,,,0,100,,3285,3,,,0,100,,3286,3,,,0,100,,3287,3,,,0,100,,3288,3,,,0,100,,3289,3,,,0,100,,3290,3,,,0,100,,3291,3,,,0,100,,3292,3,,,0,100,,3293,3,,,0,100,,3294,3,,,0,100,,3295,3,,,0,100,,3296,3,,,0,100,,3297,3,,,0,100,,3298,3,,,0
5300,'236.0.3',607,,3299,3,,,0,30,,3300,3,,,0,70,,3301,3,,,0,30,,3302,3,,,0,70,,3303,3,,,0,30,,3304,3,,,0,70,,3305,3,,,0,30,,3306,3,,,0,70,,3307,3,,,0,30,,3308,3,,,0,70,,3309,3,,,0,30,,3310,3,,,0,70,,3311,3,,,0,30,,3312,3,,,0,70,,3313,3,,,0,30,,3314,3,,,0,70,,3315,3,,,0,30,,3316,3,,,0,70,,3317,3,,,0,30,,3318,3,,,0,70,,3319,3,,,0,30,,3320,3,,,0,70,,3321,3,,,0,30,,3322,3,,,0,70,,3323,3,,,0,30,,3324,3,,,0,70,,3325,3,,,0,30,,3326,3,,,0,70,,3327,3,,,0,30,,3328,3,,,0,70,,3329,3,,,0,100,,3330,3,,,0,100,,3331,3,,,0,100,,3332,3,,,0
5400,'236.0.1',601,,3417,5,,,0,100,,3418,5,,,0,100,,3419,5,,,0,100,,3420,5,,,0,100,,3421,5,,,0,100,,3422,5,,,0,100,,3423,5,,,0,100,,3424,5,,,0,100,,3425,5,,,0,100,,3426,5,,,0,100,,3427,5,,,0,100,,3428,5,,,0,100,,3429,5,,,0,100,,3430,5,,,0,100,,3431,5,,,0,100,,3432,5,,,0,100,,3433,5,,,0
5400,'236.0.2',801,,3434,5,,,0,100,,3435,5,,,0,100,,3436,5,,,0,100,,3437,5,,,0,100,,3438,5,,,0,100,,3439,5,,,0,100,,3440,5,,,0,100,,3441,5,,,0,100,,3442,5,,,0,100,,3443,5,,,0,100,,3444,5,,,0,100,,3445,5,,,0,100,,3446,5,,,0,100,,3447,5,,,0
5400,'236.0.3',603,,3448,5,,,0,28,,3449,5,,,0,70,,3450,5,,,0,28,,3451,5,,,0,30,,3452,5,,,0,71,,3453,5,,,0,75,,3454,5,,,0,100,,3455,5,,,0,100,,3456,5,,,0,100,,3457,5,,,0,100,,3458,5,,,0,100,,3459,5,,,0,100,,3460,5,,,0,30,,3461,5,,,0,70,,3462,5,,,0,29,,3463,5,,,0,70,,3464,5,,,0,30,,3465,5,,,0,71,,3466,5,,,0,30,,3467,5,,,0,70,,3468,5,,,0,30,,3469,5,,,0,70,,3470,5,,,0,100,,3471,5,,,0
5500,'236.0.1',731,,3527,5,,,0,100,,3528,5,,,0,100,,3529,5,,,0,100,,3530,5,,,0,100,,3531,5,,,0,100,,3532,5,,,0,100,,3533,5,,,0,100,,3534,5,,,0,100,,3535,5,,,0,100,,3536,5,,,0,100,,3537,5,,,0,100,,3538,5,,,0,100,,3539,5,,,0,100,,3540,5,,,0,100,,3541,5,,,0
5500,'236.0.2',731,,3542,5,,,0,100,,3543,5,,,0,100,,3544,5,,,0,100,,3545,5,,,0,100,,3546,5,,,0,100,,3547,5,,,0,100,,3548,5,,,0,100,,3549,5,,,0,100,,3550,5,,,0,100,,3551,5,,,0,100,,3552,5,,,0,100,,3553,5,,,0,100,,3554,5,,,0,100,,3555,5,,,0,100,,3556,5,,,0
5500,'236.0.3',620,,3557,5,,,0,30,,3575,5,,,0,70,,3558,5,,,0,30,,3559,5,,,0,100,,3560,5,,,0,85,,3561,5,,,0,100,,3562,5,,,0,100,,3563,5,,,0,100,,3564,5,,,0,100,,3565,5,,,0,100,,3566,5,,,0,85,,3567,5,,,0,101,,3568,5,,,0,34,,3576,5,,,0,70,,3569,5,,,0,25,,3570,5,,,0,75,,3571,5,,,0,100,,3572,5,,,0,110,,3573,5,,,0,100,,3574,5,,,0
6200,'236.0.1',704,,4150,5,,,0,100,,4151,5,,,0,100,,4152,5,,,0,100,,4153,5,,,0,100,,4154,5,,,0,100,,4155,5,,,0,100,,4156,5,,,0,100,,4157,5,,,0,100,,4158,5,,,0,100,,4159,5,,,0,100,,4160,5,,,0,100,,4161,5,,,0,100,,4162,5,,,0,100,,4163,5,,,0,100,,4164,5,,,0,100,,4165,5,,,0
6200,'236.0.2',704,,4166,5,,,0,100,,4167,5,,,0,100,,4168,5,,,0,100,,4169,5,,,0,100,,4170,5,,,0,100,,4171,5,,,0,100,,4172,5,,,0,100,,4173,5,,,0,100,,4174,5,,,0,100,,4175,5,,,0,100,,4176,5,,,0,100,,4177,5,,,0,100,,4178,5,,,0,100,,4179,5,,,0,100,,4180,5,,,0,100,,4181,5,,,0
6200,'236.0.3',613,,4182,5,,,0,30,,4183,5,,,0,70,,4184,5,,,0,30,,4185,5,,,0,70,,4186,5,,,0,30,,4187,5,,,0,70,,4188,5,,,0,100,,4189,5,,,0,100,,4190,5,,,0,100,,4191,5,,,0,100,,4192,5,,,0,100,,4193,5,,,0,100,,4194,5,,,0,30,,4195,5,,,0,70,,4196,5,,,0,30,,4197,5,,,0,70,,4198,5,,,0,30,,4199,5,,,0,70,,4200,5,,,0,30,,4201,5,,,0,100,,4202,5,,,0,100,,4203,5,,,0,100,,4204,5,,,0,100,,4205,5,,,0
