400,'236.0.1',552,,14162,,,0,100,,14163,,,0,100,,14164,,,0,70,,14165,,,0,30,,14166,,,0,70,,14167,,,0,30,,14168,,,0,70,,14169,,,0,30,,14170,,,0,70,,14171,,,0,30,,14172,,,0,70,,14173,,,0,30,,14174,,,0,70,,14175,,,0,30,,14176,,,0,70,,14177,,,0,30,,14178,,,0,70,,14179,,,0,30,,14180,,,0,70,,14181,,,0,30,,14182,,,0,70,,14183,,,0,30,,14184,,,0,70,,14185,,,0,30,,14186,,,0,70,,14187,,,0,30,,14188,,,0,70,,14189,,,0,30,,14190,,,0,70,,14191,,,0,30,,14192,,,0,100,,14193,,,0,100,,14194,,,0
400,'236.0.2',647,,14195,,,0,70,,14196,,,0,30,,14197,,,0,70,,14198,,,0,30,,14199,,,0,70,,14200,,,0,30,,14201,,,0,70,,14202,,,0,30,,14203,,,0,70,,14204,,,0,30,,14205,,,0,70,,14206,,,0,30,,14207,,,0,70,,14208,,,0,30,,14209,,,0,70,,14210,,,0,30,,14211,,,0,70,,14212,,,0,30,,14213,,,0,70,,14214,,,0,30,,14215,,,0,70,,14216,,,0,30,,14217,,,0,70,,14218,,,0,30,,14219,,,0,70,,14220,,,0,30,,14221,,,0,100,,14222,,,0,100,,14223,,,0,100,,14224,,,0,100,,14225,,,0
400,'236.0.3',602,,14226,,,0,20,,14227,,,0,20,,14228,,,0,60,,14229,,,0,15,,14230,,,0,15,,14231,,,0,15,,14232,,,0,55,,14233,,,0,15,,14234,,,0,15,,14235,,,0,15,,14236,,,0,55,,14237,,,0,15,,14238,,,0,15,,14239,,,0,15,,14240,,,0,55,,14241,,,0,15,,14242,,,0,15,,14243,,,0,15,,14244,,,0,55,,14245,,,0,15,,14246,,,0,15,,14247,,,0,15,,14248,,,0,55,,14249,,,0,15,,14250,,,0,15,,14251,,,0,15,,14252,,,0,55,,14253,,,0,10,,14254,,,0,10,,14255,,,0,10,,14256,,,0,10,,14257,,,0,10,,14258,,,0,50,,14259,,,0,8,,14260,,,0,8,,14261,,,0,8,,14262,,,0,8,,14263,,,0,8,,14264,,,0,8,,14265,,,0,8,,14266,,,0,48,,14267,,,0,8,,14268,,,0,8,,14269,,,0,8,,14270,,,0,8,,14271,,,0,8,,14272,,,0,8,,14273,,,0,48,,14274,,,0,8,,14275,,,0,8,,14276,,,0,8,,14277,,,0,8,,14278,,,0,8,,14279,,,0,16,,14280,,,0,48,,14281,,,0,8,,14282,,,0,8,,14283,,,0,8,,14284,,,0,8,,14285,,,0,9,,14286,,,0,55,,14287,,,0,15,,14288,,,0,15,,14289,,,0,20,,14290,,,0,60,,14291,,,0,20,,14292,,,0,20,,14293,,,0,60,,14294,,,0,20,,14295,,,0,20,,14296,,,0,60,,14297,,,0,20,,14298,,,0,20,,14299,,,0,70,,14300,,,0,30,,14301,,,0,70,,14302,,,0,30,,14303,,,0,70,,14304,,,0,30,,14305,,,0
400,'236.1141.3',1650,,14306,,,0
400,'236.1143.3',1650,,14307,,,0
2400,'236.0.1',638,,15393,,,0,70,,15394,,,0,30,,15395,,,0,70,,15396,,,0,30,,15397,,,0,70,,15398,,,0,30,,15399,,,0,72,,15400,,,0,31,,15401,,,0,70,,15402,,,0,31,,15403,,,0,72,,15404,,,0,30,,15405,,,0,70,,15406,,,0,30,,15407,,,0,70,,15408,,,0,30,,15409,,,0,68,,15410,,,0,30,,15411,,,0,70,,15412,,,0,30,,15413,,,0,70,,15414,,,0,30,,15415,,,0,70,,15416,,,0,28,,15417,,,0,67,,15418,,,0,30,,15419,,,0,70,,15420,,,0,30,,15421,,,0,70,,15422,,,0,30,,15423,,,0,70,,15424,,,0,30,,15425,,,0,70,,15426,,,0,30,,15427,,,0,70,,15428,,,0
2400,'236.0.2',636,,15429,,,0,70,,15430,,,0,30,,15431,,,0,70,,15432,,,0,30,,15433,,,0,70,,15434,,,0,31,,15435,,,0,74,,15436,,,0,30,,15437,,,0,70,,15438,,,0,30,,15439,,,0,70,,15440,,,0,30,,15441,,,0,70,,15442,,,0,30,,15443,,,0,70,,15444,,,0,30,,15445,,,0,70,,15446,,,0,30,,15447,,,0,70,,15448,,,0,30,,15449,,,0,70,,15450,,,0,30,,15451,,,0,70,,15452,,,0,28,,15453,,,0,68,,15454,,,0,30,,15455,,,0,70,,15456,,,0,30,,15457,,,0,70,,15458,,,0,30,,15459,,,0,70,,15460,,,0,30,,15461,,,0,70,,15462,,,0,30,,15463,,,0,70,,15464,,,0
2400,'236.0.3',642,,15465,,,0,70,,15466,,,0,34,,15467,,,0,71,,15468,,,0,30,,15469,,,0,70,,15470,,,0,25,,15471,,,0,70,,15472,,,0,30,,15473,,,0,70,,15474,,,0,31,,15475,,,0,70,,15476,,,0,30,,15477,,,0,70,,15478,,,0,30,,15479,,,0,70,,15480,,,0,30,,15481,,,0,70,,15482,,,0,30,,15483,,,0,70,,15484,,,0,30,,15485,,,0,70,,15486,,,0,30,,15487,,,0,70,,15488,,,0,30,,15489,,,0,68,,15490,,,0,26,,15491,,,0,70,,15492,,,0,30,,15493,,,0,70,,15494,,,0,30,,15495,,,0,70,,15496,,,0,30,,15497,,,0,70,,15498,,,0,30,,15499,,,0,70,,15500,,,0
1001000,'236.0.3',622,,20119,,,0,19,,20120,,,0,59,,20121,,,0,28,,20122,,,0,18,,20123,,,0,56,,20124,,,0,20,,20125,,,0,20,,20126,,,0,60,,20127,,,0,500,,20128,,,0,19,,20129,,,0,20,,20130,,,0,60,,20131,,,0,20,,20132,,,0,20,,20133,,,0,60,,20134,,,0,20,,20135,,,0,20,,20136,,,0,10,,20137,,,0,70,,20138,,,0,20,,20139,,,0,60,,20140,,,0,20,,20141,,,0
2001000,'236.0.1',632,,21122,,,0,85,,21123,,,0,30,,21124,,,0,70,,21125,,,0,30,,21126,,,0,70,,21127,,,0,30,,21128,,,0,70,,21129,,,0,30,,21130,,,0,70,,21131,,,0,30,,21132,,,0,70,,21133,,,0,30,,21134,,,0,70,,21135,,,0,30,,21136,,,0,70,,21137,,,0,30,,21138,,,0,70,,21139,,,0,30,,21140,,,0,70,,21141,,,0,30,,21142,,,0,70,,21143,,,0,30,,21144,,,0,70,,21145,,,0,30,,21146,,,0,70,,21147,,,0,30,,21148,,,0,85,,21149,,,0,100,,21150,,,0,100,,21151,,,0,100,,21152,,,0
2001000,'236.0.2',632,,21153,,,0,115,,21154,,,0,70,,21155,,,0,30,,21156,,,0,70,,21157,,,0,30,,21158,,,0,70,,21159,,,0,30,,21160,,,0,70,,21161,,,0,30,,21162,,,0,70,,21163,,,0,30,,21164,,,0,70,,21165,,,0,30,,21166,,,0,70,,21167,,,0,30,,21168,,,0,70,,21169,,,0,30,,21170,,,0,70,,21171,,,0,30,,21172,,,0,70,,21173,,,0,30,,21174,,,0,85,,21175,,,0,100,,21176,,,0,100,,21177,,,0,100,,21178,,,0,100,,21179,,,0,100,,21180,,,0,100,,21181,,,0
2001000,'236.0.3',544,,21182,,,0,91,,21183,,,0,20,,21184,,,0,60,,21185,,,0,20,,21186,,,0,20,,21187,,,0,60,,21188,,,0,20,,21189,,,0,20,,21190,,,0,77,,21191,,,0,70,,21192,,,0,30,,21193,,,0,70,,21194,,,0,30,,21195,,,0,70,,21196,,,0,30,,21197,,,0,70,,21198,,,0,30,,21199,,,0,25,,21200,,,0,57,,21201,,,0,20,,21202,,,0,20,,21203,,,0,60,,21204,,,0,20,,21205,,,0,20,,21206,,,0,60,,21207,,,0,20,,21208,,,0,20,,21209,,,0,60,,21210,,,0,20,,21211,,,0,20,,21212,,,0,60,,21213,,,0,23,,21214,,,0,20,,21215,,,0,64,,21216,,,0,30,,21217,,,0,70,,21218,,,0,30,,21219,,,0,70,,21220,,,0
3001000,'236.0.1',602,,21671,,,0,100,,21672,,,0,30,,21673,,,0,70,,21674,,,0,30,,21675,,,0,70,,21676,,,0,30,,21677,,,0,70,,21678,,,0,30,,21679,,,0,70,,21680,,,0,30,,21681,,,0,70,,21682,,,0,30,,21683,,,0,70,,21684,,,0,30,,21685,,,0,70,,21686,,,0,30,,21687,,,0,70,,21688,,,0,30,,21689,,,0,70,,21690,,,0,30,,21691,,,0,70,,21692,,,0,30,,21693,,,0,70,,21694,,,0,30,,21695,,,0,70,,21696,,,0,100,,21697,,,0,100,,21698,,,0,100,,21699,,,0,100,,21700,,,0,100,,21701,,,0
3001000,'236.0.2',602,,21703,,,0,100,,21704,,,0,30,,21705,,,0,70,,21706,,,0,30,,21707,,,0,70,,21708,,,0,30,,21709,,,0,70,,21710,,,0,30,,21711,,,0,70,,21712,,,0,30,,21713,,,0,70,,21714,,,0,30,,21715,,,0,70,,21716,,,0,30,,21717,,,0,70,,21718,,,0,30,,21719,,,0,70,,21720,,,0,30,,21721,,,0,70,,21722,,,0,30,,21723,,,0,70,,21724,,,0,30,,21725,,,0,70,,21726,,,0,100,,21727,,,0,100,,21728,,,0,100,,21729,,,0,100,,21730,,,0,100,,21731,,,0
3001000,'236.0.3',549,,21735,,,0,59,,21736,,,0,20,,21737,,,0,19,,21738,,,0,58,,21739,,,0,17,,21740,,,0,18,,21741,,,0,69,,21742,,,0,20,,21743,,,0,20,,21744,,,0,68,,21745,,,0,30,,21746,,,0,70,,21747,,,0,30,,21748,,,0,70,,21749,,,0,30,,21750,,,0,70,,21751,,,0,30,,21752,,,0,70,,21753,,,0,30,,21754,,,0,60,,21755,,,0,20,,21756,,,0,20,,21757,,,0,60,,21758,,,0,20,,21759,,,0,20,,21760,,,0,60,,21761,,,0,20,,21762,,,0,20,,21763,,,0,60,,21764,,,0,20,,21765,,,0,20,,21766,,,0,60,,21767,,,0,20,,21768,,,0,20,,21769,,,0,59,,21770,,,0,30,,21771,,,0,70,,21772,,,0,30,,21773,,,0,70,,21774,,,0,30,,21775,,,0,70,,21776,,,0,30,,21777,,,0,70,,21778,,,0,30,,21779,,,0,70,,21780,,,0
