5400,'236.0.1',609,,3417,15,,,0,100,,3418,15,,,0,100,,3419,15,,,0,100,,3420,15,,,0,101,,3421,15,,,0,100,,3422,15,,,0,100,,3423,15,,,0,100,,3424,15,,,0,100,,3425,15,,,0,100,,3426,15,,,0,100,,3427,15,,,0,100,,3428,15,,,0,99,,3429,15,,,0,100,,3430,15,,,0,100,,3431,15,,,0,100,,3432,15,,,0,100,,3433,15,,,0
5400,'236.0.2',809,,3434,15,,,0,100,,3435,15,,,0,101,,3436,15,,,0,100,,3437,15,,,0,100,,3438,15,,,0,100,,3439,15,,,0,100,,3440,15,,,0,100,,3441,15,,,0,100,,3442,15,,,0,100,,3443,15,,,0,99,,3444,15,,,0,100,,3445,15,,,0,100,,3446,15,,,0,100,,3447,15,,,0
5400,'236.0.3',610,,3448,15,,,0,28,,3449,15,,,0,70,,3450,15,,,0,30,,3451,15,,,0,70,,3452,15,,,0,31,,3453,15,,,0,75,,3454,15,,,0,100,,3455,15,,,0,100,,3456,15,,,0,101,,3457,15,,,0,100,,3458,15,,,0,100,,3459,15,,,0,100,,3460,15,,,0,30,,3461,15,,,0,70,,3462,15,,,0,29,,3463,15,,,0,70,,3464,15,,,0,28,,3465,15,,,0,71,,3466,15,,,0,30,,3467,15,,,0,70,,3468,15,,,0,30,,3469,15,,,0,70,,3470,15,,,0,100,,3471,15,,,0
5500,'236.0.1',739,,3527,15,,,0,100,,3528,15,,,0,100,,3529,15,,,0,101,,3530,15,,,0,100,,3531,15,,,0,100,,3532,15,,,0,100,,3533,15,,,0,100,,3534,15,,,0,100,,3535,15,,,0,100,,3536,15,,,0,100,,3537,15,,,0,100,,3538,15,,,0,99,,3539,15,,,0,100,,3540,15,,,0,100,,3541,15,,,0
5500,'236.0.2',739,,3542,15,,,0,100,,3543,15,,,0,100,,3544,15,,,0,101,,3545,15,,,0,100,,3546,15,,,0,100,,3547,15,,,0,100,,3548,15,,,0,100,,3549,15,,,0,100,,3550,15,,,0,100,,3551,15,,,0,100,,3552,15,,,0,99,,3553,15,,,0,100,,3554,15,,,0,100,,3555,15,,,0,100,,3556,15,,,0
5500,'236.0.3',627,,3557,15,,,0,30,,3575,15,,,0,70,,3558,15,,,0,32,,3559,15,,,0,100,,3560,15,,,0,85,,3561,15,,,0,100,,3562,15,,,0,100,,3563,15,,,0,101,,3564,15,,,0,100,,3565,15,,,0,100,,3566,15,,,0,85,,3567,15,,,0,101,,3568,15,,,0,74,,3576,15,,,0,30,,3569,15,,,0,24,,3570,15,,,0,75,,3571,15,,,0,100,,3572,15,,,0,110,,3573,15,,,0,100,,3574,15,,,0
5601,'236.0.1',638,,3730,24,,,0,70,,3731,24,,,0,30,,3732,24,,,0,70,,3733,24,,,0,30,,3734,24,,,0,70,,3735,24,,,0,30,,3736,24,,,0,70,,3737,24,,,0,36,,3738,24,,,0,70,,3739,24,,,0,30,,3740,24,,,0,70,,3741,24,,,0,30,,3742,24,,,0,70,,3743,24,,,0,30,,3744,24,,,0,70,,3745,24,,,0,30,,3746,24,,,0,70,,3747,24,,,0,30,,3748,24,,,0,70,,3749,24,,,0,30,,3750,24,,,0,68,,3751,24,,,0,30,,3752,24,,,0,70,,3753,24,,,0,30,,3754,24,,,0,70,,3755,24,,,0,30,,3756,24,,,0,70,,3757,24,,,0,30,,3758,24,,,0,66,,3759,24,,,0,30,,3760,24,,,0,70,,3761,24,,,0,30,,3762,24,,,0,70,,3763,24,,,0,30,,3764,24,,,0,70,,3765,24,,,0
5601,'236.0.2',801,,3766,24,,,0,30,,3767,24,,,0,70,,3768,24,,,0,30,,3769,24,,,0,70,,3770,24,,,0,30,,3771,24,,,0,70,,3772,24,,,0,30,,3773,24,,,0,74,,3774,24,,,0,30,,3775,24,,,0,70,,3776,24,,,0,30,,3777,24,,,0,70,,3778,24,,,0,30,,3779,24,,,0,70,,3780,24,,,0,30,,3781,24,,,0,70,,3782,24,,,0,30,,3783,24,,,0,70,,3784,24,,,0,30,,3785,24,,,0,70,,3786,24,,,0,30,,3787,24,,,0,70,,3788,24,,,0,27,,3789,24,,,0,70,,3790,24,,,0,30,,3791,24,,,0,70,,3792,24,,,0,30,,3793,24,,,0,70,,3794,24,,,0,30,,3795,24,,,0
5601,'236.0.3',640,,3796,24,,,0,70,,3797,24,,,0,30,,3798,24,,,0,70,,3799,24,,,0,30,,3800,24,,,0,70,,3801,24,,,0,30,,3802,24,,,0,70,,3803,24,,,0,34,,3804,24,,,0,70,,3805,24,,,0,30,,3806,24,,,0,70,,3807,24,,,0,30,,3808,24,,,0,70,,3809,24,,,0,30,,3810,24,,,0,70,,3811,24,,,0,30,,3812,24,,,0,70,,3813,24,,,0,31,,3814,24,,,0,70,,3815,24,,,0,30,,3816,24,,,0,70,,3817,24,,,0,30,,3818,24,,,0,70,,3819,24,,,0,30,,3820,24,,,0,69,,3821,24,,,0,27,,3822,24,,,0,70,,3823,24,,,0,30,,3824,24,,,0,70,,3825,24,,,0,29,,3826,24,,,0,69,,3827,24,,,0,30,,3828,24,,,0,70,,3829,24,,,0,30,,3830,24,,,0,70,,3831,24,,,0
6700,'236.0.1',754,,4539,1,,,0,100,,4540,1,,,0,104,,4541,1,,,0,100,,4542,1,,,0,100,,4543,1,,,0,100,,4544,1,,,0,100,,4545,1,,,0,100,,4546,1,,,0,100,,4547,1,,,0,100,,4548,1,,,0,100,,4549,1,,,0,96,,4550,1,,,0,100,,4551,1,,,0,100,,4552,1,,,0,100,,4553,1,,,0,100,,4554,1,,,0
6700,'236.0.2',752,,4555,1,,,0,100,,4556,1,,,0,100,,4557,1,,,0,106,,4558,1,,,0,100,,4559,1,,,0,100,,4560,1,,,0,100,,4561,1,,,0,100,,4562,1,,,0,100,,4563,1,,,0,100,,4564,1,,,0,97,,4565,1,,,0,100,,4566,1,,,0,100,,4567,1,,,0,100,,4568,1,,,0,97,,4569,1,,,0,100,,4570,1,,,0
6700,'236.0.3',605,,4571,1,,,0,30,,4572,1,,,0,70,,4573,1,,,0,30,,4574,1,,,0,70,,4575,1,,,0,30,,4576,1,,,0,70,,4577,1,,,0,100,,4578,1,,,0,97,,4579,1,,,0,100,,4580,1,,,0,100,,4581,1,,,0,100,,4582,1,,,0,99,,4583,1,,,0,30,,4584,1,,,0,70,,4585,1,,,0,30,,4586,1,,,0,70,,4587,1,,,0,31,,4588,1,,,0,74,,4589,1,,,0,30,,4590,1,,,0,100,,4591,1,,,0,100,,4592,1,,,0,100,,4593,1,,,0,100,,4594,1,,,0
6701,'236.0.1',751,,4595,29,4,,0,100,,4596,29,4,,0,104,,4597,29,4,,0,100,,4598,29,4,,0,100,,4599,29,4,,0,100,,4600,29,4,,0,100,,4601,29,4,,0,100,,4602,29,4,,0,100,,4603,29,4,,0,100,,4604,29,4,,0,100,,4605,29,4,,0,96,,4606,29,4,,0,100,,4607,29,4,,0,100,,4608,29,4,,0,100,,4609,29,4,,0,100,,4610,29,4,,0
6701,'236.0.2',750,,4611,29,4,,0,100,,4612,29,4,,0,100,,4613,29,4,,0,105,,4614,29,4,,0,100,,4615,29,4,,0,100,,4616,29,4,,0,100,,4617,29,4,,0,100,,4618,29,4,,0,100,,4619,29,4,,0,100,,4620,29,4,,0,97,,4621,29,4,,0,100,,4622,29,4,,0,100,,4623,29,4,,0,100,,4624,29,4,,0,97,,4625,29,4,,0,100,,4626,29,4,,0
6701,'236.0.3',638,,4627,29,4,,0,70,,4628,29,4,,0,30,,4629,29,4,,0,70,,4630,29,4,,0,30,,4631,29,4,,0,70,,4632,29,4,,0,102,,4633,29,4,,0,100,,4634,29,4,,0,100,,4635,29,4,,0,100,,4636,29,4,,0,100,,4637,29,4,,0,102,,4638,29,4,,0,30,,4639,29,4,,0,70,,4640,29,4,,0,30,,4641,29,4,,0,70,,4642,29,4,,0,30,,4643,29,4,,0,69,,4644,29,4,,0,27,,4645,29,4,,0,70,,4646,29,4,,0,30,,4647,29,4,,0,98,,4648,29,4,,0,100,,4649,29,4,,0,100,,4650,29,4,,0
7201,'236.0.1',643,,4834,11,,,0,77,,4835,31,,,0,30,,4836,31,,,0,70,,4837,31,,,0,30,,4838,31,,,0,70,,4839,31,,,0,30,,4840,31,,,0,75,,4841,31,,,0,30,,4842,31,,,0,70,,4843,31,,,0,76,,4844,31,,,0,30,,4845,31,,,0,70,,4846,31,,,0,30,,4847,31,,,0,70,,4848,31,,,0,30,,4849,31,,,0,70,,4850,31,,,0,30,,4851,31,,,0,70,,4852,31,,,0,30,,4853,31,,,0,70,,4854,31,,,0,30,,4855,31,,,0,70,,4856,31,,,0,27,,4857,31,,,0,25,,4858,31,,,0,70,,4859,31,,,0,100,,4860,31,,,0,100,,4861,31,,,0,100,,4862,31,,,0,100,,4863,31,,,0,100,,4864,31,,,0
7201,'236.0.2',719,,4865,11,,,0,100,,4866,31,,,0,100,,4867,31,,,0,100,,4868,31,,,0,104,,4869,31,,,0,106,,4870,31,,,0,100,,4871,31,,,0,100,,4872,31,,,0,100,,4873,31,,,0,100,,4874,31,,,0,100,,4875,31,,,0,96,,4876,31,,,0,100,,4877,31,,,0,92,,4878,31,,,0,100,,4879,31,,,0,100,,4880,31,,,0,100,,4881,31,,,0
7201,'236.0.3',655,,4882,31,,,0,70,,4883,31,,,0,30,,4884,31,,,0,73,,4885,31,,,0,72,,4886,31,,,0,32,,4887,31,,,0,70,,4888,31,,,0,28,,4889,31,,,0,70,,4890,31,,,0,30,,4891,31,,,0,70,,4892,31,,,0,30,,4893,31,,,0,70,,4894,31,,,0,30,,4895,31,,,0,70,,4896,31,,,0,30,,4897,31,,,0,72,,4898,31,,,0,30,,4899,31,,,0,71,,4900,31,,,0,31,,4901,31,,,0,70,,4902,31,,,0,30,,4903,31,,,0,70,,4904,31,,,0,30,,4905,31,,,0,24,,4906,31,,,0,64,,4907,31,,,0,100,,4908,31,,,0,100,,4909,31,,,0,100,,4910,31,,,0,100,,4911,31,,,0
2001000,'236.0.1',701,,8072,35,4,,0,45,,8073,35,4,,0,70,,8074,35,4,,0,30,,8075,35,4,,0,70,,8076,35,4,,0,31,,8077,35,4,,0,73,,8078,35,4,,0,30,,8079,35,4,,0,70,,8080,35,4,,0,33,,8081,35,4,,0,70,,8082,35,4,,0,30,,8083,35,4,,0,70,,8084,35,4,,0,30,,8085,35,4,,0,70,,8086,35,4,,0,30,,8087,35,4,,0,70,,8088,35,4,,0,30,,8089,35,4,,0,70,,8090,35,4,,0,30,,8091,35,4,,0,70,,8092,35,4,,0,30,,8093,35,4,,0,70,,8094,35,4,,0,30,,8095,35,4,,0,68,,8096,35,4,,0,30,,8097,35,4,,0,70,,8098,35,4,,0,85,,8099,35,4,,0,96,,8100,35,4,,0,100,,8101,35,4,,0,100,,8102,35,4,,0
2001000,'236.0.2',659,,8103,35,4,,0,155,,8104,35,4,,0,30,,8105,35,4,,0,70,,8106,35,4,,0,32,,8107,35,4,,0,72,,8108,35,4,,0,30,,8109,35,4,,0,70,,8110,35,4,,0,30,,8111,35,4,,0,70,,8112,35,4,,0,30,,8113,35,4,,0,70,,8114,35,4,,0,32,,8115,35,4,,0,71,,8116,35,4,,0,30,,8117,35,4,,0,70,,8118,35,4,,0,30,,8119,35,4,,0,70,,8120,35,4,,0,30,,8121,35,4,,0,70,,8122,35,4,,0,30,,8123,35,4,,0,70,,8124,35,4,,0,85,,8125,35,4,,0,96,,8126,35,4,,0,100,,8127,35,4,,0,100,,8128,35,4,,0,100,,8129,35,4,,0,100,,8130,35,4,,0,100,,8131,35,4,,0
2001000,'236.0.3',615,,8132,35,4,,0,91,,8133,35,4,,0,20,,8134,35,4,,0,20,,8135,35,4,,0,61,,8136,35,4,,0,24,,8137,35,4,,0,21,,8138,35,4,,0,60,,8139,35,4,,0,20,,8140,35,4,,0,77,,8141,35,4,,0,30,,8142,35,4,,0,70,,8143,35,4,,0,30,,8144,35,4,,0,70,,8145,35,4,,0,30,,8146,35,4,,0,70,,8147,35,4,,0,30,,8148,35,4,,0,70,,8149,35,4,,0,25,,8150,35,4,,0,17,,8151,35,4,,0,60,,8152,35,4,,0,20,,8153,35,4,,0,22,,8154,35,4,,0,68,,8155,35,4,,0,20,,8156,35,4,,0,60,,8157,35,4,,0,20,,8158,35,4,,0,18,,8159,35,4,,0,19,,8160,35,4,,0,58,,8161,35,4,,0,15,,8162,35,4,,0,16,,8163,35,4,,0,63,,8164,35,4,,0,20,,8165,35,4,,0,24,,8166,35,4,,0,70,,8167,35,4,,0,30,,8168,35,4,,0,70,,8169,35,4,,0,30,,8170,35,4,,0
3001000,'236.0.1',631,,8621,35,0,14,0,100,,8622,35,0,14,0,70,,8623,35,0,14,0,30,,8624,35,0,14,0,70,,8625,35,0,14,0,31,,8626,35,0,14,0,73,,8627,35,0,14,0,30,,8628,35,0,14,0,70,,8629,35,0,14,0,30,,8630,35,0,14,0,73,,8631,35,0,14,0,30,,8632,35,0,14,0,70,,8633,35,0,14,0,30,,8634,35,0,14,0,70,,8635,35,0,14,0,30,,8636,35,0,14,0,70,,8637,35,0,14,0,30,,8638,35,0,14,0,70,,8639,35,0,14,0,30,,8640,35,0,14,0,70,,8641,35,0,14,0,30,,8642,35,0,14,0,70,,8643,35,0,14,0,30,,8644,35,0,14,0,68,,8645,35,0,14,0,30,,8646,35,0,14,0,100,,8647,35,0,14,0,100,,8648,35,0,14,0,96,,8649,35,0,14,0,100,,8650,35,0,14,0,100,,8651,35,0,14,0
3001000,'236.0.2',629,,8653,35,0,14,0,100,,8654,35,0,14,0,30,,8655,35,0,14,0,70,,8656,35,0,14,0,30,,8657,35,0,14,0,70,,8658,35,0,14,0,30,,8659,35,0,14,0,74,,8660,35,0,14,0,70,,8661,35,0,14,0,30,,8662,35,0,14,0,70,,8663,35,0,14,0,30,,8664,35,0,14,0,70,,8665,35,0,14,0,30,,8666,35,0,14,0,70,,8667,35,0,14,0,33,,8668,35,0,14,0,70,,8669,35,0,14,0,30,,8670,35,0,14,0,70,,8671,35,0,14,0,30,,8672,35,0,14,0,70,,8673,35,0,14,0,30,,8674,35,0,14,0,70,,8675,35,0,14,0,30,,8676,35,0,14,0,100,,8677,35,0,14,0,96,,8678,35,0,14,0,100,,8679,35,0,14,0,100,,8680,35,0,14,0,100,,8681,35,0,14,0
3001000,'236.0.3',620,,8685,35,0,14,0,19,,8686,35,0,14,0,20,,8687,35,0,14,0,59,,8688,35,0,14,0,18,,8689,35,0,14,0,17,,8690,35,0,14,0,60,,8691,35,0,14,0,33,,8692,35,0,14,0,60,,8693,35,0,14,0,20,,8694,35,0,14,0,28,,8695,35,0,14,0,70,,8696,35,0,14,0,30,,8697,35,0,14,0,70,,8698,35,0,14,0,30,,8699,35,0,14,0,70,,8700,35,0,14,0,30,,8701,35,0,14,0,70,,8702,35,0,14,0,30,,8703,35,0,14,0,70,,8704,35,0,14,0,20,,8705,35,0,14,0,60,,8706,35,0,14,0,20,,8707,35,0,14,0,20,,8708,35,0,14,0,67,,8709,35,0,14,0,23,,8710,35,0,14,0,20,,8711,35,0,14,0,60,,8712,35,0,14,0,18,,8713,35,0,14,0,19,,8714,35,0,14,0,60,,8715,35,0,14,0,13,,8716,35,0,14,0,16,,8717,35,0,14,0,60,,8718,35,0,14,0,20,,8719,35,0,14,0,19,,8720,35,0,14,0,70,,8721,35,0,14,0,30,,8722,35,0,14,0,70,,8723,35,0,14,0,30,,8724,35,0,14,0,69,,8725,35,0,14,0,27,,8726,35,0,14,0,70,,8727,35,0,14,0,30,,8728,35,0,14,0,70,,8729,35,0,14,0,30,,8730,35,0,14,0
