401,'220.0.1',625,,1826,,,0,100,,1827,,,0,100,,1828,,,0,30,,1829,,,0,70,,1830,,,0,30,,1831,,,0,70,,1832,,,0,30,,1833,,,0,73,,1834,,,0,30,,1835,,,0,70,,1836,,,0,30,,1837,,,0,70,,1838,,,0,30,,1839,,,0,70,,1840,,,0,30,,1841,,,0,70,,1842,,,0,30,,1843,,,0,70,,1844,,,0,30,,1845,,,0,70,,1846,,,0,30,,1847,,,0,68,,1848,,,0,30,,1849,,,0,70,,1850,,,0,30,,1851,,,0,70,,1852,,,0,30,,1853,,,0,70,,1854,,,0,30,,1855,,,0,67,,1856,,,0,100,,1857,,,0,100,,1858,,,0
401,'220.0.2',725,,1859,,,0,30,,1860,,,0,70,,1861,,,0,30,,1862,,,0,70,,1863,,,0,30,,1864,,,0,70,,1865,,,0,30,,1866,,,0,69,,1867,,,0,30,,1868,,,0,70,,1869,,,0,30,,1870,,,0,70,,1871,,,0,30,,1872,,,0,70,,1873,,,0,30,,1874,,,0,70,,1875,,,0,30,,1876,,,0,70,,1877,,,0,30,,1878,,,0,70,,1879,,,0,30,,1880,,,0,70,,1881,,,0,30,,1882,,,0,70,,1883,,,0,32,,1884,,,0,67,,1885,,,0,100,,1886,,,0,100,,1887,,,0,100,,1888,,,0,100,,1889,,,0
401,'220.0.3',604,,1890,,,0,15,,1891,,,0,15,,1892,,,0,15,,1893,,,0,57,,1894,,,0,20,,1895,,,0,8,,1896,,,0,8,,1897,,,0,8,,1898,,,0,8,,1899,,,0,48,,1900,,,0,8,,1901,,,0,8,,1902,,,0,8,,1903,,,0,8,,1904,,,0,8,,1905,,,0,8,,1906,,,0,48,,1907,,,0,7,,1908,,,0,6,,1909,,,0,8,,1910,,,0,8,,1911,,,0,8,,1912,,,0,8,,1913,,,0,8,,1914,,,0,48,,1915,,,0,8,,1916,,,0,8,,1917,,,0,8,,1918,,,0,11,,1919,,,0,15,,1920,,,0,55,,1921,,,0,15,,1922,,,0,15,,1923,,,0,15,,1924,,,0,55,,1925,,,0,15,,1926,,,0,15,,1927,,,0,15,,1928,,,0,55,,1929,,,0,15,,1930,,,0,15,,1931,,,0,15,,1932,,,0,55,,1933,,,0,15,,1934,,,0,15,,1935,,,0,15,,1936,,,0,55,,1937,,,0,16,,1938,,,0,18,,1939,,,0,15,,1940,,,0,55,,1941,,,0,15,,1942,,,0,15,,1943,,,0,15,,1944,,,0,55,,1945,,,0,15,,1946,,,0,15,,1947,,,0,15,,1948,,,0,52,,1949,,,0,11,,1950,,,0,15,,1951,,,0,15,,1952,,,0,60,,1953,,,0,20,,1954,,,0,20,,1955,,,0,60,,1956,,,0,20,,1957,,,0,20,,1958,,,0,60,,1959,,,0,20,,1960,,,0,20,,1961,,,0,60,,1962,,,0,28,,1963,,,0,70,,1964,,,0,30,,1965,,,0,70,,1966,,,0,30,,1967,,,0,70,,1968,,,0
401,'220.0.4',604,,1969,,,0,15,,1970,,,0,15,,1971,,,0,15,,1972,,,0,57,,1973,,,0,20,,1974,,,0,8,,1975,,,0,8,,1976,,,0,8,,1977,,,0,8,,1978,,,0,48,,1979,,,0,8,,1980,,,0,8,,1981,,,0,8,,1982,,,0,8,,1983,,,0,8,,1984,,,0,8,,1985,,,0,48,,1986,,,0,7,,1987,,,0,6,,1988,,,0,8,,1989,,,0,8,,1990,,,0,8,,1991,,,0,8,,1992,,,0,8,,1993,,,0,48,,1994,,,0,8,,1995,,,0,8,,1996,,,0,8,,1997,,,0,11,,1998,,,0,15,,1999,,,0,55,,2000,,,0,15,,2001,,,0,15,,2002,,,0,15,,2003,,,0,55,,2004,,,0,15,,2005,,,0,15,,2006,,,0,15,,2007,,,0,55,,2008,,,0,15,,2009,,,0,15,,2010,,,0,15,,2011,,,0,55,,2012,,,0,15,,2013,,,0,15,,2014,,,0,15,,2015,,,0,55,,2016,,,0,16,,2017,,,0,18,,2018,,,0,15,,2019,,,0,55,,2020,,,0,15,,2021,,,0,15,,2022,,,0,15,,2023,,,0,55,,2024,,,0,15,,2025,,,0,15,,2026,,,0,15,,2027,,,0,52,,2028,,,0,11,,2029,,,0,15,,2030,,,0,15,,2031,,,0,60,,2032,,,0,20,,2033,,,0,20,,2034,,,0,60,,2035,,,0,20,,2036,,,0,20,,2037,,,0,60,,2038,,,0,20,,2039,,,0,20,,2040,,,0,60,,2041,,,0,28,,2042,,,0,70,,2043,,,0,30,,2044,,,0,70,,2045,,,0,30,,2046,,,0,70,,2047,,,0,30,,2048,,,0,70,,2049,,,0
801,'220.0.1',611,,2685,,,0,30,,2686,,,0,70,,2687,,,0,30,,2688,,,0,73,,2689,,,0,33,,2690,,,0,70,,2691,,,0,30,,2692,,,0,74,,2693,,,0,34,,2694,,,0,70,,2695,,,0,30,,2696,,,0,70,,2697,,,0,31,,2698,,,0,71,,2699,,,0,31,,2700,,,0,70,,2701,,,0,30,,2702,,,0,70,,2703,,,0,30,,2704,,,0,70,,2705,,,0,30,,2706,,,0,70,,2707,,,0,28,,2708,,,0,68,,2709,,,0,29,,2710,,,0,70,,2711,,,0,26,,2712,,,0,65,,2713,,,0,29,,2714,,,0,70,,2715,,,0,30,,2716,,,0,70,,2717,,,0,30,,2718,,,0,70,,2719,,,0,30,,2720,,,0,70,,2721,,,0,100,,2722,,,0
801,'220.0.2',617,,2723,,,0,30,,2724,,,0,70,,2725,,,0,30,,2726,,,0,70,,2727,,,0,30,,2728,,,0,72,,2729,,,0,35,,2730,,,0,70,,2731,,,0,31,,2732,,,0,73,,2733,,,0,30,,2734,,,0,70,,2735,,,0,30,,2736,,,0,70,,2737,,,0,30,,2738,,,0,70,,2739,,,0,30,,2740,,,0,70,,2741,,,0,30,,2742,,,0,70,,2743,,,0,30,,2744,,,0,70,,2745,,,0,30,,2746,,,0,66,,2747,,,0,28,,2748,,,0,70,,2749,,,0,30,,2750,,,0,70,,2751,,,0,30,,2752,,,0,66,,2753,,,0,27,,2754,,,0,70,,2755,,,0,30,,2756,,,0,100,,2757,,,0,100,,2758,,,0
801,'220.0.3',606,,2759,,,0,30,,2760,,,0,71,,2761,,,0,24,,2762,,,0,70,,2763,,,0,20,,2764,,,0,20,,2765,,,0,60,,2766,,,0,16,,2767,,,0,16,,2768,,,0,17,,2769,,,0,60,,2770,,,0,20,,2771,,,0,20,,2772,,,0,60,,2773,,,0,20,,2774,,,0,20,,2775,,,0,60,,2776,,,0,20,,2777,,,0,20,,2778,,,0,60,,2779,,,0,20,,2780,,,0,20,,2781,,,0,60,,2782,,,0,20,,2783,,,0,20,,2784,,,0,60,,2785,,,0,20,,2786,,,0,23,,2787,,,0,73,,2788,,,0,30,,2789,,,0,70,,2790,,,0,30,,2791,,,0,63,,2792,,,0,25,,2793,,,0,68,,2794,,,0,30,,2795,,,0,70,,2796,,,0,30,,2797,,,0,70,,2798,,,0,26,,2799,,,0,69,,2800,,,0,30,,2801,,,0,70,,2802,,,0,30,,2803,,,0,70,,2804,,,0,30,,2805,,,0,70,,2806,,,0
801,'220.0.4',606,,2807,,,0,30,,2808,,,0,71,,2809,,,0,24,,2810,,,0,70,,2811,,,0,20,,2812,,,0,20,,2813,,,0,60,,2814,,,0,16,,2815,,,0,16,,2816,,,0,17,,2817,,,0,60,,2818,,,0,20,,2819,,,0,20,,2820,,,0,60,,2821,,,0,20,,2822,,,0,20,,2823,,,0,60,,2824,,,0,20,,2825,,,0,20,,2826,,,0,60,,2827,,,0,20,,2828,,,0,20,,2829,,,0,60,,2830,,,0,20,,2831,,,0,20,,2832,,,0,60,,2833,,,0,20,,2834,,,0,23,,2835,,,0,73,,2836,,,0,30,,2837,,,0,70,,2838,,,0,30,,2839,,,0,63,,2840,,,0,25,,2841,,,0,68,,2842,,,0,30,,2843,,,0,70,,2844,,,0,30,,2845,,,0,70,,2846,,,0,26,,2847,,,0,69,,2848,,,0,30,,2849,,,0,70,,2850,,,0,30,,2851,,,0,70,,2852,,,0,30,,2853,,,0,70,,2854,,,0
9001,'220.0.1',631,,8379,,,0,70,,8380,,,0,30,,8381,,,0,25,,8382,,,0,71,,8383,,,0,30,,8384,,,0,70,,8385,,,0,25,,8386,,,0,74,,8387,,,0,31,,8388,,,0,70,,8389,,,0,30,,8390,,,0,70,,8391,,,0,30,,8392,,,0,70,,8393,,,0,30,,8394,,,0,70,,8395,,,0,30,,8396,,,0,70,,8397,,,0,30,,8398,,,0,70,,8399,,,0,30,,8400,,,0,70,,8401,,,0,75,,8402,,,0,25,,8403,,,0,29,,8404,,,0,70,,8405,,,0,30,,8406,,,0,70,,8407,,,0,99,,8408,,,0,100,,8409,,,0,100,,8410,,,0,100,,8411,,,0
9001,'220.0.2',618,,8412,,,0,100,,8413,,,0,100,,8414,,,0,100,,8415,,,0,99,,8416,,,0,102,,8417,,,0,100,,8418,,,0,102,,8419,,,0,100,,8420,,,0,98,,8421,,,0,100,,8422,,,0,100,,8423,,,0,98,,8424,,,0,103,,8425,,,0,105,,8426,,,0,98,,8427,,,0,97,,8428,,,0,99,,8429,,,0
9001,'220.0.3',605,,8430,,,0,30,,8431,,,0,72,,8432,,,0,24,,8464,,,0,13,,8433,,,0,15,,8465,,,0,50,,8434,,,0,15,,8466,,,0,15,,8435,,,0,13,,8467,,,0,51,,8436,,,0,15,,8468,,,0,15,,8437,,,0,70,,8438,,,0,25,,8439,,,0,30,,8440,,,0,70,,8441,,,0,30,,8442,,,0,70,,8443,,,0,30,,8444,,,0,70,,8445,,,0,30,,8446,,,0,70,,8447,,,0,30,,8448,,,0,73,,8449,,,0,73,,8450,,,0,21,,8469,,,0,22,,8451,,,0,8,,8470,,,0,65,,8452,,,0,15,,8471,,,0,14,,8453,,,0,52,,8472,,,0,12,,8454,,,0,13,,8473,,,0,13,,8455,,,0,12,,8474,,,0,53,,8456,,,0,12,,8475,,,0,13,,8457,,,0,30,,8458,,,0,67,,8459,,,0,30,,8460,,,0,100,,8461,,,0,100,,8462,,,0,100,,8463,,,0
9001,'220.0.4',605,,8476,,,0,30,,8477,,,0,72,,8478,,,0,24,,8510,,,0,13,,8479,,,0,15,,8511,,,0,50,,8480,,,0,15,,8512,,,0,15,,8481,,,0,13,,8513,,,0,51,,8482,,,0,15,,8514,,,0,15,,8483,,,0,70,,8484,,,0,25,,8485,,,0,30,,8486,,,0,70,,8487,,,0,30,,8488,,,0,70,,8489,,,0,30,,8490,,,0,70,,8491,,,0,30,,8492,,,0,70,,8493,,,0,30,,8494,,,0,73,,8495,,,0,73,,8496,,,0,21,,8515,,,0,22,,8497,,,0,8,,8516,,,0,65,,8498,,,0,15,,8517,,,0,14,,8499,,,0,52,,8518,,,0,12,,8500,,,0,13,,8519,,,0,13,,8501,,,0,12,,8520,,,0,53,,8502,,,0,12,,8521,,,0,13,,8503,,,0,30,,8504,,,0,67,,8505,,,0,30,,8506,,,0,100,,8507,,,0,100,,8508,,,0,100,,8509,,,0,90,,8522,,,0,100,,8523,,,0
2000701,'220.0.1',606,,11487,,,0,20,,11488,,,0,20,,11489,,,0,60,,11490,,,0,20,,11491,,,0,20,,11492,,,0,61,,11493,,,0,18,,11494,,,0,20,,11495,,,0,60,,11496,,,0,20,,11497,,,0,18,,11498,,,0,60,,11499,,,0,20,,11500,,,0,20,,11501,,,0,60,,11502,,,0,20,,11503,,,0,20,,11504,,,0,60,,11505,,,0,20,,11506,,,0,20,,11507,,,0,60,,11508,,,0,20,,11509,,,0,20,,11510,,,0,60,,11511,,,0,20,,11512,,,0,20,,11513,,,0,60,,11514,,,0,20,,11515,,,0,20,,11516,,,0,61,,11517,,,0,21,,11518,,,0,20,,11519,,,0,60,,11520,,,0,20,,11521,,,0,20,,11522,,,0,60,,11523,,,0,20,,11524,,,0,20,,11525,,,0,60,,11526,,,0,20,,11527,,,0,20,,11528,,,0,61,,11529,,,0,20,,11530,,,0,20,,11531,,,0,60,,11532,,,0,20,,11533,,,0,20,,11534,,,0,60,,11535,,,0,20,,11536,,,0,20,,11537,,,0,60,,11538,,,0,20,,11539,,,0,20,,11540,,,0
2000701,'220.0.2',606,,11541,,,0,30,,11542,,,0,70,,11543,,,0,30,,11544,,,0,70,,11545,,,0,30,,11546,,,0,70,,11547,,,0,28,,11548,,,0,70,,11549,,,0,30,,11550,,,0,70,,11551,,,0,30,,11552,,,0,70,,11553,,,0,30,,11554,,,0,70,,11555,,,0,30,,11556,,,0,70,,11557,,,0,30,,11558,,,0,70,,11559,,,0,30,,11560,,,0,70,,11561,,,0,30,,11562,,,0,70,,11563,,,0,30,,11564,,,0,70,,11565,,,0,30,,11566,,,0,70,,11567,,,0,31,,11568,,,0,70,,11569,,,0,30,,11570,,,0,70,,11571,,,0,30,,11572,,,0,70,,11573,,,0,30,,11574,,,0,70,,11575,,,0,30,,11576,,,0
2000701,'220.0.3',558,,11577,,,0,55,,11578,,,0,15,,11579,,,0,15,,11580,,,0,15,,11581,,,0,55,,11582,,,0,15,,11583,,,0,15,,11584,,,0,58,,11585,,,0,15,,11586,,,0,15,,11587,,,0,15,,11588,,,0,55,,11589,,,0,13,,11590,,,0,15,,11591,,,0,15,,11592,,,0,15,,11593,,,0,55,,11594,,,0,15,,11595,,,0,15,,11596,,,0,15,,11597,,,0,55,,11598,,,0,15,,11599,,,0,15,,11600,,,0,15,,11601,,,0,55,,11602,,,0,15,,11603,,,0,15,,11604,,,0,15,,11605,,,0,55,,11606,,,0,15,,11607,,,0,15,,11608,,,0,15,,11609,,,0,55,,11610,,,0,15,,11611,,,0,15,,11612,,,0,15,,11613,,,0,55,,11614,,,0,15,,11615,,,0,15,,11616,,,0,15,,11617,,,0,55,,11618,,,0,15,,11619,,,0,15,,11620,,,0,15,,11621,,,0,55,,11622,,,0,15,,11623,,,0,14,,11624,,,0,15,,11625,,,0,55,,11626,,,0,15,,11627,,,0,15,,11628,,,0,15,,11629,,,0,53,,11630,,,0,15,,11631,,,0,15,,11632,,,0,15,,11633,,,0,55,,11634,,,0,15,,11635,,,0,15,,11636,,,0,15,,11637,,,0,55,,11638,,,0,15,,11639,,,0,15,,11640,,,0,15,,11641,,,0,55,,11642,,,0,15,,11643,,,0,15,,11644,,,0,15,,11645,,,0,70,,11646,,,0,30,,11647,,,0,70,,11648,,,0,30,,11649,,,0
2000701,'220.0.4',558,,11650,,,0,55,,11651,,,0,15,,11652,,,0,15,,11653,,,0,15,,11654,,,0,55,,11655,,,0,15,,11656,,,0,15,,11657,,,0,58,,11658,,,0,15,,11659,,,0,15,,11660,,,0,15,,11661,,,0,55,,11662,,,0,13,,11663,,,0,15,,11664,,,0,15,,11665,,,0,15,,11666,,,0,55,,11667,,,0,15,,11668,,,0,15,,11669,,,0,15,,11670,,,0,55,,11671,,,0,15,,11672,,,0,15,,11673,,,0,15,,11674,,,0,55,,11675,,,0,15,,11676,,,0,15,,11677,,,0,15,,11678,,,0,55,,11679,,,0,15,,11680,,,0,15,,11681,,,0,15,,11682,,,0,55,,11683,,,0,15,,11684,,,0,15,,11685,,,0,15,,11686,,,0,55,,11687,,,0,15,,11688,,,0,15,,11689,,,0,15,,11690,,,0,55,,11691,,,0,15,,11692,,,0,15,,11693,,,0,15,,11694,,,0,55,,11695,,,0,15,,11696,,,0,14,,11697,,,0,15,,11698,,,0,55,,11699,,,0,15,,11700,,,0,15,,11701,,,0,15,,11702,,,0,53,,11703,,,0,15,,11704,,,0,15,,11705,,,0,15,,11706,,,0,55,,11707,,,0,15,,11708,,,0,15,,11709,,,0,15,,11710,,,0,55,,11711,,,0,15,,11712,,,0,15,,11713,,,0,15,,11714,,,0,55,,11715,,,0,15,,11716,,,0,15,,11717,,,0,15,,11718,,,0,70,,11719,,,0,30,,11720,,,0,70,,11721,,,0,30,,11722,,,0,70,,11723,,,0,30,,11724,,,0
