9000,'236.0.1',608,,5717,6,,,0,25,,5718,6,,,0,70,,5719,6,,,0,30,,5720,6,,,0,70,,5721,6,,,0,25,,5722,6,,,0,30,,5723,6,,,0,70,,5724,6,,,0,25,,5725,6,,,0,70,,5726,6,,,0,30,,5727,6,,,0,70,,5728,6,,,0,30,,5729,6,,,0,67,,5730,6,,,0,30,,5731,6,,,0,70,,5732,6,,,0,30,,5733,6,,,0,70,,5734,6,,,0,30,,5735,6,,,0,70,,5736,6,,,0,30,,5737,6,,,0,73,,5738,6,,,0,30,,5739,6,,,0,70,,5740,6,,,0,30,,5741,6,,,0,70,,5742,6,,,0,30,,5743,6,,,0,70,,5744,6,,,0,30,,5745,6,,,0,105,,5746,6,,,0,100,,5747,6,,,0,100,,5748,6,,,0,100,,5749,6,,,0
9000,'236.0.2',557,,5750,6,,,0,100,,5751,6,,,0,100,,5752,6,,,0,95,,5753,6,,,0,97,,5754,6,,,0,99,,5755,6,,,0,100,,5756,6,,,0,100,,5757,6,,,0,98,,5758,6,,,0,100,,5759,6,,,0,100,,5760,6,,,0,100,,5761,6,,,0,103,,5762,6,,,0,105,,5763,6,,,0,102,,5764,6,,,0,100,,5765,6,,,0,100,,5766,6,,,0,100,,5767,6,,,0
9000,'236.0.3',551,,5801,6,,,0,55,,5800,6,,,0,15,,5768,6,,,0,15,,5802,6,,,0,15,,5769,6,,,0,55,,5803,6,,,0,15,,5770,6,,,0,15,,5804,6,,,0,20,,5771,6,,,0,70,,5772,6,,,0,25,,5773,6,,,0,71,,5774,6,,,0,29,,5775,6,,,0,70,,5776,6,,,0,30,,5777,6,,,0,67,,5778,6,,,0,31,,5779,6,,,0,70,,5780,6,,,0,30,,5781,6,,,0,70,,5782,6,,,0,30,,5783,6,,,0,70,,5784,6,,,0,15,,5805,6,,,0,15,,5785,6,,,0,55,,5806,6,,,0,15,,5786,6,,,0,15,,5807,6,,,0,15,,5787,6,,,0,55,,5808,6,,,0,15,,5812,6,,,0,15,,5809,6,,,0,15,,5788,6,,,0,55,,5810,6,,,0,15,,5789,6,,,0,15,,5811,6,,,0,14,,5790,6,,,0,75,,5791,6,,,0,30,,5792,6,,,0,70,,5793,6,,,0,30,,5794,6,,,0,70,,5795,6,,,0,100,,5796,6,,,0,100,,5797,6,,,0,100,,5798,6,,,0,100,,5799,6,,,0
13500,'236.0.3',700,,6072,32,,,0,30,,6073,32,,,0,70,,6074,32,,,0,15,,6075,32,,,0,16,,6076,32,,,0,15,,6077,32,,,0
13500,'236.1141.3',745,,6078,32,,,0
13500,'236.1143.3',745,,6079,32,,,0
13600,'236.0.3',649,,6087,36,,,0,71,,6088,36,,,0,16,,6089,36,,,0,15,,6090,36,,,0,55,,6091,36,,,0,16,,6092,36,,,0,10,,6093,36,,,0,20,,6094,36,,,0
13700,'236.0.3',655,,6107,30,,,0,70,,6103,30,,,0,21,,6108,30,,,0,10,,6104,30,,,0,70,,6105,30,,,0,30,,6106,30,,,0
13800,'236.0.3',639,,6115,39,,,0,71,,6116,39,,,0,15,,6117,39,,,0,15,,6118,39,,,0,71,,6119,39,,,0,5,,6120,39,,,0,26,,6121,39,,,0
15801,'236.0.3',738,,6133,30,,,0,72,,6136,30,,,0,29,,6134,30,,,0,69,,6135,30,,,0
15901,'236.0.3',625,,6146,30,,,0,24,,6154,30,,,0,56,,6147,30,,,0,23,,6148,30,,,0,23,,6149,30,,,0,62,,6150,30,,,0,20,,6151,30,,,0,21,,6152,30,,,0,57,,6153,30,,,0
16100,'236.0.3',629,,6155,43,,,0,30,,6156,43,,,0,74,,6157,43,,,0,73,,6158,43,,,0,31,,6159,43,,,0,69,,6160,43,,,0
16501,'236.0.3',646,,6173,32,,,0,70,,6174,32,,,0,36,,6175,32,,,0,74,,6176,32,,,0,30,,6177,32,,,0,70,,6178,32,,,0
1016801,'236.0.3',651,,7465,33,,,0,71,,7466,33,,,0,36,,7467,33,,,0,71,,7468,33,,,0,29,,7469,33,,,0,66,,7470,33,,,0
2016801,'236.0.3',638,,8480,38,,,0,70,,8481,38,,,0,35,,8482,38,,,0,74,,8483,38,,,0,29,,8484,38,,,0,70,,8485,38,,,0
