401,'220.0.1',631,,1826,,,0,100,,1827,,,0,100,,1828,,,0,70,,1829,,,0,30,,1830,,,0,70,,1831,,,0,30,,1832,,,0,70,,1833,,,0,33,,1834,,,0,70,,1835,,,0,30,,1836,,,0,70,,1837,,,0,30,,1838,,,0,70,,1839,,,0,30,,1840,,,0,70,,1841,,,0,30,,1842,,,0,70,,1843,,,0,30,,1844,,,0,70,,1845,,,0,30,,1846,,,0,70,,1847,,,0,28,,1848,,,0,70,,1849,,,0,30,,1850,,,0,70,,1851,,,0,30,,1852,,,0,70,,1853,,,0,30,,1854,,,0,70,,1855,,,0,26,,1856,,,0,100,,1857,,,0,100,,1858,,,0
401,'220.0.2',731,,1859,,,0,70,,1860,,,0,30,,1861,,,0,70,,1862,,,0,30,,1863,,,0,70,,1864,,,0,30,,1865,,,0,70,,1866,,,0,29,,1867,,,0,70,,1868,,,0,30,,1869,,,0,70,,1870,,,0,30,,1871,,,0,70,,1872,,,0,30,,1873,,,0,70,,1874,,,0,30,,1875,,,0,70,,1876,,,0,30,,1877,,,0,70,,1878,,,0,30,,1879,,,0,70,,1880,,,0,30,,1881,,,0,70,,1882,,,0,30,,1883,,,0,72,,1884,,,0,26,,1885,,,0,100,,1886,,,0,100,,1887,,,0,100,,1888,,,0,100,,1889,,,0
401,'220.0.3',610,,1890,,,0,15,,1891,,,0,15,,1892,,,0,15,,1893,,,0,58,,1894,,,0,20,,1895,,,0,8,,1896,,,0,8,,1897,,,0,8,,1898,,,0,48,,1899,,,0,8,,1900,,,0,8,,1901,,,0,8,,1902,,,0,8,,1903,,,0,8,,1904,,,0,8,,1905,,,0,48,,1906,,,0,8,,1907,,,0,7,,1908,,,0,6,,1909,,,0,8,,1910,,,0,8,,1911,,,0,8,,1912,,,0,8,,1913,,,0,48,,1914,,,0,8,,1915,,,0,8,,1916,,,0,8,,1917,,,0,8,,1918,,,0,11,,1919,,,0,55,,1920,,,0,15,,1921,,,0,15,,1922,,,0,15,,1923,,,0,55,,1924,,,0,15,,1925,,,0,15,,1926,,,0,15,,1927,,,0,55,,1928,,,0,15,,1929,,,0,15,,1930,,,0,15,,1931,,,0,55,,1932,,,0,15,,1933,,,0,15,,1934,,,0,15,,1935,,,0,55,,1936,,,0,15,,1937,,,0,17,,1938,,,0,18,,1939,,,0,55,,1940,,,0,15,,1941,,,0,15,,1942,,,0,15,,1943,,,0,55,,1944,,,0,15,,1945,,,0,15,,1946,,,0,15,,1947,,,0,53,,1948,,,0,12,,1949,,,0,11,,1950,,,0,15,,1951,,,0,15,,1952,,,0,60,,1953,,,0,20,,1954,,,0,20,,1955,,,0,60,,1956,,,0,20,,1957,,,0,20,,1958,,,0,60,,1959,,,0,20,,1960,,,0,20,,1961,,,0,60,,1962,,,0,28,,1963,,,0,70,,1964,,,0,30,,1965,,,0,70,,1966,,,0,30,,1967,,,0,70,,1968,,,0
401,'220.0.4',610,,1969,,,0,15,,1970,,,0,15,,1971,,,0,15,,1972,,,0,58,,1973,,,0,20,,1974,,,0,8,,1975,,,0,8,,1976,,,0,8,,1977,,,0,48,,1978,,,0,8,,1979,,,0,8,,1980,,,0,8,,1981,,,0,8,,1982,,,0,8,,1983,,,0,8,,1984,,,0,48,,1985,,,0,8,,1986,,,0,7,,1987,,,0,6,,1988,,,0,8,,1989,,,0,8,,1990,,,0,8,,1991,,,0,8,,1992,,,0,48,,1993,,,0,8,,1994,,,0,8,,1995,,,0,8,,1996,,,0,8,,1997,,,0,11,,1998,,,0,55,,1999,,,0,15,,2000,,,0,15,,2001,,,0,15,,2002,,,0,55,,2003,,,0,15,,2004,,,0,15,,2005,,,0,15,,2006,,,0,55,,2007,,,0,15,,2008,,,0,15,,2009,,,0,15,,2010,,,0,55,,2011,,,0,15,,2012,,,0,15,,2013,,,0,15,,2014,,,0,55,,2015,,,0,15,,2016,,,0,17,,2017,,,0,18,,2018,,,0,55,,2019,,,0,15,,2020,,,0,15,,2021,,,0,15,,2022,,,0,55,,2023,,,0,15,,2024,,,0,15,,2025,,,0,15,,2026,,,0,53,,2027,,,0,12,,2028,,,0,11,,2029,,,0,15,,2030,,,0,15,,2031,,,0,60,,2032,,,0,20,,2033,,,0,20,,2034,,,0,60,,2035,,,0,20,,2036,,,0,20,,2037,,,0,60,,2038,,,0,20,,2039,,,0,20,,2040,,,0,60,,2041,,,0,28,,2042,,,0,70,,2043,,,0,30,,2044,,,0,70,,2045,,,0,30,,2046,,,0,70,,2047,,,0,30,,2048,,,0,70,,2049,,,0
1001001,'220.0.3',648,,10491,,,0,65,,10492,,,0,20,,10493,,,0,20,,10494,,,0,60,,10495,,,0,20,,10496,,,0,20,,10497,,,0,56,,10498,,,0,20,,10499,,,0,508,,10500,,,0,15,,10501,,,0,64,,10502,,,0,21,,10503,,,0,20,,10504,,,0,60,,10505,,,0,20,,10506,,,0,65,,10507,,,0,24,,10508,,,0,22,,10509,,,0,60,,10510,,,0,9,,10511,,,0,20,,10512,,,0
1001001,'220.0.4',648,,10513,,,0,65,,10514,,,0,20,,10515,,,0,20,,10516,,,0,60,,10517,,,0,20,,10518,,,0,20,,10519,,,0,56,,10520,,,0,20,,10521,,,0,508,,10522,,,0,15,,10523,,,0,64,,10524,,,0,21,,10525,,,0,20,,10526,,,0,60,,10527,,,0,20,,10528,,,0,65,,10529,,,0,24,,10530,,,0,22,,10531,,,0,60,,10532,,,0,9,,10533,,,0,20,,10534,,,0
2001001,'220.0.1',657,,12065,,,0,94,,12066,,,0,87,,12067,,,0,72,,12068,,,0,30,,12069,,,0,71,,12070,,,0,33,,12071,,,0,72,,12072,,,0,31,,12073,,,0,72,,12074,,,0,33,,12075,,,0,72,,12076,,,0,30,,12077,,,0,70,,12078,,,0,30,,12079,,,0,70,,12080,,,0,30,,12081,,,0,70,,12082,,,0,30,,12083,,,0,70,,12084,,,0,30,,12085,,,0,70,,12086,,,0,30,,12087,,,0,66,,12088,,,0,26,,12089,,,0,70,,12090,,,0,30,,12091,,,0,100,,12092,,,0,98,,12093,,,0,99,,12094,,,0,100,,12095,,,0
2001001,'220.0.2',650,,12096,,,0,92,,12097,,,0,90,,12098,,,0,72,,12099,,,0,31,,12100,,,0,72,,12101,,,0,32,,12102,,,0,72,,12103,,,0,31,,12104,,,0,71,,12105,,,0,30,,12106,,,0,70,,12107,,,0,30,,12108,,,0,70,,12109,,,0,32,,12110,,,0,71,,12111,,,0,30,,12112,,,0,70,,12113,,,0,30,,12114,,,0,69,,12115,,,0,30,,12116,,,0,70,,12117,,,0,29,,12118,,,0,101,,12119,,,0,100,,12120,,,0,100,,12121,,,0,100,,12122,,,0,100,,12123,,,0,100,,12124,,,0
2001001,'220.0.3',609,,12125,,,0,30,,12126,,,0,64,,12127,,,0,23,,12128,,,0,22,,12163,,,0,60,,12129,,,0,20,,12130,,,0,20,,12131,,,0,60,,12132,,,0,50,,12133,,,0,60,,12134,,,0,24,,12135,,,0,71,,12136,,,0,31,,12137,,,0,70,,12138,,,0,30,,12139,,,0,70,,12140,,,0,30,,12141,,,0,79,,12142,,,0,21,,12143,,,0,64,,12144,,,0,15,,12145,,,0,21,,12146,,,0,60,,12147,,,0,20,,12148,,,0,21,,12149,,,0,64,,12150,,,0,25,,12151,,,0,21,,12152,,,0,60,,12153,,,0,9,,12154,,,0,20,,12155,,,0,70,,12156,,,0,25,,12157,,,0,72,,12158,,,0,30,,12159,,,0,70,,12160,,,0,30,,12161,,,0,70,,12162,,,0
2001001,'220.0.4',609,,12164,,,0,30,,12165,,,0,64,,12166,,,0,23,,12167,,,0,22,,12202,,,0,60,,12168,,,0,20,,12169,,,0,20,,12170,,,0,60,,12171,,,0,50,,12172,,,0,60,,12173,,,0,24,,12174,,,0,71,,12175,,,0,31,,12176,,,0,70,,12177,,,0,30,,12178,,,0,70,,12179,,,0,30,,12180,,,0,79,,12181,,,0,21,,12182,,,0,64,,12183,,,0,15,,12184,,,0,21,,12185,,,0,60,,12186,,,0,20,,12187,,,0,21,,12188,,,0,64,,12189,,,0,25,,12190,,,0,21,,12191,,,0,60,,12192,,,0,9,,12193,,,0,20,,12194,,,0,70,,12195,,,0,25,,12196,,,0,72,,12197,,,0,30,,12198,,,0,70,,12199,,,0,30,,12200,,,0,70,,12201,,,0
3001001,'220.0.1',627,,12889,,,0,94,,12890,,,0,100,,12891,,,0,34,,12892,,,0,70,,12893,,,0,30,,12894,,,0,70,,12895,,,0,34,,12896,,,0,73,,12897,,,0,71,,12898,,,0,32,,12899,,,0,74,,12900,,,0,30,,12901,,,0,70,,12902,,,0,30,,12903,,,0,70,,12904,,,0,30,,12905,,,0,70,,12906,,,0,30,,12907,,,0,70,,12908,,,0,30,,12909,,,0,70,,12910,,,0,30,,12911,,,0,69,,12912,,,0,24,,12913,,,0,68,,12914,,,0,30,,12915,,,0,100,,12916,,,0,96,,12917,,,0,93,,12918,,,0,100,,12919,,,0
3001001,'220.0.2',625,,12921,,,0,90,,12922,,,0,100,,12923,,,0,30,,12924,,,0,70,,12925,,,0,30,,12926,,,0,73,,12927,,,0,33,,12928,,,0,74,,12929,,,0,30,,12930,,,0,71,,12931,,,0,30,,12932,,,0,71,,12933,,,0,30,,12934,,,0,70,,12935,,,0,30,,12936,,,0,73,,12937,,,0,70,,12938,,,0,30,,12939,,,0,70,,12940,,,0,30,,12941,,,0,70,,12942,,,0,30,,12943,,,0,29,,12944,,,0,67,,12945,,,0,100,,12946,,,0,94,,12947,,,0,100,,12948,,,0,100,,12949,,,0
3001001,'220.0.3',554,,12951,,,0,70,,12952,,,0,32,,12953,,,0,65,,12954,,,0,22,,12955,,,0,60,,12956,,,0,18,,12957,,,0,19,,12958,,,0,60,,12959,,,0,16,,12960,,,0,32,,12961,,,0,60,,12962,,,0,20,,12963,,,0,28,,12964,,,0,73,,12965,,,0,30,,12966,,,0,70,,12967,,,0,30,,12968,,,0,70,,12969,,,0,30,,12970,,,0,70,,12971,,,0,30,,12972,,,0,70,,12973,,,0,21,,12974,,,0,60,,12975,,,0,20,,12976,,,0,21,,12977,,,0,67,,12978,,,0,23,,12979,,,0,60,,12980,,,0,20,,12981,,,0,18,,12982,,,0,16,,12983,,,0,57,,12984,,,0,12,,12985,,,0,12,,12986,,,0,19,,12987,,,0,79,,12988,,,0,70,,12989,,,0,30,,12990,,,0,70,,12991,,,0,30,,12992,,,0,68,,12993,,,0,24,,12994,,,0
3001001,'220.0.4',554,,13000,,,0,70,,13001,,,0,32,,13002,,,0,65,,13003,,,0,22,,13004,,,0,60,,13005,,,0,18,,13006,,,0,19,,13007,,,0,60,,13008,,,0,16,,13009,,,0,32,,13010,,,0,60,,13011,,,0,20,,13012,,,0,28,,13013,,,0,73,,13014,,,0,30,,13015,,,0,70,,13016,,,0,30,,13017,,,0,70,,13018,,,0,30,,13019,,,0,70,,13020,,,0,30,,13021,,,0,70,,13022,,,0,21,,13023,,,0,60,,13024,,,0,20,,13025,,,0,21,,13026,,,0,67,,13027,,,0,23,,13028,,,0,60,,13029,,,0,20,,13030,,,0,18,,13031,,,0,16,,13032,,,0,57,,13033,,,0,12,,13034,,,0,12,,13035,,,0,19,,13036,,,0,79,,13037,,,0,70,,13038,,,0,30,,13039,,,0,70,,13040,,,0,30,,13041,,,0,68,,13042,,,0,24,,13043,,,0,30,,13044,,,0,65,,13045,,,0,30,,13046,,,0,70,,13047,,,0,30,,13049,,,0,70,,13050,,,0
