2401,'236.0.1',631,,2451,30,,,0,70,,2452,30,,,0,30,,2453,30,,,0,70,,2454,30,,,0,30,,2455,30,,,0,70,,2456,30,,,0,30,,2457,30,,,0,70,,2458,30,,,0,37,,2459,30,,,0,71,,2460,30,,,0,30,,2461,30,,,0,71,,2462,30,,,0,32,,2463,30,,,0,70,,2464,30,,,0,30,,2465,30,,,0,70,,2466,30,,,0,30,,2467,30,,,0,70,,2468,30,,,0,28,,2469,30,,,0,70,,2470,30,,,0,30,,2471,30,,,0,70,,2472,30,,,0,30,,2473,30,,,0,70,,2474,30,,,0,30,,2475,30,,,0,67,,2476,30,,,0,27,,2477,30,,,0,70,,2478,30,,,0,30,,2479,30,,,0,69,,2480,30,,,0,28,,2481,30,,,0,70,,2482,30,,,0,30,,2483,30,,,0,70,,2484,30,,,0,30,,2485,30,,,0,70,,2486,30,,,0
2401,'236.0.2',629,,2487,30,,,0,30,,2488,30,,,0,70,,2489,30,,,0,30,,2490,30,,,0,70,,2491,30,,,0,30,,2492,30,,,0,70,,2493,30,,,0,72,,2494,30,,,0,36,,2495,30,,,0,70,,2496,30,,,0,30,,2497,30,,,0,70,,2498,30,,,0,30,,2499,30,,,0,70,,2500,30,,,0,30,,2501,30,,,0,70,,2502,30,,,0,30,,2503,30,,,0,70,,2504,30,,,0,30,,2505,30,,,0,70,,2506,30,,,0,30,,2507,30,,,0,70,,2508,30,,,0,30,,2509,30,,,0,70,,2510,30,,,0,30,,2511,30,,,0,68,,2512,30,,,0,28,,2513,30,,,0,70,,2514,30,,,0,28,,2515,30,,,0,70,,2516,30,,,0,30,,2517,30,,,0,70,,2518,30,,,0,30,,2519,30,,,0,70,,2520,30,,,0,30,,2521,30,,,0,70,,2522,30,,,0
2401,'236.0.3',707,,2523,30,,,0,30,,2524,30,,,0,74,,2525,30,,,0,31,,2526,30,,,0,70,,2527,30,,,0,30,,2528,30,,,0,65,,2529,30,,,0,30,,2530,30,,,0,70,,2531,30,,,0,31,,2532,30,,,0,71,,2533,30,,,0,30,,2534,30,,,0,70,,2535,30,,,0,30,,2536,30,,,0,70,,2537,30,,,0,33,,2538,30,,,0,70,,2539,30,,,0,38,,2540,30,,,0,70,,2541,30,,,0,30,,2542,30,,,0,70,,2543,30,,,0,23,,2544,30,,,0,68,,2545,30,,,0,30,,2546,30,,,0,66,,2547,30,,,0,28,,2548,30,,,0,66,,2549,30,,,0,30,,2550,30,,,0,70,,2551,30,,,0,30,,2552,30,,,0,70,,2553,30,,,0,30,,2554,30,,,0,70,,2555,30,,,0,30,,2556,30,,,0,70,,2557,30,,,0,30,,2558,30,,,0
12701,'236.0.3',1602,,6061,8,,,0,16,,6062,8,,,0,15,,6063,8,,,0,83,,6064,8,,,0,15,,6065,8,,,0,14,,6066,8,,,0,55,,6067,8,,,0
12701,'236.1141.3',1643,,6068,8,,,0,59,,6069,8,,,0
12701,'236.1143.3',1643,,6070,8,,,0,59,,6071,8,,,0
1000900,'236.0.1',707,,6883,25,,,0,100,,6884,25,,,0,100,,6885,25,,,0,101,,6886,25,,,0,100,,6887,25,,,0,96,,6888,25,,,0,102,,6889,25,,,0,100,,6890,25,,,0,100,,6891,25,,,0,100,,6892,25,,,0,100,,6893,25,,,0,100,,6894,25,,,0,100,,6895,25,,,0,101,,6896,25,,,0,100,,6897,25,,,0,100,,6898,25,,,0,100,,6899,25,,,0,100,,6900,25,,,0
1000900,'236.0.2',706,,6901,25,,,0,96,,6902,25,,,0,100,,6903,25,,,0,100,,6904,25,,,0,106,,6905,25,,,0,100,,6906,25,,,0,100,,6907,25,,,0,100,,6908,25,,,0,100,,6909,25,,,0,100,,6910,25,,,0,100,,6911,25,,,0,100,,6912,25,,,0,100,,6913,25,,,0,100,,6914,25,,,0,98,,6915,25,,,0,100,,6916,25,,,0,100,,6917,25,,,0,100,,6918,25,,,0
1000900,'236.0.3',621,,6919,25,,,0,30,,6920,25,,,0,70,,6921,25,,,0,32,,6922,25,,,0,72,,6923,25,,,0,29,,6924,25,,,0,52,,6925,25,,,0,15,,6926,25,,,0,30,,6927,25,,,0,55,,6928,25,,,0,15,,6929,25,,,0,30,,6930,25,,,0,57,,6931,25,,,0,13,,6932,25,,,0,27,,6933,25,,,0,55,,6934,25,,,0,15,,6935,25,,,0,30,,6936,25,,,0,55,,6937,25,,,0,15,,6938,25,,,0,30,,6939,25,,,0,55,,6940,25,,,0,15,,6941,25,,,0,30,,6942,25,,,0,68,,6943,25,,,0,25,,6944,25,,,0,9,,6945,25,,,0,59,,6946,25,,,0,10,,6947,25,,,0,20,,6948,25,,,0,10,,6949,25,,,0,60,,6950,25,,,0,10,,6951,25,,,0,10,,6952,25,,,0,19,,6953,25,,,0,5,,6954,25,,,0,6,,6955,25,,,0,56,,6956,25,,,0,10,,6957,25,,,0,20,,6958,25,,,0,10,,6959,25,,,0,70,,6960,25,,,0,30,,6961,25,,,0,70,,6962,25,,,0,30,,6963,25,,,0,68,,6964,25,,,0,27,,6965,25,,,0,55,,6966,25,,,0,15,,6967,25,,,0,35,,6968,25,,,0,60,,6969,25,,,0,40,,6970,25,,,0,60,,6971,25,,,0,40,,6972,25,,,0
2000900,'236.0.1',637,,7933,25,,,0,100,,7934,25,,,0,100,,7935,25,,,0,101,,7936,25,,,0,100,,7937,25,,,0,100,,7938,25,,,0,98,,7939,25,,,0,100,,7940,25,,,0,100,,7941,25,,,0,100,,7942,25,,,0,100,,7943,25,,,0,100,,7944,25,,,0,100,,7945,25,,,0,101,,7946,25,,,0,100,,7947,25,,,0,100,,7948,25,,,0,100,,7949,25,,,0,100,,7950,25,,,0,100,,7951,25,,,0
2000900,'236.0.2',637,,7952,25,,,0,97,,7953,25,,,0,98,,7954,25,,,0,100,,7955,25,,,0,106,,7956,25,,,0,100,,7957,25,,,0,100,,7958,25,,,0,100,,7959,25,,,0,100,,7960,25,,,0,100,,7961,25,,,0,100,,7962,25,,,0,100,,7963,25,,,0,100,,7964,25,,,0,100,,7965,25,,,0,98,,7966,25,,,0,100,,7967,25,,,0,100,,7968,25,,,0,100,,7969,25,,,0,100,,7970,25,,,0
2000900,'236.0.3',536,,7971,7,,,0,70,,7972,7,,,0,30,,7973,25,,,0,70,,7974,25,,,0,30,,7975,25,,,0,70,,7976,25,,,0,30,,7977,25,,,0,100,,7978,25,,,0,100,,7979,25,,,0,98,,7980,25,,,0,96,,7981,25,,,0,100,,7982,25,,,0,100,,7983,25,,,0,28,,7984,25,,,0,72,,7985,25,,,0,29,,7986,25,,,0,70,,7987,25,,,0,30,,7988,25,,,0,78,,7989,25,,,0,67,,7990,25,,,0,30,,7991,25,,,0,70,,7992,25,,,0,30,,7993,25,,,0,70,,7994,25,,,0,30,,7995,25,,,0,69,,7996,25,,,0,27,,7997,25,,,0,100,,7998,25,,,0,100,,7999,25,,,0,100,,8000,25,,,0,100,,8001,25,,,0
