501,'236.0.1',613,,1559,13,,,0,20,,1560,13,,,0,20,,1561,13,,,0,60,,1562,13,,,0,20,,1563,13,,,0,20,,1564,13,,,0,60,,1565,13,,,0,20,,1566,13,,,0,20,,1567,13,,,0,60,,1568,13,,,0,20,,1569,13,,,0,20,,1570,13,,,0,63,,1571,13,,,0,20,,1572,13,,,0,20,,1573,13,,,0,60,,1574,13,,,0,20,,1575,13,,,0,20,,1576,13,,,0,60,,1577,13,,,0,20,,1578,13,,,0,20,,1579,13,,,0,60,,1580,13,,,0,20,,1581,13,,,0,20,,1582,13,,,0,60,,1583,13,,,0,20,,1584,13,,,0,20,,1585,13,,,0,60,,1586,13,,,0,20,,1587,13,,,0,20,,1588,13,,,0,59,,1589,13,,,0,20,,1590,13,,,0,20,,1591,13,,,0,60,,1592,13,,,0,20,,1593,13,,,0,20,,1594,13,,,0,60,,1595,13,,,0,20,,1596,13,,,0,20,,1597,13,,,0,60,,1598,13,,,0,20,,1599,13,,,0,20,,1600,13,,,0,58,,1601,13,,,0,20,,1602,13,,,0,20,,1603,13,,,0,60,,1604,13,,,0,20,,1605,13,,,0,20,,1606,13,,,0,60,,1607,13,,,0,30,,1608,13,,,0,70,,1609,13,,,0,30,,1610,13,,,0,70,,1611,13,,,0,30,,1612,13,,,0
501,'236.0.2',613,,1613,13,,,0,30,,1614,13,,,0,70,,1615,13,,,0,30,,1616,13,,,0,70,,1617,13,,,0,30,,1618,13,,,0,70,,1619,13,,,0,30,,1620,13,,,0,70,,1621,13,,,0,33,,1622,13,,,0,68,,1623,13,,,0,30,,1624,13,,,0,70,,1625,13,,,0,31,,1626,13,,,0,68,,1627,13,,,0,30,,1628,13,,,0,70,,1629,13,,,0,30,,1630,13,,,0,71,,1631,13,,,0,30,,1632,13,,,0,70,,1633,13,,,0,30,,1634,13,,,0,70,,1635,13,,,0,30,,1636,13,,,0,70,,1637,13,,,0,30,,1638,13,,,0,70,,1639,13,,,0,30,,1640,13,,,0,71,,1641,13,,,0,30,,1642,13,,,0,70,,1643,13,,,0,27,,1644,13,,,0,70,,1645,13,,,0,30,,1646,13,,,0,70,,1647,13,,,0,30,,1648,13,,,0
501,'236.0.3',515,,1649,13,,,0,30,,1650,13,,,0,70,,1651,13,,,0,15,,1652,13,,,0,15,,1653,13,,,0,55,,1654,13,,,0,15,,1655,13,,,0,21,,1656,13,,,0,15,,1657,13,,,0,55,,1658,13,,,0,15,,1659,13,,,0,15,,1660,13,,,0,15,,1661,13,,,0,52,,1662,13,,,0,13,,1663,13,,,0,15,,1664,13,,,0,15,,1665,13,,,0,55,,1666,13,,,0,15,,1667,13,,,0,15,,1668,13,,,0,15,,1669,13,,,0,55,,1670,13,,,0,15,,1671,13,,,0,15,,1672,13,,,0,15,,1673,13,,,0,55,,1674,13,,,0,15,,1675,13,,,0,15,,1676,13,,,0,15,,1677,13,,,0,55,,1678,13,,,0,15,,1679,13,,,0,15,,1680,13,,,0,15,,1681,13,,,0,55,,1682,13,,,0,15,,1683,13,,,0,15,,1684,13,,,0,15,,1685,13,,,0,55,,1686,13,,,0,15,,1687,13,,,0,15,,1688,13,,,0,15,,1689,13,,,0,55,,1690,13,,,0,15,,1691,13,,,0,15,,1692,13,,,0,15,,1693,13,,,0,55,,1694,13,,,0,15,,1695,13,,,0,15,,1696,13,,,0,15,,1697,13,,,0,55,,1698,13,,,0,15,,1699,13,,,0,14,,1700,13,,,0,13,,1701,13,,,0,60,,1702,13,,,0,20,,1703,13,,,0,20,,1704,13,,,0,60,,1705,13,,,0,20,,1706,13,,,0,20,,1707,13,,,0,60,,1708,13,,,0,20,,1709,13,,,0,20,,1710,13,,,0,60,,1711,13,,,0,30,,1712,13,,,0,70,,1713,13,,,0,30,,1714,13,,,0,70,,1715,13,,,0,30,,1716,13,,,0
1000600,'236.0.3',531,,6503,14,,,0,70,,6504,14,,,0,30,,6505,14,,,0,70,,6506,14,,,0,31,,6507,14,,,0,70,,6508,14,,,0,30,,6509,14,,,0,70,,6510,14,,,0,30,,6511,14,,,0,17,,6512,14,,,0,70,,6513,14,,,0,30,,6514,14,,,0,70,,6515,14,,,0,30,,6516,14,,,0,70,,6517,14,,,0,30,,6518,14,,,0,70,,6519,14,,,0,30,,6520,14,,,0,70,,6521,14,,,0,30,,6522,14,,,0,70,,6523,14,,,0,15,,6524,14,,,0,70,,6525,14,,,0,30,,6526,14,,,0,69,,6527,14,,,0,30,,6528,14,,,0,70,,6529,14,,,0,30,,6530,14,,,0
2000600,'236.0.1',551,,7471,42,,,0,100,,7472,42,,,0,100,,7473,42,,,0,100,,7474,42,,,0,100,,7475,42,,,0,103,,7476,42,,,0,100,,7477,42,,,0,102,,7478,42,,,0,100,,7479,42,,,0,100,,7480,42,,,0,100,,7481,42,,,0,98,,7482,42,,,0,100,,7483,42,,,0,99,,7484,42,,,0,98,,7485,42,,,0,100,,7486,42,,,0,100,,7487,42,,,0,98,,7488,42,,,0,100,,7489,42,,,0,100,,7490,42,,,0
2000600,'236.0.2',547,,7491,42,,,0,103,,7492,42,,,0,100,,7493,42,,,0,100,,7494,42,,,0,100,,7495,42,,,0,102,,7496,42,,,0,100,,7497,42,,,0,100,,7498,42,,,0,101,,7499,42,,,0,100,,7500,42,,,0,100,,7501,42,,,0,100,,7502,42,,,0,100,,7503,42,,,0,100,,7504,42,,,0,100,,7505,42,,,0,98,,7506,42,,,0,100,,7507,42,,,0,96,,7508,42,,,0,100,,7509,42,,,0,100,,7510,42,,,0
2000600,'236.0.3',559,,7511,42,,,0,51,,7512,42,,,0,26,,7513,44,,,0,71,,7514,44,,,0,32,,7515,44,,,0,72,,7516,44,,,0,29,,7517,44,,,0,70,,7518,44,,,0,30,,7519,44,,,0,65,,7520,44,,,0,100,,7521,44,,,0,100,,7522,44,,,0,101,,7523,44,,,0,100,,7524,44,,,0,100,,7525,44,,,0,105,,7526,44,,,0,30,,7527,44,,,0,68,,7528,44,,,0,30,,7529,44,,,0,70,,7530,44,,,0,29,,7531,44,,,0,69,,7532,44,,,0,96,,7533,44,,,0,100,,7534,44,,,0,98,,7535,42,,,0,57,,7536,42,,,0,100,,7537,42,,,0,100,,7538,42,,,0
3000600,'236.0.1',622,,8486,42,,,0,103,,8487,42,,,0,100,,8488,42,,,0,102,,8489,42,,,0,101,,8490,42,,,0,101,,8491,42,,,0,100,,8492,42,,,0,102,,8493,42,,,0,100,,8494,42,,,0,100,,8495,42,,,0,98,,8496,42,,,0,100,,8497,42,,,0,99,,8498,42,,,0,100,,8499,42,,,0,98,,8500,42,,,0,99,,8501,42,,,0,99,,8502,42,,,0,100,,8503,42,,,0,100,,8504,42,,,0,100,,8505,42,,,0
3000600,'236.0.2',622,,8506,42,,,0,103,,8507,42,,,0,100,,8508,42,,,0,100,,8509,42,,,0,100,,8510,42,,,0,102,,8511,42,,,0,101,,8512,42,,,0,101,,8513,42,,,0,100,,8514,42,,,0,100,,8515,42,,,0,99,,8516,42,,,0,100,,8517,42,,,0,100,,8518,42,,,0,100,,8519,42,,,0,100,,8520,42,,,0,98,,8521,42,,,0,97,,8522,42,,,0,100,,8523,42,,,0,100,,8524,42,,,0,100,,8525,42,,,0
3000600,'236.0.3',625,,8526,44,,,0,30,,8527,44,,,0,70,,8528,44,,,0,30,,8529,44,,,0,70,,8530,44,,,0,30,,8531,44,,,0,73,,8532,44,,,0,30,,8533,44,,,0,81,,8534,44,,,0,100,,8535,44,,,0,100,,8536,44,,,0,101,,8537,44,,,0,100,,8538,44,,,0,100,,8539,44,,,0,90,,8540,44,,,0,28,,8541,44,,,0,70,,8542,44,,,0,30,,8543,44,,,0,69,,8544,44,,,0,27,,8545,44,,,0,69,,8546,44,,,0,116,,8547,44,,,0,100,,8548,44,,,0,100,,8549,44,,,0,95,,8550,42,,,0,100,,8551,42,,,0,100,,8552,42,,,0
