200,'236.0.1',608,,497,4,,,0,100,,498,4,,,0,100,,499,4,,,0,15,,500,4,,,0,15,,501,4,,,0,15,,502,4,,,0,55,,503,4,,,0,15,,504,4,,,0,15,,505,4,,,0,15,,506,4,,,0,55,,507,4,,,0,15,,508,4,,,0,15,,509,4,,,0,15,,510,4,,,0,55,,511,4,,,0,15,,512,4,,,0,15,,513,4,,,0,15,,514,4,,,0,55,,515,4,,,0,15,,516,4,,,0,15,,517,4,,,0,15,,518,4,,,0,55,,519,4,,,0,15,,520,4,,,0,15,,521,4,,,0,15,,522,4,,,0,55,,523,4,,,0,15,,524,4,,,0,15,,525,4,,,0,15,,526,4,,,0,55,,527,4,,,0,15,,528,4,,,0,15,,529,4,,,0,15,,530,4,,,0,55,,531,4,,,0,15,,532,4,,,0,15,,533,4,,,0,15,,534,4,,,0,55,,535,4,,,0,15,,536,4,,,0,15,,537,4,,,0,15,,538,4,,,0,55,,539,4,,,0,15,,540,4,,,0,15,,541,4,,,0,15,,542,4,,,0,55,,543,4,,,0,15,,544,4,,,0,30,,545,4,,,0,70,,546,4,,,0,30,,547,4,,,0,70,,548,4,,,0,30,,549,4,,,0,70,,550,4,,,0,30,,551,4,,,0,70,,552,4,,,0,30,,553,4,,,0,70,,554,4,,,0
200,'236.0.2',557,,555,4,,,0,100,,556,4,,,0,100,,557,4,,,0,70,,558,4,,,0,20,,559,4,,,0,60,,560,4,,,0,20,,561,4,,,0,20,,562,4,,,0,60,,563,4,,,0,20,,564,4,,,0,20,,565,4,,,0,60,,566,4,,,0,20,,567,4,,,0,20,,568,4,,,0,60,,569,4,,,0,20,,570,4,,,0,20,,571,4,,,0,60,,572,4,,,0,20,,573,4,,,0,20,,574,4,,,0,60,,575,4,,,0,20,,576,4,,,0,20,,577,4,,,0,60,,578,4,,,0,20,,579,4,,,0,20,,580,4,,,0,60,,581,4,,,0,20,,582,4,,,0,20,,583,4,,,0,60,,584,4,,,0,20,,585,4,,,0,20,,586,4,,,0,60,,587,4,,,0,30,,588,4,,,0,70,,589,4,,,0,30,,590,4,,,0,70,,591,4,,,0,30,,592,4,,,0,70,,593,4,,,0,30,,594,4,,,0,70,,595,4,,,0,30,,596,4,,,0,70,,597,4,,,0,30,,598,4,,,0,70,,599,4,,,0
200,'236.0.3',538,,600,4,,,0,70,,601,4,,,0,30,,602,4,,,0,15,,603,4,,,0,55,,604,4,,,0,15,,605,4,,,0,15,,606,4,,,0,15,,607,4,,,0,55,,608,4,,,0,15,,609,4,,,0,15,,610,4,,,0,15,,611,4,,,0,55,,612,4,,,0,15,,613,4,,,0,15,,614,4,,,0,15,,615,4,,,0,55,,616,4,,,0,15,,617,4,,,0,15,,618,4,,,0,15,,619,4,,,0,55,,620,4,,,0,15,,621,4,,,0,15,,622,4,,,0,15,,623,4,,,0,55,,624,4,,,0,15,,625,4,,,0,15,,626,4,,,0,15,,627,4,,,0,55,,628,4,,,0,15,,629,4,,,0,15,,630,4,,,0,15,,631,4,,,0,55,,632,4,,,0,15,,633,4,,,0,15,,634,4,,,0,15,,635,4,,,0,55,,636,4,,,0,15,,637,4,,,0,15,,638,4,,,0,15,,639,4,,,0,55,,640,4,,,0,15,,641,4,,,0,15,,642,4,,,0,15,,643,4,,,0,55,,644,4,,,0,15,,645,4,,,0,15,,646,4,,,0,15,,647,4,,,0,55,,648,4,,,0,15,,649,4,,,0,15,,650,4,,,0,15,,651,4,,,0,70,,652,4,,,0,30,,653,4,,,0,70,,654,4,,,0,30,,655,4,,,0,70,,656,4,,,0,30,,657,4,,,0,70,,658,4,,,0,30,,659,4,,,0,70,,660,4,,,0,30,,661,4,,,0,70,,662,4,,,0
2901,'236.0.1',638,,2968,18,,,0,70,,2969,18,,,0,30,,2970,18,,,0,70,,2971,18,,,0,30,,2972,18,,,0,70,,2973,18,,,0,30,,2974,18,,,0,70,,2975,18,,,0,32,,2976,18,,,0,68,,2977,18,,,0,30,,2978,18,,,0,70,,2979,18,,,0,30,,2980,18,,,0,70,,2981,18,,,0,30,,2982,18,,,0,70,,2983,18,,,0,30,,2984,18,,,0,70,,2985,18,,,0,30,,2986,18,,,0,70,,2987,18,,,0,30,,2988,18,,,0,70,,2989,18,,,0,30,,2990,18,,,0,70,,2991,18,,,0,30,,2992,18,,,0,70,,2993,18,,,0,30,,2994,18,,,0,100,,2995,18,,,0,100,,2996,18,,,0,100,,2997,18,,,0,100,,2998,18,,,0,81,,2999,18,,,0
2901,'236.0.2',636,,3000,18,,,0,70,,3001,18,,,0,30,,3002,18,,,0,70,,3003,18,,,0,30,,3004,18,,,0,70,,3005,18,,,0,30,,3006,18,,,0,71,,3007,18,,,0,29,,3008,18,,,0,70,,3009,18,,,0,30,,3010,18,,,0,70,,3011,18,,,0,30,,3012,18,,,0,70,,3013,18,,,0,30,,3014,18,,,0,70,,3015,18,,,0,30,,3016,18,,,0,70,,3017,18,,,0,30,,3018,18,,,0,70,,3019,18,,,0,30,,3020,18,,,0,70,,3021,18,,,0,30,,3022,18,,,0,70,,3023,18,,,0,30,,3024,18,,,0,100,,3025,18,,,0,100,,3026,18,,,0,100,,3027,18,,,0,100,,3028,18,,,0,100,,3029,18,,,0,83,,3030,18,,,0
2901,'236.0.3',622,,3031,18,,,0,15,,3032,18,,,0,15,,3033,18,,,0,55,,3034,18,,,0,15,,3035,18,,,0,15,,3036,18,,,0,15,,3037,18,,,0,55,,3038,18,,,0,15,,3039,18,,,0,14,,3040,18,,,0,16,,3041,18,,,0,70,,3042,18,,,0,30,,3043,18,,,0,70,,3044,18,,,0,30,,3045,18,,,0,70,,3046,18,,,0,30,,3047,18,,,0,70,,3048,18,,,0,30,,3049,18,,,0,70,,3050,18,,,0,30,,3051,18,,,0,70,,3052,18,,,0,30,,3053,18,,,0,70,,3054,18,,,0,15,,3055,18,,,0,15,,3056,18,,,0,55,,3057,18,,,0,15,,3058,18,,,0,15,,3059,18,,,0,15,,3060,18,,,0,55,,3061,18,,,0,15,,3062,18,,,0,15,,3063,18,,,0,15,,3064,18,,,0,55,,3065,18,,,0,15,,3066,18,,,0,15,,3067,18,,,0,15,,3068,18,,,0,70,,3069,18,,,0,30,,3070,18,,,0,70,,3071,18,,,0,30,,3072,18,,,0,70,,3073,18,,,0,30,,3074,18,,,0,70,,3075,18,,,0,100,,3076,18,,,0,94,,3077,18,,,0
8400,'236.0.1',631,,5114,3,,,0,100,,5115,3,,,0,100,,5116,3,,,0,100,,5117,3,,,0,100,,5118,3,,,0,95,,5119,3,,,0,100,,5120,3,,,0,100,,5121,3,,,0,100,,5122,3,,,0,100,,5123,3,,,0,100,,5124,3,,,0,100,,5125,3,,,0,100,,5126,3,,,0,105,,5127,3,,,0,100,,5128,3,,,0,100,,5129,3,,,0,100,,5130,3,,,0
8400,'236.0.2',636,,5131,3,,,0,100,,5132,3,,,0,100,,5133,3,,,0,100,,5134,3,,,0,100,,5135,3,,,0,95,,5136,3,,,0,100,,5137,3,,,0,100,,5138,3,,,0,100,,5139,3,,,0,100,,5140,3,,,0,105,,5141,3,,,0,100,,5142,3,,,0,100,,5143,3,,,0,100,,5144,3,,,0,100,,5145,3,,,0,100,,5146,3,,,0,100,,5147,3,,,0
8400,'236.0.3',541,,5178,3,,,0,70,,5148,3,,,0,30,,5149,3,,,0,70,,5150,3,,,0,30,,5151,3,,,0,70,,5152,3,,,0,30,,5153,3,,,0,100,,5154,3,,,0,100,,5155,3,,,0,100,,5156,3,,,0,100,,5157,3,,,0,100,,5158,3,,,0,100,,5159,3,,,0,70,,5160,3,,,0,15,,5161,3,,,0,15,,5162,3,,,0,15,,5163,3,,,0,55,,5164,3,,,0,15,,5165,3,,,0,15,,5166,3,,,0,15,,5167,3,,,0,55,,5168,3,,,0,15,,5169,3,,,0,15,,5170,3,,,0,15,,5179,3,,,0,55,,5171,3,,,0,100,,5172,3,,,0,100,,5173,3,,,0,100,,5174,3,,,0,100,,5175,3,,,0,103,,5176,3,,,0,103,,5177,3,,,0
9300,'236.0.3',1519,,6019,3,,,0,26,,6020,3,,,0,76,,6021,3,,,0,23,,6022,3,,,0,79,,6023,3,,,0,22,,6024,3,,,0,73,,6025,3,,,0
