5400,'236.0.1',612,,3417,17,,,0,100,,3418,17,,,0,100,,3419,17,,,0,100,,3420,17,,,0,102,,3421,17,,,0,100,,3422,17,,,0,100,,3423,17,,,0,100,,3424,17,,,0,100,,3425,17,,,0,100,,3426,17,,,0,100,,3427,17,,,0,100,,3428,17,,,0,98,,3429,17,,,0,100,,3430,17,,,0,100,,3431,17,,,0,100,,3432,17,,,0,100,,3433,17,,,0
5400,'236.0.2',812,,3434,17,,,0,100,,3435,17,,,0,102,,3436,17,,,0,100,,3437,17,,,0,100,,3438,17,,,0,100,,3439,17,,,0,100,,3440,17,,,0,100,,3441,17,,,0,100,,3442,17,,,0,100,,3443,17,,,0,98,,3444,17,,,0,100,,3445,17,,,0,100,,3446,17,,,0,100,,3447,17,,,0
5400,'236.0.3',613,,3448,17,,,0,28,,3449,17,,,0,70,,3450,17,,,0,30,,3451,17,,,0,70,,3452,17,,,0,31,,3453,17,,,0,75,,3454,17,,,0,100,,3455,17,,,0,100,,3456,17,,,0,102,,3457,17,,,0,100,,3458,17,,,0,100,,3459,17,,,0,100,,3460,17,,,0,30,,3461,17,,,0,70,,3462,17,,,0,29,,3463,17,,,0,70,,3464,17,,,0,28,,3465,17,,,0,71,,3466,17,,,0,30,,3467,17,,,0,70,,3468,17,,,0,30,,3469,17,,,0,70,,3470,17,,,0,100,,3471,17,,,0
6700,'236.0.1',758,,4539,3,,,0,100,,4540,3,,,0,144,,4541,3,,,0,100,,4542,3,,,0,100,,4543,3,,,0,100,,4544,3,,,0,100,,4545,3,,,0,100,,4546,3,,,0,100,,4547,3,,,0,100,,4548,3,,,0,100,,4549,3,,,0,56,,4550,3,,,0,100,,4551,3,,,0,100,,4552,3,,,0,100,,4553,3,,,0,100,,4554,3,,,0
6700,'236.0.2',756,,4555,3,,,0,100,,4556,3,,,0,100,,4557,3,,,0,146,,4558,3,,,0,100,,4559,3,,,0,100,,4560,3,,,0,100,,4561,3,,,0,100,,4562,3,,,0,100,,4563,3,,,0,100,,4564,3,,,0,57,,4565,3,,,0,100,,4566,3,,,0,100,,4567,3,,,0,100,,4568,3,,,0,97,,4569,3,,,0,100,,4570,3,,,0
6700,'236.0.3',609,,4571,3,,,0,30,,4572,3,,,0,70,,4573,3,,,0,30,,4574,3,,,0,70,,4575,3,,,0,30,,4576,3,,,0,70,,4577,3,,,0,100,,4578,3,,,0,97,,4579,3,,,0,100,,4580,3,,,0,100,,4581,3,,,0,100,,4582,3,,,0,99,,4583,3,,,0,30,,4584,3,,,0,70,,4585,3,,,0,30,,4586,3,,,0,70,,4587,3,,,0,31,,4588,3,,,0,74,,4589,3,,,0,30,,4590,3,,,0,100,,4591,3,,,0,100,,4592,3,,,0,100,,4593,3,,,0,100,,4594,3,,,0
7201,'236.0.1',646,,4834,13,,,0,77,,4835,33,,,0,30,,4836,33,,,0,70,,4837,33,,,0,30,,4838,33,,,0,70,,4839,33,,,0,30,,4840,33,,,0,76,,4841,33,,,0,30,,4842,33,,,0,70,,4843,33,,,0,76,,4844,33,,,0,30,,4845,33,,,0,70,,4846,33,,,0,30,,4847,33,,,0,70,,4848,33,,,0,30,,4849,33,,,0,70,,4850,33,,,0,30,,4851,33,,,0,70,,4852,33,,,0,30,,4853,33,,,0,70,,4854,33,,,0,30,,4855,33,,,0,70,,4856,33,,,0,26,,4857,33,,,0,25,,4858,33,,,0,70,,4859,33,,,0,100,,4860,33,,,0,100,,4861,33,,,0,100,,4862,33,,,0,100,,4863,33,,,0,100,,4864,33,,,0
7201,'236.0.2',722,,4865,13,,,0,100,,4866,33,,,0,100,,4867,33,,,0,100,,4868,33,,,0,105,,4869,33,,,0,106,,4870,33,,,0,100,,4871,33,,,0,100,,4872,33,,,0,100,,4873,33,,,0,100,,4874,33,,,0,100,,4875,33,,,0,95,,4876,33,,,0,100,,4877,33,,,0,92,,4878,33,,,0,100,,4879,33,,,0,100,,4880,33,,,0,100,,4881,33,,,0
7201,'236.0.3',658,,4882,33,,,0,70,,4883,33,,,0,30,,4884,33,,,0,73,,4885,33,,,0,72,,4886,33,,,0,32,,4887,33,,,0,70,,4888,33,,,0,28,,4889,33,,,0,70,,4890,33,,,0,30,,4891,33,,,0,70,,4892,33,,,0,30,,4893,33,,,0,70,,4894,33,,,0,30,,4895,33,,,0,70,,4896,33,,,0,30,,4897,33,,,0,73,,4898,33,,,0,30,,4899,33,,,0,71,,4900,33,,,0,31,,4901,33,,,0,70,,4902,33,,,0,30,,4903,33,,,0,70,,4904,33,,,0,29,,4905,33,,,0,64,,4906,33,,,0,24,,4907,33,,,0,100,,4908,33,,,0,100,,4909,33,,,0,100,,4910,33,,,0,100,,4911,33,,,0
3001000,'236.0.1',635,,8621,37,,,0,100,,8622,37,,,0,70,,8623,37,,,0,30,,8624,37,,,0,70,,8625,37,,,0,31,,8626,37,,,0,73,,8627,37,,,0,30,,8628,37,,,0,70,,8629,37,,,0,30,,8630,37,,,0,73,,8631,37,,,0,30,,8632,37,,,0,70,,8633,37,,,0,30,,8634,37,,,0,70,,8635,37,,,0,30,,8636,37,,,0,70,,8637,37,,,0,30,,8638,37,,,0,70,,8639,37,,,0,30,,8640,37,,,0,70,,8641,37,,,0,30,,8642,37,,,0,70,,8643,37,,,0,30,,8644,37,,,0,68,,8645,37,,,0,30,,8646,37,,,0,100,,8647,37,,,0,99,,8648,37,,,0,96,,8649,37,,,0,100,,8650,37,,,0,100,,8651,37,,,0
3001000,'236.0.2',632,,8653,37,,,0,100,,8654,37,,,0,70,,8655,37,,,0,30,,8656,37,,,0,70,,8657,37,,,0,30,,8658,37,,,0,71,,8659,37,,,0,34,,8660,37,,,0,70,,8661,37,,,0,30,,8662,37,,,0,70,,8663,37,,,0,30,,8664,37,,,0,70,,8665,37,,,0,30,,8666,37,,,0,70,,8667,37,,,0,33,,8668,37,,,0,70,,8669,37,,,0,30,,8670,37,,,0,70,,8671,37,,,0,30,,8672,37,,,0,70,,8673,37,,,0,30,,8674,37,,,0,70,,8675,37,,,0,30,,8676,37,,,0,100,,8677,37,,,0,95,,8678,37,,,0,100,,8679,37,,,0,100,,8680,37,,,0,100,,8681,37,,,0
3001000,'236.0.3',624,,8685,37,,,0,19,,8686,37,,,0,60,,8687,37,,,0,19,,8688,37,,,0,18,,8689,37,,,0,17,,8690,37,,,0,60,,8691,37,,,0,33,,8692,37,,,0,60,,8693,37,,,0,20,,8694,37,,,0,28,,8695,37,,,0,70,,8696,37,,,0,30,,8697,37,,,0,70,,8698,37,,,0,30,,8699,37,,,0,70,,8700,37,,,0,30,,8701,37,,,0,70,,8702,37,,,0,30,,8703,37,,,0,70,,8704,37,,,0,20,,8705,37,,,0,60,,8706,37,,,0,20,,8707,37,,,0,21,,8708,37,,,0,67,,8709,37,,,0,23,,8710,37,,,0,20,,8711,37,,,0,60,,8712,37,,,0,18,,8713,37,,,0,19,,8714,37,,,0,59,,8715,37,,,0,13,,8716,37,,,0,16,,8717,37,,,0,60,,8718,37,,,0,20,,8719,37,,,0,19,,8720,37,,,0,70,,8721,37,,,0,30,,8722,37,,,0,70,,8723,37,,,0,30,,8724,37,,,0,68,,8725,37,,,0,27,,8726,37,,,0,70,,8727,37,,,0,30,,8728,37,,,0,70,,8729,37,,,0,30,,8730,37,,,0
