8300,'236.0.1',614,,5013,1,,,0,100,,5014,1,,,0,100,,5015,1,,,0,100,,5016,1,,,0,100,,5017,1,,,0,100,,5018,1,,,0,100,,5019,1,,,0,100,,5020,1,,,0,100,,5021,1,,,0,100,,5022,1,,,0,100,,5023,1,,,0,100,,5024,1,,,0,100,,5025,1,,,0,100,,5026,1,,,0,100,,5027,1,,,0,100,,5028,1,,,0,100,,5029,1,,,0
8300,'236.0.2',619,,5030,1,,,0,100,,5031,1,,,0,100,,5032,1,,,0,100,,5033,1,,,0,100,,5034,1,,,0,100,,5035,1,,,0,100,,5036,1,,,0,100,,5037,1,,,0,100,,5038,1,,,0,100,,5039,1,,,0,100,,5040,1,,,0,100,,5041,1,,,0,100,,5042,1,,,0,100,,5043,1,,,0,100,,5044,1,,,0,100,,5045,1,,,0
8300,'236.0.3',548,,5046,1,,,0,70,,5047,1,,,0,30,,5048,1,,,0,70,,5049,1,,,0,30,,5050,1,,,0,70,,5051,1,,,0,110,,5052,1,,,0,100,,5053,1,,,0,100,,5054,1,,,0,100,,5055,1,,,0,100,,5056,1,,,0,98,,5057,1,,,0,30,,5058,1,,,0,487,,5059,1,,,0,100,,5060,1,,,0,100,,5061,1,,,0,100,,5062,1,,,0
8301,'236.0.1',645,,5063,21,4,,0,100,,5064,21,4,,0,100,,5065,21,4,,0,100,,5066,21,4,,0,100,,5067,21,4,,0,100,,5068,21,4,,0,100,,5069,21,4,,0,100,,5070,21,4,,0,100,,5071,21,4,,0,100,,5072,21,4,,0,100,,5073,21,4,,0,100,,5074,21,4,,0,100,,5075,21,4,,0,100,,5076,21,4,,0,100,,5077,21,4,,0,100,,5078,21,4,,0,100,,5079,21,4,,0
8301,'236.0.2',650,,5080,21,4,,0,100,,5081,21,4,,0,100,,5082,21,4,,0,100,,5083,21,4,,0,100,,5084,21,4,,0,100,,5085,21,4,,0,100,,5086,21,4,,0,100,,5087,21,4,,0,100,,5088,21,4,,0,100,,5089,21,4,,0,100,,5090,21,4,,0,100,,5091,21,4,,0,100,,5092,21,4,,0,100,,5093,21,4,,0,100,,5094,21,4,,0,100,,5095,21,4,,0
8301,'236.0.3',1000,,5096,21,4,,0,100,,5097,21,4,,0,100,,5098,21,4,,0,100,,5099,21,4,,0,100,,5100,21,4,,0,100,,5101,21,4,,0,30,,5102,21,4,,0,81,,5103,21,4,,0,31,,5104,21,4,,0,77,,5105,21,4,,0,32,,5106,21,4,,0,64,,5113,21,4,,0,23,,5107,21,4,,0,69,,5108,21,4,,0,108,,5109,21,4,,0,100,,5110,21,4,,0,100,,5111,21,4,,0,100,,5112,21,4,,0
8500,'236.0.1',615,,5247,1,,,0,100,,5248,1,,,0,100,,5249,1,,,0,100,,5250,1,,,0,100,,5251,1,,,0,100,,5252,1,,,0,100,,5253,1,,,0,100,,5254,1,,,0,100,,5255,1,,,0,100,,5256,1,,,0,100,,5257,1,,,0,100,,5258,1,,,0,100,,5259,1,,,0,100,,5260,1,,,0,100,,5261,1,,,0,100,,5262,1,,,0,100,,5263,1,,,0
8500,'236.0.2',620,,5264,1,,,0,100,,5265,1,,,0,100,,5266,1,,,0,100,,5267,1,,,0,100,,5268,1,,,0,100,,5269,1,,,0,100,,5270,1,,,0,100,,5271,1,,,0,100,,5272,1,,,0,100,,5273,1,,,0,100,,5274,1,,,0,100,,5275,1,,,0,100,,5276,1,,,0,100,,5277,1,,,0,100,,5278,1,,,0,100,,5279,1,,,0
8500,'236.0.3',532,,5280,1,,,0,15,,5302,1,,,0,55,,5281,1,,,0,15,,5282,1,,,0,15,,5283,1,,,0,15,,5284,1,,,0,55,,5285,1,,,0,15,,5286,1,,,0,14,,5287,1,,,0,15,,5288,1,,,0,55,,5289,1,,,0,15,,5303,1,,,0,17,,5290,1,,,0,100,,5291,1,,,0,100,,5292,1,,,0,100,,5293,1,,,0,100,,5294,1,,,0,100,,5295,1,,,0,100,,5296,1,,,0,100,,5297,1,,,0,415,,5298,1,,,0,100,,5299,1,,,0,100,,5300,1,,,0,100,,5301,1,,,0
8501,'236.0.1',639,,5304,26,4,,0,100,,5305,26,4,,0,101,,5306,26,4,,0,101,,5307,26,4,,0,101,,5308,26,4,,0,102,,5309,26,4,,0,100,,5310,26,4,,0,100,,5311,26,4,,0,100,,5312,26,4,,0,98,,5313,26,4,,0,100,,5314,26,4,,0,100,,5315,26,4,,0,99,,5316,26,4,,0,99,,5317,26,4,,0,99,,5318,26,4,,0,100,,5319,26,4,,0,100,,5320,26,4,,0
8501,'236.0.2',643,,5321,26,4,,0,100,,5322,26,4,,0,101,,5323,26,4,,0,100,,5324,26,4,,0,100,,5325,26,4,,0,102,,5326,26,4,,0,100,,5327,26,4,,0,100,,5328,26,4,,0,100,,5329,26,4,,0,101,,5330,26,4,,0,98,,5331,26,4,,0,100,,5332,26,4,,0,100,,5333,26,4,,0,98,,5334,26,4,,0,100,,5335,26,4,,0,100,,5336,26,4,,0
8501,'236.0.3',857,,5337,26,4,,0,101,,5338,26,4,,0,101,,5339,26,4,,0,141,,5340,26,4,,0,100,,5341,26,4,,0,100,,5342,26,4,,0,100,,5343,26,4,,0,100,,5344,26,4,,0,13,,5345,26,4,,0,16,,5346,26,4,,0,15,,5347,26,4,,0,61,,5348,26,4,,0,15,,5349,26,4,,0,20,,5350,26,4,,0,15,,5351,26,4,,0,55,,5352,26,4,,0,7,,5353,26,4,,0,13,,5360,26,4,,0,9,,5354,26,4,,0,15,,5361,26,4,,0,55,,5355,26,4,,0,14,,5362,26,4,,0,92,,5356,26,4,,0,100,,5357,26,4,,0,100,,5358,26,4,,0,100,,5359,26,4,,0
8600,'236.0.1',612,,5363,1,,,0,100,,5364,1,,,0,100,,5365,1,,,0,100,,5366,1,,,0,100,,5367,1,,,0,100,,5368,1,,,0,100,,5369,1,,,0,100,,5370,1,,,0,100,,5371,1,,,0,100,,5372,1,,,0,100,,5373,1,,,0,101,,5374,1,,,0,100,,5375,1,,,0,100,,5376,1,,,0,100,,5377,1,,,0,100,,5378,1,,,0,100,,5379,1,,,0
8600,'236.0.2',618,,5380,1,,,0,100,,5381,1,,,0,100,,5382,1,,,0,100,,5383,1,,,0,100,,5384,1,,,0,100,,5385,1,,,0,100,,5386,1,,,0,100,,5387,1,,,0,100,,5388,1,,,0,100,,5389,1,,,0,100,,5390,1,,,0,100,,5391,1,,,0,100,,5392,1,,,0,100,,5393,1,,,0,100,,5394,1,,,0,100,,5395,1,,,0
8600,'236.0.3',532,,5396,1,,,0,27,,5397,1,,,0,70,,5398,1,,,0,29,,5399,1,,,0,69,,5400,1,,,0,28,,5401,1,,,0,65,,5402,1,,,0,100,,5403,1,,,0,100,,5404,1,,,0,100,,5405,1,,,0,100,,5406,1,,,0,100,,5407,1,,,0,100,,5408,1,,,0,100,,5409,1,,,0,420,,5410,1,,,0,100,,5411,1,,,0,100,,5412,1,,,0,100,,5413,1,,,0
8601,'236.0.1',648,,5414,25,4,,0,100,,5415,25,4,,0,100,,5416,25,4,,0,102,,5417,25,4,,0,100,,5418,25,4,,0,100,,5419,25,4,,0,100,,5420,25,4,,0,101,,5421,25,4,,0,100,,5422,25,4,,0,100,,5423,25,4,,0,98,,5424,25,4,,0,100,,5425,25,4,,0,100,,5426,25,4,,0,100,,5427,25,4,,0,100,,5428,25,4,,0,100,,5429,25,4,,0,100,,5430,25,4,,0
8601,'236.0.2',654,,5431,25,4,,0,100,,5432,25,4,,0,100,,5433,25,4,,0,101,,5434,25,4,,0,100,,5435,25,4,,0,100,,5436,25,4,,0,100,,5437,25,4,,0,100,,5438,25,4,,0,99,,5439,25,4,,0,100,,5440,25,4,,0,100,,5441,25,4,,0,100,,5442,25,4,,0,100,,5443,25,4,,0,100,,5444,25,4,,0,100,,5445,25,4,,0,100,,5446,25,4,,0
8601,'236.0.3',858,,5447,25,4,,0,100,,5448,25,4,,0,100,,5449,25,4,,0,100,,5450,25,4,,0,100,,5451,25,4,,0,100,,5452,25,4,,0,100,,5453,25,4,,0,145,,5454,25,4,,0,31,,5455,25,4,,0,75,,5456,25,4,,0,34,,5457,25,4,,0,67,,5458,25,4,,0,22,,5459,25,4,,0,25,,5460,25,4,,0,160,,5461,25,4,,0,100,,5462,25,4,,0,100,,5463,25,4,,0,100,,5464,25,4,,0
