5400,'220.0.1',605,,4903,,,0,100,,4904,,,0,100,,4905,,,0,100,,4906,,,0,101,,4907,,,0,100,,4908,,,0,100,,4909,,,0,100,,4910,,,0,100,,4911,,,0,100,,4912,,,0,100,,4913,,,0,100,,4914,,,0,99,,4915,,,0,100,,4916,,,0,100,,4917,,,0,100,,4918,,,0,100,,4919,,,0
5400,'220.0.2',805,,4920,,,0,100,,4921,,,0,101,,4922,,,0,100,,4923,,,0,100,,4924,,,0,100,,4925,,,0,100,,4926,,,0,100,,4927,,,0,100,,4928,,,0,100,,4929,,,0,99,,4930,,,0,100,,4931,,,0,100,,4932,,,0,100,,4933,,,0
5400,'220.0.3',606,,4934,,,0,28,,4935,,,0,70,,4936,,,0,30,,4937,,,0,70,,4938,,,0,31,,4939,,,0,75,,4940,,,0,100,,4941,,,0,100,,4942,,,0,100,,4943,,,0,100,,4944,,,0,100,,4945,,,0,100,,4946,,,0,30,,4947,,,0,70,,4948,,,0,29,,4949,,,0,70,,4950,,,0,29,,4951,,,0,71,,4952,,,0,30,,4953,,,0,70,,4954,,,0,30,,4955,,,0,70,,4956,,,0,100,,4957,,,0
5400,'220.0.4',606,,4958,,,0,28,,4959,,,0,70,,4960,,,0,30,,4961,,,0,70,,4962,,,0,31,,4963,,,0,75,,4964,,,0,100,,4965,,,0,100,,4966,,,0,100,,4967,,,0,100,,4968,,,0,100,,4969,,,0,100,,4970,,,0,30,,4971,,,0,70,,4972,,,0,29,,4973,,,0,70,,4974,,,0,29,,4975,,,0,71,,4976,,,0,30,,4977,,,0,70,,4978,,,0,30,,4979,,,0,70,,4980,,,0,100,,4981,,,0,100,,4982,,,0,100,,4983,,,0,100,,4984,,,0,100,,4985,,,0
5500,'220.0.1',735,,5069,,,0,100,,5070,,,0,100,,5071,,,0,101,,5072,,,0,100,,5073,,,0,100,,5074,,,0,100,,5075,,,0,100,,5076,,,0,100,,5077,,,0,100,,5078,,,0,100,,5079,,,0,100,,5080,,,0,99,,5081,,,0,100,,5082,,,0,100,,5083,,,0
5500,'220.0.2',735,,5084,,,0,100,,5085,,,0,100,,5086,,,0,101,,5087,,,0,100,,5088,,,0,100,,5089,,,0,100,,5090,,,0,100,,5091,,,0,100,,5092,,,0,100,,5093,,,0,100,,5094,,,0,99,,5095,,,0,100,,5096,,,0,100,,5097,,,0,100,,5098,,,0
5500,'220.0.3',623,,5099,,,0,30,,5117,,,0,70,,5100,,,0,32,,5101,,,0,100,,5102,,,0,85,,5103,,,0,100,,5104,,,0,100,,5105,,,0,100,,5106,,,0,100,,5107,,,0,100,,5108,,,0,85,,5109,,,0,101,,5110,,,0,74,,5118,,,0,30,,5111,,,0,25,,5112,,,0,75,,5113,,,0,100,,5114,,,0,110,,5115,,,0,100,,5116,,,0
5500,'220.0.4',623,,5119,,,0,30,,5137,,,0,70,,5120,,,0,32,,5121,,,0,100,,5122,,,0,85,,5123,,,0,100,,5124,,,0,100,,5125,,,0,100,,5126,,,0,100,,5127,,,0,100,,5128,,,0,85,,5129,,,0,101,,5130,,,0,74,,5138,,,0,30,,5131,,,0,25,,5132,,,0,75,,5133,,,0,100,,5134,,,0,110,,5135,,,0,100,,5136,,,0,100,,5139,,,0,100,,5140,,,0,100,,5141,,,0,100,,5142,,,0
5600,'220.0.1',608,,5217,,,0,30,,5218,,,0,70,,5219,,,0,30,,5220,,,0,70,,5221,,,0,30,,5222,,,0,70,,5223,,,0,30,,5224,,,0,71,,5225,,,0,29,,5226,,,0,70,,5227,,,0,30,,5228,,,0,70,,5229,,,0,30,,5230,,,0,70,,5231,,,0,30,,5232,,,0,70,,5233,,,0,30,,5234,,,0,70,,5235,,,0,30,,5236,,,0,70,,5237,,,0,30,,5238,,,0,70,,5239,,,0,30,,5240,,,0,70,,5241,,,0,31,,5242,,,0,70,,5243,,,0,30,,5244,,,0,70,,5245,,,0,30,,5246,,,0,70,,5247,,,0,30,,5248,,,0,70,,5249,,,0,30,,5250,,,0,70,,5251,,,0,30,,5252,,,0
5600,'220.0.2',708,,5253,,,0,30,,5254,,,0,70,,5255,,,0,30,,5256,,,0,70,,5257,,,0,30,,5258,,,0,71,,5259,,,0,30,,5260,,,0,70,,5261,,,0,30,,5262,,,0,70,,5263,,,0,30,,5264,,,0,70,,5265,,,0,30,,5266,,,0,70,,5267,,,0,30,,5268,,,0,70,,5269,,,0,30,,5270,,,0,70,,5271,,,0,30,,5272,,,0,70,,5273,,,0,30,,5274,,,0,70,,5275,,,0,30,,5276,,,0,69,,5277,,,0,30,,5278,,,0,70,,5279,,,0,30,,5280,,,0,70,,5281,,,0,30,,5282,,,0,70,,5283,,,0
5600,'220.0.3',609,,5284,,,0,30,,5285,,,0,70,,5286,,,0,30,,5287,,,0,70,,5288,,,0,30,,5289,,,0,70,,5290,,,0,30,,5291,,,0,70,,5292,,,0,30,,5293,,,0,70,,5294,,,0,30,,5295,,,0,70,,5296,,,0,30,,5297,,,0,70,,5298,,,0,30,,5299,,,0,70,,5300,,,0,30,,5301,,,0,70,,5302,,,0,30,,5303,,,0,70,,5304,,,0,30,,5305,,,0,70,,5306,,,0,30,,5307,,,0,70,,5308,,,0,30,,5309,,,0,70,,5310,,,0,30,,5311,,,0,70,,5312,,,0,30,,5313,,,0,70,,5314,,,0,30,,5315,,,0,70,,5316,,,0,30,,5317,,,0,70,,5318,,,0,30,,5319,,,0
5600,'220.0.4',609,,5320,,,0,30,,5321,,,0,70,,5322,,,0,30,,5323,,,0,70,,5324,,,0,30,,5325,,,0,70,,5326,,,0,30,,5327,,,0,70,,5328,,,0,30,,5329,,,0,70,,5330,,,0,30,,5331,,,0,70,,5332,,,0,30,,5333,,,0,70,,5334,,,0,30,,5335,,,0,70,,5336,,,0,30,,5337,,,0,70,,5338,,,0,30,,5339,,,0,70,,5340,,,0,30,,5341,,,0,70,,5342,,,0,30,,5343,,,0,70,,5344,,,0,30,,5345,,,0,70,,5346,,,0,30,,5347,,,0,70,,5348,,,0,30,,5349,,,0,70,,5350,,,0,30,,5351,,,0,70,,5352,,,0,30,,5353,,,0,70,,5354,,,0,30,,5355,,,0,70,,5356,,,0,30,,5357,,,0
