1000600,'220.0.3',525,,9557,,,0,30,,9558,,,0,70,,9559,,,0,30,,9560,,,0,70,,9561,,,0,30,,9562,,,0,70,,9563,,,0,30,,9564,,,0,70,,9565,,,0,17,,9566,,,0,70,,9567,,,0,30,,9568,,,0,70,,9569,,,0,30,,9570,,,0,70,,9571,,,0,30,,9572,,,0,70,,9573,,,0,30,,9574,,,0,70,,9575,,,0,30,,9576,,,0,70,,9577,,,0,15,,9578,,,0,30,,9579,,,0,70,,9580,,,0,30,,9581,,,0,70,,9582,,,0,30,,9583,,,0,70,,9584,,,0
1000600,'220.0.4',525,,9585,,,0,30,,9586,,,0,70,,9587,,,0,30,,9588,,,0,70,,9589,,,0,30,,9590,,,0,70,,9591,,,0,30,,9592,,,0,70,,9593,,,0,17,,9594,,,0,70,,9595,,,0,30,,9596,,,0,70,,9597,,,0,30,,9598,,,0,70,,9599,,,0,30,,9600,,,0,70,,9601,,,0,30,,9602,,,0,70,,9603,,,0,30,,9604,,,0,70,,9605,,,0,15,,9606,,,0,30,,9607,,,0,70,,9608,,,0,30,,9609,,,0,70,,9610,,,0,30,,9611,,,0,70,,9612,,,0
2000600,'220.0.1',545,,11055,,,0,100,,11056,,,0,100,,11057,,,0,100,,11058,,,0,100,,11059,,,0,102,,11060,,,0,100,,11061,,,0,102,,11062,,,0,100,,11063,,,0,100,,11064,,,0,100,,11065,,,0,99,,11066,,,0,100,,11067,,,0,99,,11068,,,0,98,,11069,,,0,100,,11070,,,0,100,,11071,,,0,98,,11072,,,0,100,,11073,,,0,100,,11074,,,0
2000600,'220.0.2',541,,11075,,,0,103,,11076,,,0,100,,11077,,,0,100,,11078,,,0,100,,11079,,,0,102,,11080,,,0,100,,11081,,,0,100,,11082,,,0,101,,11083,,,0,100,,11084,,,0,100,,11085,,,0,100,,11086,,,0,100,,11087,,,0,100,,11088,,,0,100,,11089,,,0,98,,11090,,,0,100,,11091,,,0,97,,11092,,,0,100,,11093,,,0,100,,11094,,,0
2000600,'220.0.3',553,,11095,,,0,51,,11096,,,0,26,,11097,,,0,70,,11098,,,0,32,,11099,,,0,72,,11100,,,0,29,,11101,,,0,70,,11102,,,0,30,,11103,,,0,25,,11104,,,0,100,,11105,,,0,100,,11106,,,0,101,,11107,,,0,100,,11108,,,0,100,,11109,,,0,145,,11110,,,0,30,,11111,,,0,69,,11112,,,0,30,,11113,,,0,70,,11114,,,0,29,,11115,,,0,69,,11116,,,0,56,,11117,,,0,100,,11118,,,0,98,,11119,,,0,97,,11120,,,0,100,,11121,,,0,100,,11122,,,0
2000600,'220.0.4',553,,11123,,,0,51,,11124,,,0,26,,11125,,,0,70,,11126,,,0,32,,11127,,,0,72,,11128,,,0,29,,11129,,,0,70,,11130,,,0,30,,11131,,,0,25,,11132,,,0,100,,11133,,,0,100,,11134,,,0,101,,11135,,,0,100,,11136,,,0,100,,11137,,,0,145,,11138,,,0,30,,11139,,,0,69,,11140,,,0,30,,11141,,,0,70,,11142,,,0,29,,11143,,,0,69,,11144,,,0,56,,11145,,,0,100,,11146,,,0,98,,11147,,,0,97,,11148,,,0,100,,11149,,,0,100,,11150,,,0,100,,11151,,,0
3000600,'220.0.1',616,,12537,,,0,103,,12538,,,0,100,,12539,,,0,101,,12540,,,0,101,,12541,,,0,101,,12542,,,0,100,,12543,,,0,102,,12544,,,0,100,,12545,,,0,100,,12546,,,0,99,,12547,,,0,100,,12548,,,0,99,,12549,,,0,100,,12550,,,0,98,,12551,,,0,99,,12552,,,0,99,,12553,,,0,100,,12554,,,0,100,,12555,,,0,100,,12556,,,0
3000600,'220.0.2',616,,12557,,,0,103,,12558,,,0,100,,12559,,,0,100,,12560,,,0,100,,12561,,,0,102,,12562,,,0,101,,12563,,,0,101,,12564,,,0,100,,12565,,,0,100,,12566,,,0,99,,12567,,,0,100,,12568,,,0,100,,12569,,,0,100,,12570,,,0,100,,12571,,,0,98,,12572,,,0,98,,12573,,,0,100,,12574,,,0,100,,12575,,,0,100,,12576,,,0
3000600,'220.0.3',619,,12577,,,0,30,,12578,,,0,69,,12579,,,0,30,,12580,,,0,70,,12581,,,0,30,,12582,,,0,73,,12583,,,0,30,,12584,,,0,81,,12585,,,0,100,,12586,,,0,100,,12587,,,0,101,,12588,,,0,100,,12589,,,0,100,,12590,,,0,90,,12591,,,0,29,,12592,,,0,70,,12593,,,0,30,,12594,,,0,69,,12595,,,0,27,,12596,,,0,69,,12597,,,0,116,,12598,,,0,100,,12599,,,0,100,,12600,,,0,95,,12601,,,0,100,,12602,,,0,100,,12603,,,0
3000600,'220.0.4',619,,12604,,,0,30,,12605,,,0,69,,12606,,,0,30,,12607,,,0,70,,12608,,,0,30,,12609,,,0,73,,12610,,,0,30,,12611,,,0,81,,12612,,,0,100,,12613,,,0,100,,12614,,,0,101,,12615,,,0,100,,12616,,,0,100,,12617,,,0,90,,12618,,,0,29,,12619,,,0,70,,12620,,,0,30,,12621,,,0,69,,12622,,,0,27,,12623,,,0,69,,12624,,,0,116,,12625,,,0,100,,12626,,,0,100,,12627,,,0,95,,12628,,,0,100,,12629,,,0,100,,12630,,,0,100,,12631,,,0
