8400,'236.0.1',713,,18164,4,,0,100,,18165,4,,0,100,,18166,4,,0,100,,18167,4,,0,103,,18168,4,,0,97,,18169,4,,0,100,,18170,4,,0,100,,18171,4,,0,100,,18172,4,,0,100,,18173,4,,0,100,,18174,4,,0,100,,18175,4,,0,96,,18176,4,,0,105,,18177,4,,0,100,,18178,4,,0,100,,18179,4,,0,100,,18180,4,,0
8400,'236.0.2',718,,18181,4,,0,100,,18182,4,,0,100,,18183,4,,0,100,,18184,4,,0,102,,18185,4,,0,96,,18186,4,,0,100,,18187,4,,0,100,,18188,4,,0,100,,18189,4,,0,100,,18190,4,,0,103,,18191,4,,0,100,,18192,4,,0,100,,18193,4,,0,100,,18194,4,,0,98,,18195,4,,0,100,,18196,4,,0,100,,18197,4,,0
8400,'236.0.3',626,,18228,4,,0,30,,18198,4,,0,70,,18199,4,,0,31,,18200,4,,0,71,,18201,4,,0,30,,18202,4,,0,70,,18203,4,,0,102,,18204,4,,0,100,,18205,4,,0,100,,18206,4,,0,100,,18207,4,,0,100,,18208,4,,0,109,,18209,4,,0,70,,18210,4,,0,15,,18211,4,,0,15,,18212,4,,0,15,,18213,4,,0,55,,18214,4,,0,15,,18215,4,,0,15,,18216,4,,0,10,,18217,4,,0,54,,18218,4,,0,15,,18219,4,,0,12,,18220,4,,0,15,,18229,4,,0,13,,18221,4,,0,98,,18222,4,,0,100,,18223,4,,0,100,,18224,4,,0,100,,18225,4,,0,103,,18226,4,,0,143,,18227,4,,0
8401,'236.0.1',600,,18230,,,0,100,,18231,,,0,100,,18232,,,0,100,,18233,,,0,100,,18234,,,0,100,,18235,,,0,100,,18236,,,0,100,,18237,,,0,100,,18238,,,0,100,,18239,,,0,100,,18240,,,0,100,,18241,,,0,100,,18242,,,0,100,,18243,,,0,100,,18244,,,0,100,,18245,,,0,100,,18246,,,0
8401,'236.0.2',605,,18247,,,0,100,,18248,,,0,100,,18249,,,0,100,,18250,,,0,100,,18251,,,0,100,,18252,,,0,100,,18253,,,0,100,,18254,,,0,100,,18255,,,0,100,,18256,,,0,100,,18257,,,0,100,,18258,,,0,100,,18259,,,0,100,,18260,,,0,100,,18261,,,0,100,,18262,,,0,100,,18263,,,0
8401,'236.0.3',505,,18264,,,0,30,,18265,,,0,70,,18266,,,0,15,,18267,,,0,15,,18295,,,0,15,,18268,,,0,55,,18269,,,0,15,,18270,,,0,15,,18271,,,0,15,,18272,,,0,55,,18273,,,0,15,,18274,,,0,15,,18275,,,0,15,,18296,,,0,55,,18276,,,0,100,,18277,,,0,100,,18278,,,0,100,,18279,,,0,100,,18280,,,0,100,,18281,,,0,100,,18282,,,0,30,,18283,,,0,70,,18284,,,0,30,,18285,,,0,70,,18286,,,0,30,,18287,,,0,70,,18288,,,0,100,,18289,,,0,100,,18290,,,0,100,,18291,,,0,100,,18292,,,0,100,,18293,,,0,100,,18294,,,0
8800,'236.0.1',707,,18671,,,0,100,,18672,,,0,100,,18673,,,0,100,,18674,,,0,100,,18675,,,0,100,,18676,,,0,100,,18677,,,0,100,,18678,,,0,100,,18679,,,0,100,,18680,,,0,100,,18681,,,0,100,,18682,,,0,100,,18683,,,0,100,,18684,,,0,100,,18685,,,0,100,,18686,,,0
8800,'236.0.2',707,,18687,,,0,100,,18688,,,0,100,,18689,,,0,100,,18690,,,0,100,,18691,,,0,100,,18692,,,0,100,,18693,,,0,100,,18694,,,0,100,,18695,,,0,100,,18696,,,0,100,,18697,,,0,100,,18698,,,0,100,,18699,,,0,100,,18700,,,0,100,,18701,,,0
8800,'236.0.3',625,,18702,,,0,100,,18703,,,0,100,,18704,,,0,100,,18705,,,0,100,,18706,,,0,100,,18707,,,0,100,,18708,,,0,100,,18709,,,0,100,,18710,,,0,100,,18711,,,0,100,,18712,,,0,100,,18713,,,0,75,,18714,,,0,40,,18715,,,0,100,,18716,,,0,100,,18717,,,0,100,,18718,,,0
8801,'236.0.1',738,,18719,4,,0,100,,18720,4,,0,100,,18721,4,,0,100,,18722,4,,0,101,,18723,4,,0,100,,18724,4,,0,100,,18725,4,,0,100,,18726,4,,0,100,,18727,4,,0,100,,18728,4,,0,100,,18729,4,,0,99,,18730,4,,0,99,,18731,4,,0,100,,18732,4,,0,100,,18733,4,,0,100,,18734,4,,0
8801,'236.0.2',738,,18735,4,,0,100,,18736,4,,0,100,,18737,4,,0,100,,18738,4,,0,101,,18739,4,,0,100,,18740,4,,0,100,,18741,4,,0,100,,18742,4,,0,100,,18743,4,,0,100,,18744,4,,0,100,,18745,4,,0,100,,18746,4,,0,99,,18747,4,,0,100,,18748,4,,0,100,,18749,4,,0
8801,'236.0.3',700,,18750,4,,0,100,,18751,4,,0,100,,18752,4,,0,100,,18753,4,,0,100,,18754,4,,0,100,,18755,4,,0,100,,18756,4,,0,100,,18757,4,,0,101,,18758,4,,0,100,,18759,4,,0,100,,18760,4,,0,99,,18761,4,,0,33,,18762,4,,0,92,,18763,4,,0,100,,18764,4,,0,100,,18765,4,,0,100,,18766,4,,0
