800,'236.0.1',602,,1717,17,,,0,31,,1718,79,,,0,70,,1719,79,,,0,30,,1720,79,,,0,70,,1721,79,,,0,36,,1722,79,,,0,63,,1723,79,,,0,22,,1724,79,,,0,30,,1725,79,,,0,70,,1726,79,,,0,33,,1727,79,,,0,72,,1728,79,,,0,29,,1729,79,,,0,70,,1730,79,,,0,30,,1731,79,,,0,70,,1732,79,,,0,30,,1733,79,,,0,70,,1734,79,,,0,29,,1735,79,,,0,72,,1736,79,,,0,30,,1737,79,,,0,70,,1738,79,,,0,30,,1739,79,,,0,70,,1740,79,,,0,30,,1741,79,,,0,70,,1742,79,,,0,25,,1743,79,,,0,70,,1744,79,,,0,30,,1745,79,,,0,70,,1746,79,,,0,30,,1747,79,,,0,70,,1748,79,,,0,30,,1749,79,,,0,70,,1750,79,,,0,29,,1751,79,,,0,63,,1752,79,,,0,29,,1753,79,,,0,70,,1754,79,,,0,100,,1755,79,,,0
800,'236.0.2',652,,1756,79,,,0,70,,1757,79,,,0,30,,1758,79,,,0,70,,1759,79,,,0,30,,1760,79,,,0,70,,1761,79,,,0,30,,1762,79,,,0,70,,1763,79,,,0,34,,1764,79,,,0,74,,1765,79,,,0,70,,1766,79,,,0,26,,1767,79,,,0,31,,1768,79,,,0,72,,1769,79,,,0,30,,1770,79,,,0,70,,1771,79,,,0,30,,1772,79,,,0,70,,1773,79,,,0,30,,1774,79,,,0,70,,1775,79,,,0,28,,1776,79,,,0,75,,1777,79,,,0,69,,1778,79,,,0,30,,1779,79,,,0,28,,1780,79,,,0,69,,1781,79,,,0,28,,1782,79,,,0,69,,1783,79,,,0,26,,1784,79,,,0,69,,1785,79,,,0,30,,1786,79,,,0,70,,1787,79,,,0,30,,1788,79,,,0,70,,1789,79,,,0,100,,1790,79,,,0,100,,1791,79,,,0
800,'236.0.3',522,,1792,17,,,0,30,,1793,17,,,0,72,,1794,79,,,0,30,,1795,79,,,0,74,,1796,79,,,0,80,,1797,79,,,0,32,,1798,79,,,0,71,,1799,79,,,0,30,,1800,79,,,0,70,,1801,79,,,0,30,,1802,79,,,0,60,,1803,79,,,0,20,,1804,79,,,0,20,,1805,79,,,0,60,,1806,79,,,0,20,,1807,79,,,0,20,,1808,79,,,0,60,,1809,79,,,0,20,,1810,79,,,0,20,,1811,79,,,0,60,,1812,79,,,0,20,,1813,79,,,0,20,,1814,79,,,0,60,,1815,79,,,0,20,,1816,79,,,0,24,,1817,79,,,0,69,,1818,79,,,0,24,,1819,79,,,0,20,,1820,79,,,0,60,,1821,79,,,0,20,,1822,79,,,0,20,,1823,79,,,0,58,,1824,79,,,0,18,,1825,79,,,0,14,,1826,79,,,0,66,,1827,79,,,0,10,,1842,79,,,0,10,,1828,79,,,0,70,,1829,79,,,0,30,,1830,79,,,0,70,,1831,79,,,0,26,,1832,79,,,0,28,,1833,79,,,0,69,,1834,79,,,0,30,,1835,79,,,0,70,,1836,79,,,0,30,,1837,79,,,0,70,,1838,79,,,0,30,,1839,79,,,0,70,,1840,79,,,0,30,,1841,79,,,0
8200,'236.0.1',629,,4912,35,,,0,100,,4913,35,,,0,100,,4914,35,,,0,100,,4915,35,,,0,100,,4916,35,,,0,100,,4917,35,,,0,100,,4918,35,,,0,100,,4919,35,,,0,100,,4920,35,,,0,100,,4921,35,,,0,100,,4922,35,,,0,100,,4923,35,,,0,100,,4924,35,,,0,100,,4925,35,,,0,100,,4926,35,,,0,100,,4927,35,,,0,100,,4928,35,,,0
8200,'236.0.2',631,,4929,35,,,0,100,,4930,35,,,0,100,,4931,35,,,0,100,,4932,35,,,0,100,,4933,35,,,0,100,,4934,35,,,0,100,,4935,35,,,0,100,,4936,35,,,0,100,,4937,35,,,0,100,,4938,35,,,0,100,,4939,35,,,0,100,,4940,35,,,0,100,,4941,35,,,0,100,,4942,35,,,0,100,,4943,35,,,0,100,,4944,35,,,0
8200,'236.0.3',617,,4945,35,,,0,27,,4946,35,,,0,69,,4947,35,,,0,30,,4948,35,,,0,70,,4949,35,,,0,92,,4950,35,,,0,28,,4951,35,,,0,100,,4952,35,,,0,100,,4953,35,,,0,100,,4954,35,,,0,100,,4955,35,,,0,100,,4956,35,,,0,103,,4957,35,,,0,466,,4958,35,,,0,100,,4959,35,,,0,100,,4960,35,,,0,100,,4961,35,,,0
8400,'236.0.1',710,,5114,34,,,0,100,,5115,34,,,0,100,,5116,34,,,0,100,,5117,34,,,0,103,,5118,34,,,0,97,,5119,34,,,0,100,,5120,34,,,0,100,,5121,34,,,0,100,,5122,34,,,0,100,,5123,34,,,0,100,,5124,34,,,0,100,,5125,34,,,0,96,,5126,34,,,0,105,,5127,34,,,0,100,,5128,34,,,0,100,,5129,34,,,0,100,,5130,34,,,0
8400,'236.0.2',715,,5131,34,,,0,100,,5132,34,,,0,100,,5133,34,,,0,100,,5134,34,,,0,102,,5135,34,,,0,96,,5136,34,,,0,100,,5137,34,,,0,100,,5138,34,,,0,100,,5139,34,,,0,100,,5140,34,,,0,103,,5141,34,,,0,100,,5142,34,,,0,100,,5143,34,,,0,100,,5144,34,,,0,98,,5145,34,,,0,100,,5146,34,,,0,100,,5147,34,,,0
8400,'236.0.3',623,,5178,34,,,0,30,,5148,34,,,0,70,,5149,34,,,0,31,,5150,34,,,0,71,,5151,34,,,0,30,,5152,34,,,0,70,,5153,34,,,0,102,,5154,34,,,0,100,,5155,34,,,0,100,,5156,34,,,0,100,,5157,34,,,0,100,,5158,34,,,0,108,,5159,34,,,0,70,,5160,34,,,0,15,,5161,34,,,0,15,,5162,34,,,0,15,,5163,34,,,0,55,,5164,34,,,0,15,,5165,34,,,0,15,,5166,34,,,0,11,,5167,34,,,0,54,,5168,34,,,0,15,,5169,34,,,0,12,,5170,34,,,0,15,,5179,34,,,0,13,,5171,34,,,0,98,,5172,34,,,0,100,,5173,34,,,0,100,,5174,34,,,0,100,,5175,34,,,0,103,,5176,34,,,0,103,,5177,34,,,0
8501,'236.0.1',637,,5304,23,,,0,100,,5305,23,,,0,101,,5306,23,,,0,100,,5307,23,,,0,101,,5308,23,,,0,102,,5309,23,,,0,100,,5310,23,,,0,100,,5311,23,,,0,100,,5312,23,,,0,98,,5313,23,,,0,100,,5314,23,,,0,100,,5315,23,,,0,99,,5316,23,,,0,99,,5317,23,,,0,100,,5318,23,,,0,100,,5319,23,,,0,100,,5320,23,,,0
8501,'236.0.2',641,,5321,23,,,0,100,,5322,23,,,0,101,,5323,23,,,0,100,,5324,23,,,0,100,,5325,23,,,0,101,,5326,23,,,0,100,,5327,23,,,0,100,,5328,23,,,0,100,,5329,23,,,0,101,,5330,23,,,0,99,,5331,23,,,0,100,,5332,23,,,0,100,,5333,23,,,0,98,,5334,23,,,0,100,,5335,23,,,0,100,,5336,23,,,0
8501,'236.0.3',855,,5337,23,,,0,100,,5338,23,,,0,101,,5339,23,,,0,101,,5340,23,,,0,100,,5341,23,,,0,100,,5342,23,,,0,100,,5343,23,,,0,100,,5344,23,,,0,53,,5345,23,,,0,16,,5346,23,,,0,15,,5347,23,,,0,61,,5348,23,,,0,15,,5349,23,,,0,20,,5350,23,,,0,15,,5351,23,,,0,55,,5352,23,,,0,7,,5353,23,,,0,13,,5360,23,,,0,9,,5354,23,,,0,15,,5361,23,,,0,55,,5355,23,,,0,14,,5362,23,,,0,92,,5356,23,,,0,100,,5357,23,,,0,100,,5358,23,,,0,100,,5359,23,,,0
8601,'236.0.1',646,,5414,22,,,0,100,,5415,22,,,0,100,,5416,22,,,0,102,,5417,22,,,0,100,,5418,22,,,0,100,,5419,22,,,0,100,,5420,22,,,0,101,,5421,22,,,0,100,,5422,22,,,0,100,,5423,22,,,0,98,,5424,22,,,0,100,,5425,22,,,0,100,,5426,22,,,0,100,,5427,22,,,0,100,,5428,22,,,0,100,,5429,22,,,0,100,,5430,22,,,0
8601,'236.0.2',652,,5431,22,,,0,100,,5432,22,,,0,100,,5433,22,,,0,101,,5434,22,,,0,100,,5435,22,,,0,100,,5436,22,,,0,100,,5437,22,,,0,100,,5438,22,,,0,99,,5439,22,,,0,100,,5440,22,,,0,100,,5441,22,,,0,100,,5442,22,,,0,100,,5443,22,,,0,100,,5444,22,,,0,100,,5445,22,,,0,100,,5446,22,,,0
8601,'236.0.3',856,,5447,22,,,0,100,,5448,22,,,0,100,,5449,22,,,0,100,,5450,22,,,0,100,,5451,22,,,0,100,,5452,22,,,0,100,,5453,22,,,0,145,,5454,22,,,0,31,,5455,22,,,0,75,,5456,22,,,0,34,,5457,22,,,0,67,,5458,22,,,0,22,,5459,22,,,0,25,,5460,22,,,0,160,,5461,22,,,0,100,,5462,22,,,0,100,,5463,22,,,0,100,,5464,22,,,0
8700,'236.0.1',707,,5465,34,,,0,30,,5466,34,,,0,70,,5467,34,,,0,30,,5468,34,,,0,70,,5469,34,,,0,30,,5470,34,,,0,67,,5471,34,,,0,30,,5472,34,,,0,71,,5473,34,,,0,32,,5474,34,,,0,70,,5475,34,,,0,30,,5476,34,,,0,70,,5477,34,,,0,30,,5478,34,,,0,70,,5479,34,,,0,30,,5480,34,,,0,70,,5481,34,,,0,30,,5482,34,,,0,70,,5483,34,,,0,30,,5484,34,,,0,69,,5485,34,,,0,30,,5486,34,,,0,70,,5487,34,,,0,30,,5488,34,,,0,68,,5489,34,,,0,102,,5490,34,,,0,100,,5491,34,,,0,100,,5492,34,,,0,100,,5493,34,,,0,100,,5494,34,,,0
8700,'236.0.2',708,,5495,34,,,0,100,,5496,34,,,0,102,,5497,34,,,0,100,,5498,34,,,0,101,,5499,34,,,0,101,,5500,34,,,0,100,,5501,34,,,0,100,,5502,34,,,0,100,,5503,34,,,0,100,,5504,34,,,0,100,,5505,34,,,0,100,,5506,34,,,0,98,,5507,34,,,0,100,,5508,34,,,0,100,,5509,34,,,0,100,,5510,34,,,0,100,,5511,34,,,0
8700,'236.0.3',713,,5512,34,,,0,30,,5513,34,,,0,70,,5514,34,,,0,31,,5515,34,,,0,70,,5516,34,,,0,30,,5517,34,,,0,70,,5518,34,,,0,30,,5519,34,,,0,70,,5520,34,,,0,30,,5521,34,,,0,71,,5522,34,,,0,30,,5523,34,,,0,70,,5524,34,,,0,30,,5525,34,,,0,70,,5526,34,,,0,30,,5527,34,,,0,70,,5528,34,,,0,31,,5529,34,,,0,76,,5530,34,,,0,33,,5531,34,,,0,70,,5532,34,,,0,27,,5533,34,,,0,68,,5534,34,,,0,25,,5535,34,,,0,86,,5536,34,,,0,100,,5537,34,,,0,100,,5538,34,,,0,100,,5539,34,,,0,100,,5540,34,,,0,100,,5541,34,,,0
18200,'236.0.3',1556,,6179,56,,,0,55,,6180,56,,,0,17,,6181,56,,,0,18,,6182,56,,,0,54,,6183,56,,,0,17,,6184,56,,,0,14,,6185,56,,,0,11,,6186,56,,,0,12,,6187,56,,,0,55,,6188,56,,,0,11,,6189,56,,,0,15,,6190,56,,,0,15,,6192,56,,,0,54,,6191,56,,,0,16,,6193,56,,,0
18501,'236.0.3',557,,6234,23,,,0,55,,6244,23,,,0,15,,6235,23,,,0,15,,6236,23,,,0,15,,6237,23,,,0,55,,6243,23,,,0,15,,6238,23,,,0,15,,6239,23,,,0,15,,6240,23,,,0,55,,6241,23,,,0,15,,6242,23,,,0,15,,6245,23,,,0
18601,'236.0.3',605,,6252,22,,,0,30,,6253,22,,,0,70,,6254,22,,,0,30,,6255,22,,,0,69,,6256,22,,,0,30,,6257,22,,,0
