5901,'236.0.1',643,,3992,21,,,0,100,,3993,21,,,0,100,,3994,21,,,0,100,,3995,21,,,0,102,,3996,21,,,0,100,,3997,21,,,0,100,,3998,21,,,0,100,,3999,21,,,0,100,,4000,21,,,0,100,,4001,21,,,0,100,,4002,21,,,0,100,,4003,21,,,0,98,,4004,21,,,0,100,,4005,21,,,0,100,,4006,21,,,0,100,,4007,21,,,0,100,,4008,21,,,0,100,,4009,21,,,0
5901,'236.0.2',743,,4010,21,,,0,100,,4011,21,,,0,100,,4012,21,,,0,102,,4013,21,,,0,100,,4014,21,,,0,100,,4015,21,,,0,100,,4016,21,,,0,100,,4017,21,,,0,100,,4018,21,,,0,100,,4019,21,,,0,100,,4020,21,,,0,98,,4021,21,,,0,100,,4022,21,,,0,100,,4023,21,,,0,100,,4024,21,,,0,100,,4025,21,,,0
5901,'236.0.3',925,,4026,21,,,0,100,,4027,21,,,0,100,,4028,21,,,0,100,,4029,21,,,0,101,,4030,21,,,0,100,,4031,21,,,0,100,,4032,21,,,0,30,,4033,21,,,0,61,,4034,21,,,0,24,,4035,21,,,0,63,,4036,21,,,0,22,,4037,21,,,0,19,,4038,21,,,0,13,,4047,21,,,0,57,,4039,21,,,0,18,,4040,21,,,0,101,,4041,21,,,0,100,,4042,21,,,0,100,,4043,21,,,0,100,,4044,21,,,0,100,,4045,21,,,0,100,,4046,21,,,0
6300,'236.0.1',813,,4262,29,,,0,100,,4263,29,,,0,100,,4264,29,,,0,100,,4265,29,,,0,100,,4266,29,,,0,100,,4267,29,,,0,100,,4268,29,,,0,101,,4269,29,,,0,100,,4270,29,,,0,100,,4271,29,,,0,100,,4272,29,,,0,100,,4273,29,,,0,97,,4274,29,,,0,99,,4275,29,,,0,100,,4276,29,,,0,100,,4277,29,,,0
6300,'236.0.2',742,,4278,29,,,0,100,,4279,29,,,0,100,,4280,29,,,0,100,,4281,29,,,0,100,,4282,29,,,0,100,,4283,29,,,0,100,,4284,29,,,0,100,,4285,29,,,0,98,,4286,29,,,0,100,,4287,29,,,0,100,,4288,29,,,0,100,,4289,29,,,0,100,,4290,29,,,0,100,,4291,29,,,0,100,,4292,29,,,0
6300,'236.0.3',706,,4293,29,,,0,30,,4294,29,,,0,70,,4295,29,,,0,30,,4296,29,,,0,70,,4297,29,,,0,30,,4298,29,,,0,70,,4299,29,,,0,16,,4300,29,,,0,100,,4301,29,,,0,100,,4302,29,,,0,100,,4303,29,,,0,100,,4304,29,,,0,101,,4305,29,,,0,115,,4306,29,,,0,70,,4307,29,,,0,28,,4308,29,,,0,70,,4309,29,,,0,30,,4310,29,,,0,69,,4311,29,,,0,30,,4312,29,,,0,100,,4313,29,,,0,100,,4314,29,,,0,100,,4315,29,,,0
6801,'236.0.1',630,,4704,28,,,0,100,,4705,28,,,0,100,,4706,28,,,0,100,,4707,28,,,0,101,,4708,28,,,0,101,,4709,28,,,0,100,,4710,28,,,0,100,,4711,28,,,0,100,,4712,28,,,0,100,,4713,28,,,0,100,,4714,28,,,0,100,,4715,28,,,0,100,,4716,28,,,0,100,,4717,28,,,0,99,,4718,28,,,0,100,,4719,28,,,0,100,,4720,28,,,0,100,,4721,28,,,0,100,,4722,28,,,0
6801,'236.0.2',730,,4723,28,,,0,100,,4724,28,,,0,100,,4725,28,,,0,100,,4726,28,,,0,100,,4727,28,,,0,101,,4728,28,,,0,101,,4729,28,,,0,100,,4730,28,,,0,100,,4731,28,,,0,100,,4732,28,,,0,100,,4733,28,,,0,100,,4734,28,,,0,99,,4735,28,,,0,99,,4736,28,,,0,100,,4737,28,,,0,100,,4738,28,,,0
6801,'236.0.3',954,,4739,28,,,0,100,,4740,28,,,0,100,,4741,28,,,0,100,,4742,28,,,0,102,,4743,28,,,0,100,,4744,28,,,0,100,,4745,28,,,0,81,,4746,28,,,0,76,,4747,28,,,0,32,,4748,28,,,0,69,,4749,28,,,0,23,,4750,28,,,0,66,,4751,28,,,0,119,,4752,28,,,0,100,,4753,28,,,0,100,,4754,28,,,0,100,,4755,28,,,0,100,,4756,28,,,0
15901,'236.0.3',554,,6146,20,,,0,60,,6154,20,,,0,20,,6147,20,,,0,20,,6148,20,,,0,60,,6149,20,,,0,20,,6150,20,,,0,20,,6151,20,,,0,61,,6152,20,,,0,19,,6153,20,,,0
40100,'236.0.1',755,,6454,44,,,0,501,,6455,44,,,0,600,,6456,44,,,0
40100,'236.0.2',755,,6457,44,,,0,501,,6458,44,,,0,600,,6459,44,,,0
40100,'236.0.3',620,,6461,44,,,0,136,,6465,44,,,0,175,,6466,44,,,0,175,,6463,44,,,0,615,,6460,44,,,0,179,,6464,44,,,0,139,,6462,44,,,0
1016801,'236.0.3',621,,7465,23,,,0,30,,7466,23,,,0,70,,7467,23,,,0,30,,7468,23,,,0,70,,7469,23,,,0,30,,7470,23,,,0
2016801,'236.0.3',608,,8480,28,,,0,30,,8481,28,,,0,70,,8482,28,,,0,30,,8483,28,,,0,70,,8484,28,,,0,30,,8485,28,,,0
