800,'236.0.1',604,,1717,19,,,0,31,,1718,81,,,0,70,,1719,81,,,0,30,,1720,81,,,0,70,,1721,81,,,0,35,,1722,81,,,0,63,,1723,81,,,0,22,,1724,81,,,0,30,,1725,81,,,0,70,,1726,81,,,0,33,,1727,81,,,0,72,,1728,81,,,0,29,,1729,81,,,0,70,,1730,81,,,0,30,,1731,81,,,0,70,,1732,81,,,0,30,,1733,81,,,0,70,,1734,81,,,0,29,,1735,81,,,0,72,,1736,81,,,0,70,,1737,81,,,0,30,,1738,81,,,0,70,,1739,81,,,0,30,,1740,81,,,0,70,,1741,81,,,0,30,,1742,81,,,0,25,,1743,81,,,0,70,,1744,81,,,0,30,,1745,81,,,0,70,,1746,81,,,0,30,,1747,81,,,0,70,,1748,81,,,0,30,,1749,81,,,0,70,,1750,81,,,0,30,,1751,81,,,0,63,,1752,81,,,0,29,,1753,81,,,0,70,,1754,81,,,0,100,,1755,81,,,0
800,'236.0.2',654,,1756,81,,,0,70,,1757,81,,,0,30,,1758,81,,,0,70,,1759,81,,,0,30,,1760,81,,,0,70,,1761,81,,,0,30,,1762,81,,,0,70,,1763,81,,,0,33,,1764,81,,,0,74,,1765,81,,,0,70,,1766,81,,,0,26,,1767,81,,,0,31,,1768,81,,,0,72,,1769,81,,,0,70,,1770,81,,,0,30,,1771,81,,,0,70,,1772,81,,,0,30,,1773,81,,,0,70,,1774,81,,,0,30,,1775,81,,,0,29,,1776,81,,,0,75,,1777,81,,,0,69,,1778,81,,,0,30,,1779,81,,,0,68,,1780,81,,,0,29,,1781,81,,,0,28,,1782,81,,,0,69,,1783,81,,,0,26,,1784,81,,,0,69,,1785,81,,,0,30,,1786,81,,,0,70,,1787,81,,,0,30,,1788,81,,,0,70,,1789,81,,,0,100,,1790,81,,,0,100,,1791,81,,,0
800,'236.0.3',524,,1792,19,,,0,30,,1793,19,,,0,72,,1794,81,,,0,30,,1795,81,,,0,73,,1796,81,,,0,80,,1797,81,,,0,32,,1798,81,,,0,71,,1799,81,,,0,30,,1800,81,,,0,70,,1801,81,,,0,30,,1802,81,,,0,60,,1803,81,,,0,20,,1804,81,,,0,20,,1805,81,,,0,60,,1806,81,,,0,20,,1807,81,,,0,20,,1808,81,,,0,60,,1809,81,,,0,20,,1810,81,,,0,20,,1811,81,,,0,60,,1812,81,,,0,20,,1813,81,,,0,20,,1814,81,,,0,60,,1815,81,,,0,20,,1816,81,,,0,24,,1817,81,,,0,69,,1818,81,,,0,24,,1819,81,,,0,20,,1820,81,,,0,60,,1821,81,,,0,20,,1822,81,,,0,20,,1823,81,,,0,58,,1824,81,,,0,18,,1825,81,,,0,14,,1826,81,,,0,66,,1827,81,,,0,10,,1842,81,,,0,10,,1828,81,,,0,70,,1829,81,,,0,30,,1830,81,,,0,70,,1831,81,,,0,27,,1832,81,,,0,68,,1833,81,,,0,29,,1834,81,,,0,30,,1835,81,,,0,70,,1836,81,,,0,30,,1837,81,,,0,70,,1838,81,,,0,30,,1839,81,,,0,70,,1840,81,,,0,30,,1841,81,,,0
8200,'236.0.1',630,,4912,37,,,0,100,,4913,37,,,0,100,,4914,37,,,0,100,,4915,37,,,0,100,,4916,37,,,0,100,,4917,37,,,0,100,,4918,37,,,0,100,,4919,37,,,0,100,,4920,37,,,0,100,,4921,37,,,0,100,,4922,37,,,0,100,,4923,37,,,0,100,,4924,37,,,0,100,,4925,37,,,0,100,,4926,37,,,0,100,,4927,37,,,0,100,,4928,37,,,0
8200,'236.0.2',632,,4929,37,,,0,100,,4930,37,,,0,100,,4931,37,,,0,100,,4932,37,,,0,100,,4933,37,,,0,100,,4934,37,,,0,100,,4935,37,,,0,100,,4936,37,,,0,100,,4937,37,,,0,100,,4938,37,,,0,100,,4939,37,,,0,100,,4940,37,,,0,100,,4941,37,,,0,100,,4942,37,,,0,100,,4943,37,,,0,100,,4944,37,,,0
8200,'236.0.3',618,,4945,37,,,0,27,,4946,37,,,0,69,,4947,37,,,0,30,,4948,37,,,0,70,,4949,37,,,0,92,,4950,37,,,0,28,,4951,37,,,0,100,,4952,37,,,0,100,,4953,37,,,0,100,,4954,37,,,0,100,,4955,37,,,0,100,,4956,37,,,0,104,,4957,37,,,0,465,,4958,37,,,0,100,,4959,37,,,0,100,,4960,37,,,0,100,,4961,37,,,0
8400,'236.0.1',712,,5114,36,,,0,100,,5115,36,,,0,100,,5116,36,,,0,100,,5117,36,,,0,102,,5118,36,,,0,97,,5119,36,,,0,100,,5120,36,,,0,100,,5121,36,,,0,100,,5122,36,,,0,100,,5123,36,,,0,100,,5124,36,,,0,100,,5125,36,,,0,96,,5126,36,,,0,105,,5127,36,,,0,100,,5128,36,,,0,100,,5129,36,,,0,100,,5130,36,,,0
8400,'236.0.2',717,,5131,36,,,0,100,,5132,36,,,0,100,,5133,36,,,0,100,,5134,36,,,0,101,,5135,36,,,0,96,,5136,36,,,0,100,,5137,36,,,0,100,,5138,36,,,0,100,,5139,36,,,0,100,,5140,36,,,0,103,,5141,36,,,0,100,,5142,36,,,0,100,,5143,36,,,0,100,,5144,36,,,0,99,,5145,36,,,0,100,,5146,36,,,0,100,,5147,36,,,0
8400,'236.0.3',624,,5178,36,,,0,30,,5148,36,,,0,70,,5149,36,,,0,31,,5150,36,,,0,71,,5151,36,,,0,30,,5152,36,,,0,70,,5153,36,,,0,102,,5154,36,,,0,100,,5155,36,,,0,100,,5156,36,,,0,100,,5157,36,,,0,100,,5158,36,,,0,109,,5159,36,,,0,70,,5160,36,,,0,15,,5161,36,,,0,15,,5162,36,,,0,15,,5163,36,,,0,55,,5164,36,,,0,15,,5165,36,,,0,15,,5166,36,,,0,10,,5167,36,,,0,54,,5168,36,,,0,15,,5169,36,,,0,12,,5170,36,,,0,15,,5179,36,,,0,13,,5171,36,,,0,98,,5172,36,,,0,100,,5173,36,,,0,100,,5174,36,,,0,100,,5175,36,,,0,103,,5176,36,,,0,143,,5177,36,,,0
8501,'236.0.1',638,,5304,25,,,0,100,,5305,25,,,0,101,,5306,25,,,0,100,,5307,25,,,0,101,,5308,25,,,0,102,,5309,25,,,0,100,,5310,25,,,0,100,,5311,25,,,0,100,,5312,25,,,0,98,,5313,25,,,0,100,,5314,25,,,0,100,,5315,25,,,0,99,,5316,25,,,0,99,,5317,25,,,0,100,,5318,25,,,0,100,,5319,25,,,0,100,,5320,25,,,0
8501,'236.0.2',642,,5321,25,,,0,100,,5322,25,,,0,101,,5323,25,,,0,100,,5324,25,,,0,100,,5325,25,,,0,101,,5326,25,,,0,100,,5327,25,,,0,100,,5328,25,,,0,100,,5329,25,,,0,101,,5330,25,,,0,99,,5331,25,,,0,100,,5332,25,,,0,100,,5333,25,,,0,98,,5334,25,,,0,100,,5335,25,,,0,100,,5336,25,,,0
8501,'236.0.3',856,,5337,25,,,0,100,,5338,25,,,0,101,,5339,25,,,0,101,,5340,25,,,0,100,,5341,25,,,0,100,,5342,25,,,0,100,,5343,25,,,0,100,,5344,25,,,0,53,,5345,25,,,0,16,,5346,25,,,0,15,,5347,25,,,0,61,,5348,25,,,0,15,,5349,25,,,0,20,,5350,25,,,0,15,,5351,25,,,0,55,,5352,25,,,0,7,,5353,25,,,0,13,,5360,25,,,0,9,,5354,25,,,0,15,,5361,25,,,0,55,,5355,25,,,0,14,,5362,25,,,0,92,,5356,25,,,0,100,,5357,25,,,0,100,,5358,25,,,0,100,,5359,25,,,0
8601,'236.0.1',647,,5414,24,,,0,100,,5415,24,,,0,100,,5416,24,,,0,102,,5417,24,,,0,100,,5418,24,,,0,100,,5419,24,,,0,100,,5420,24,,,0,101,,5421,24,,,0,100,,5422,24,,,0,100,,5423,24,,,0,98,,5424,24,,,0,100,,5425,24,,,0,100,,5426,24,,,0,100,,5427,24,,,0,100,,5428,24,,,0,100,,5429,24,,,0,100,,5430,24,,,0
8601,'236.0.2',653,,5431,24,,,0,100,,5432,24,,,0,100,,5433,24,,,0,101,,5434,24,,,0,100,,5435,24,,,0,100,,5436,24,,,0,100,,5437,24,,,0,100,,5438,24,,,0,99,,5439,24,,,0,100,,5440,24,,,0,100,,5441,24,,,0,100,,5442,24,,,0,100,,5443,24,,,0,100,,5444,24,,,0,100,,5445,24,,,0,100,,5446,24,,,0
8601,'236.0.3',857,,5447,24,,,0,100,,5448,24,,,0,100,,5449,24,,,0,100,,5450,24,,,0,100,,5451,24,,,0,100,,5452,24,,,0,100,,5453,24,,,0,145,,5454,24,,,0,31,,5455,24,,,0,75,,5456,24,,,0,34,,5457,24,,,0,67,,5458,24,,,0,22,,5459,24,,,0,25,,5460,24,,,0,160,,5461,24,,,0,100,,5462,24,,,0,100,,5463,24,,,0,100,,5464,24,,,0
8700,'236.0.1',709,,5465,36,,,0,30,,5466,36,,,0,70,,5467,36,,,0,30,,5468,36,,,0,70,,5469,36,,,0,30,,5470,36,,,0,67,,5471,36,,,0,30,,5472,36,,,0,70,,5473,36,,,0,32,,5474,36,,,0,70,,5475,36,,,0,30,,5476,36,,,0,70,,5477,36,,,0,30,,5478,36,,,0,70,,5479,36,,,0,30,,5480,36,,,0,70,,5481,36,,,0,30,,5482,36,,,0,70,,5483,36,,,0,30,,5484,36,,,0,69,,5485,36,,,0,30,,5486,36,,,0,70,,5487,36,,,0,30,,5488,36,,,0,69,,5489,36,,,0,102,,5490,36,,,0,100,,5491,36,,,0,100,,5492,36,,,0,100,,5493,36,,,0,100,,5494,36,,,0
8700,'236.0.2',710,,5495,36,,,0,100,,5496,36,,,0,102,,5497,36,,,0,100,,5498,36,,,0,101,,5499,36,,,0,101,,5500,36,,,0,99,,5501,36,,,0,100,,5502,36,,,0,100,,5503,36,,,0,100,,5504,36,,,0,100,,5505,36,,,0,100,,5506,36,,,0,99,,5507,36,,,0,100,,5508,36,,,0,100,,5509,36,,,0,100,,5510,36,,,0,100,,5511,36,,,0
8700,'236.0.3',715,,5512,36,,,0,30,,5513,36,,,0,70,,5514,36,,,0,30,,5515,36,,,0,70,,5516,36,,,0,30,,5517,36,,,0,70,,5518,36,,,0,30,,5519,36,,,0,70,,5520,36,,,0,30,,5521,36,,,0,71,,5522,36,,,0,30,,5523,36,,,0,70,,5524,36,,,0,30,,5525,36,,,0,70,,5526,36,,,0,30,,5527,36,,,0,70,,5528,36,,,0,31,,5529,36,,,0,76,,5530,36,,,0,33,,5531,36,,,0,70,,5532,36,,,0,27,,5533,36,,,0,68,,5534,36,,,0,25,,5535,36,,,0,86,,5536,36,,,0,100,,5537,36,,,0,100,,5538,36,,,0,100,,5539,36,,,0,100,,5540,36,,,0,100,,5541,36,,,0
18200,'236.0.3',1558,,6179,58,,,0,55,,6180,58,,,0,17,,6181,58,,,0,18,,6182,58,,,0,54,,6183,58,,,0,17,,6184,58,,,0,14,,6185,58,,,0,10,,6186,58,,,0,12,,6187,58,,,0,55,,6188,58,,,0,11,,6189,58,,,0,15,,6190,58,,,0,15,,6192,58,,,0,54,,6191,58,,,0,16,,6193,58,,,0
18501,'236.0.3',558,,6234,25,,,0,55,,6244,25,,,0,15,,6235,25,,,0,15,,6236,25,,,0,15,,6237,25,,,0,55,,6243,25,,,0,15,,6238,25,,,0,15,,6239,25,,,0,15,,6240,25,,,0,55,,6241,25,,,0,15,,6242,25,,,0,15,,6245,25,,,0
18601,'236.0.3',606,,6252,24,,,0,30,,6253,24,,,0,70,,6254,24,,,0,30,,6255,24,,,0,70,,6256,24,,,0,30,,6257,24,,,0
