2100,'236.0.1',615,,1965,38,,,0,30,,1966,38,,,0,71,,1967,38,,,0,30,,1968,38,,,0,70,,1969,38,,,0,30,,1970,38,,,0,70,,1971,38,,,0,30,,1972,38,,,0,74,,1973,38,,,0,31,,1974,38,,,0,70,,1975,38,,,0,30,,1976,38,,,0,73,,1977,38,,,0,31,,1978,38,,,0,70,,1979,38,,,0,30,,1980,38,,,0,70,,1981,38,,,0,30,,1982,38,,,0,70,,1983,38,,,0,30,,1984,38,,,0,70,,1985,38,,,0,30,,1986,38,,,0,70,,1987,38,,,0,30,,1988,38,,,0,67,,1989,38,,,0,26,,1990,38,,,0,70,,1991,38,,,0,30,,1992,38,,,0,70,,1993,38,,,0,34,,1994,38,,,0,68,,1995,38,,,0,30,,1996,38,,,0,70,,1997,38,,,0,100,,1998,38,,,0,100,,1999,38,,,0
2100,'236.0.2',721,,2000,38,,,0,100,,2001,38,,,0,100,,2002,38,,,0,100,,2003,38,,,0,106,,2004,38,,,0,100,,2005,38,,,0,100,,2006,38,,,0,100,,2007,38,,,0,100,,2008,38,,,0,100,,2009,38,,,0,100,,2010,38,,,0,96,,2011,38,,,0,100,,2012,38,,,0,101,,2013,38,,,0,100,,2014,38,,,0,100,,2015,38,,,0,100,,2016,38,,,0,100,,2017,38,,,0
2100,'236.0.3',555,,2018,38,,,0,71,,2019,38,,,0,30,,2020,38,,,0,69,,2021,38,,,0,32,,2022,38,,,0,70,,2023,38,,,0,30,,2024,38,,,0,70,,2025,38,,,0,104,,2026,38,,,0,98,,2027,38,,,0,102,,2028,38,,,0,100,,2029,38,,,0,100,,2030,38,,,0,100,,2031,38,,,0,75,,2032,38,,,0,30,,2033,38,,,0,70,,2034,38,,,0,34,,2035,38,,,0,65,,2036,38,,,0,26,,2037,38,,,0,71,,2038,38,,,0,28,,2039,38,,,0,70,,2040,38,,,0,28,,2041,38,,,0,89,,2042,38,,,0,100,,2043,38,,,0,100,,2044,38,,,0,100,,2045,38,,,0
2800,'236.0.1',732,,2687,28,,,0,70,,2688,28,,,0,30,,2689,28,,,0,70,,2690,28,,,0,30,,2691,28,,,0,70,,2692,28,,,0,35,,2693,28,,,0,71,,2694,28,,,0,30,,2695,28,,,0,70,,2696,28,,,0,30,,2697,28,,,0,70,,2698,28,,,0,30,,2699,28,,,0,70,,2700,28,,,0,30,,2701,28,,,0,70,,2702,28,,,0,30,,2703,28,,,0,70,,2704,28,,,0,30,,2705,28,,,0,70,,2706,28,,,0,30,,2707,28,,,0,70,,2708,28,,,0,25,,2709,28,,,0,69,,2710,28,,,0,30,,2711,28,,,0,70,,2712,28,,,0,30,,2713,28,,,0,70,,2714,28,,,0,30,,2715,28,,,0,70,,2716,28,,,0,30,,2717,28,,,0,70,,2718,28,,,0,30,,2719,28,,,0,70,,2720,28,,,0
2800,'236.0.2',750,,2721,28,,,0,100,,2722,28,,,0,101,,2723,28,,,0,100,,2724,28,,,0,100,,2725,28,,,0,104,,2726,28,,,0,100,,2727,28,,,0,100,,2728,28,,,0,100,,2729,28,,,0,100,,2730,28,,,0,96,,2731,28,,,0,100,,2732,28,,,0,100,,2733,28,,,0,100,,2734,28,,,0,100,,2735,28,,,0,100,,2736,28,,,0,100,,2737,28,,,0
2800,'236.0.3',645,,2738,28,,,0,70,,2739,28,,,0,35,,2740,28,,,0,70,,2741,28,,,0,30,,2742,28,,,0,70,,2743,28,,,0,27,,2744,28,,,0,70,,2745,28,,,0,30,,2746,28,,,0,70,,2747,28,,,0,30,,2748,28,,,0,70,,2749,28,,,0,30,,2750,28,,,0,70,,2751,28,,,0,30,,2752,28,,,0,70,,2753,28,,,0,30,,2754,28,,,0,72,,2755,28,,,0,32,,2756,28,,,0,70,,2757,28,,,0,30,,2758,28,,,0,70,,2759,28,,,0,30,,2760,28,,,0,70,,2761,28,,,0,24,,2762,28,,,0,70,,2763,28,,,0,30,,2764,28,,,0,70,,2765,28,,,0,30,,2766,28,,,0,100,,2767,28,,,0,100,,2768,28,,,0,100,,2769,28,,,0
3901,'236.0.1',645,,3159,33,,,0,70,,3160,33,,,0,30,,3161,33,,,0,70,,3162,33,,,0,30,,3163,33,,,0,71,,3164,33,,,0,30,,3165,33,,,0,70,,3166,33,,,0,30,,3167,33,,,0,70,,3168,33,,,0,30,,3169,33,,,0,70,,3170,33,,,0,30,,3171,33,,,0,70,,3172,33,,,0,30,,3173,33,,,0,70,,3174,33,,,0,30,,3175,33,,,0,70,,3176,33,,,0,30,,3177,33,,,0,70,,3178,33,,,0,30,,3179,33,,,0,70,,3180,33,,,0,30,,3181,33,,,0,70,,3182,33,,,0,30,,3183,33,,,0,70,,3184,33,,,0,30,,3185,33,,,0,70,,3186,33,,,0,30,,3187,33,,,0,70,,3188,33,,,0,30,,3189,33,,,0,69,,3190,33,,,0,30,,3191,33,,,0,70,,3192,33,,,0,30,,3193,33,,,0
3901,'236.0.2',714,,3194,33,,,0,100,,3195,33,,,0,100,,3196,33,,,0,101,,3197,33,,,0,101,,3198,33,,,0,100,,3199,33,,,0,100,,3200,33,,,0,100,,3201,33,,,0,100,,3202,33,,,0,100,,3203,33,,,0,100,,3204,33,,,0,100,,3205,33,,,0,100,,3206,33,,,0,98,,3207,33,,,0,100,,3208,33,,,0,100,,3209,33,,,0
3901,'236.0.3',628,,3210,33,,,0,30,,3211,33,,,0,73,,3212,33,,,0,70,,3213,33,,,0,30,,3214,33,,,0,70,,3215,33,,,0,30,,3216,33,,,0,70,,3217,33,,,0,30,,3218,33,,,0,70,,3219,33,,,0,30,,3220,33,,,0,70,,3221,33,,,0,30,,3222,33,,,0,70,,3223,33,,,0,30,,3224,33,,,0,70,,3225,33,,,0,30,,3226,33,,,0,70,,3227,33,,,0,31,,3228,33,,,0,77,,3229,33,,,0,30,,3230,33,,,0,70,,3231,33,,,0,30,,3232,33,,,0,69,,3233,33,,,0,24,,3234,33,,,0,100,,3235,33,,,0,99,,3236,33,,,0,100,,3237,33,,,0,100,,3238,33,,,0,100,,3239,33,,,0
13600,'236.0.3',624,,6087,14,,,0,27,,6088,14,,,0,53,,6089,14,,,0,13,,6090,14,,,0,14,,6091,14,,,0,16,,6092,14,,,0,9,,6093,14,,,0,59,,6094,14,,,0
13800,'236.0.3',610,,6115,16,,,0,29,,6116,16,,,0,14,,6117,16,,,0,54,,6118,16,,,0,27,,6119,16,,,0,5,,6120,16,,,0,64,,6121,16,,,0
