800,'236.0.1',603,,1717,18,,,0,31,,1718,80,,,0,70,,1719,80,,,0,30,,1720,80,,,0,70,,1721,80,,,0,36,,1722,80,,,0,63,,1723,80,,,0,22,,1724,80,,,0,30,,1725,80,,,0,70,,1726,80,,,0,33,,1727,80,,,0,72,,1728,80,,,0,29,,1729,80,,,0,70,,1730,80,,,0,30,,1731,80,,,0,70,,1732,80,,,0,30,,1733,80,,,0,70,,1734,80,,,0,29,,1735,80,,,0,72,,1736,80,,,0,70,,1737,80,,,0,30,,1738,80,,,0,70,,1739,80,,,0,30,,1740,80,,,0,70,,1741,80,,,0,30,,1742,80,,,0,25,,1743,80,,,0,70,,1744,80,,,0,30,,1745,80,,,0,70,,1746,80,,,0,30,,1747,80,,,0,70,,1748,80,,,0,30,,1749,80,,,0,70,,1750,80,,,0,29,,1751,80,,,0,63,,1752,80,,,0,29,,1753,80,,,0,70,,1754,80,,,0,100,,1755,80,,,0
800,'236.0.2',653,,1756,80,,,0,70,,1757,80,,,0,30,,1758,80,,,0,70,,1759,80,,,0,30,,1760,80,,,0,70,,1761,80,,,0,30,,1762,80,,,0,70,,1763,80,,,0,34,,1764,80,,,0,74,,1765,80,,,0,70,,1766,80,,,0,26,,1767,80,,,0,31,,1768,80,,,0,72,,1769,80,,,0,70,,1770,80,,,0,30,,1771,80,,,0,70,,1772,80,,,0,30,,1773,80,,,0,70,,1774,80,,,0,30,,1775,80,,,0,28,,1776,80,,,0,75,,1777,80,,,0,69,,1778,80,,,0,30,,1779,80,,,0,68,,1780,80,,,0,29,,1781,80,,,0,28,,1782,80,,,0,69,,1783,80,,,0,26,,1784,80,,,0,69,,1785,80,,,0,30,,1786,80,,,0,70,,1787,80,,,0,30,,1788,80,,,0,70,,1789,80,,,0,100,,1790,80,,,0,100,,1791,80,,,0
800,'236.0.3',523,,1792,18,,,0,30,,1793,18,,,0,72,,1794,80,,,0,30,,1795,80,,,0,73,,1796,80,,,0,80,,1797,80,,,0,32,,1798,80,,,0,71,,1799,80,,,0,30,,1800,80,,,0,70,,1801,80,,,0,30,,1802,80,,,0,60,,1803,80,,,0,20,,1804,80,,,0,20,,1805,80,,,0,60,,1806,80,,,0,20,,1807,80,,,0,20,,1808,80,,,0,60,,1809,80,,,0,20,,1810,80,,,0,20,,1811,80,,,0,60,,1812,80,,,0,20,,1813,80,,,0,20,,1814,80,,,0,60,,1815,80,,,0,20,,1816,80,,,0,24,,1817,80,,,0,69,,1818,80,,,0,24,,1819,80,,,0,20,,1820,80,,,0,60,,1821,80,,,0,20,,1822,80,,,0,20,,1823,80,,,0,59,,1824,80,,,0,18,,1825,80,,,0,14,,1826,80,,,0,66,,1827,80,,,0,10,,1842,80,,,0,10,,1828,80,,,0,70,,1829,80,,,0,30,,1830,80,,,0,70,,1831,80,,,0,26,,1832,80,,,0,28,,1833,80,,,0,69,,1834,80,,,0,30,,1835,80,,,0,70,,1836,80,,,0,30,,1837,80,,,0,70,,1838,80,,,0,30,,1839,80,,,0,70,,1840,80,,,0,30,,1841,80,,,0
8200,'236.0.1',630,,4912,36,,,0,100,,4913,36,,,0,100,,4914,36,,,0,100,,4915,36,,,0,100,,4916,36,,,0,100,,4917,36,,,0,100,,4918,36,,,0,100,,4919,36,,,0,100,,4920,36,,,0,100,,4921,36,,,0,100,,4922,36,,,0,100,,4923,36,,,0,100,,4924,36,,,0,100,,4925,36,,,0,100,,4926,36,,,0,100,,4927,36,,,0,100,,4928,36,,,0
8200,'236.0.2',632,,4929,36,,,0,100,,4930,36,,,0,100,,4931,36,,,0,100,,4932,36,,,0,100,,4933,36,,,0,100,,4934,36,,,0,100,,4935,36,,,0,100,,4936,36,,,0,100,,4937,36,,,0,100,,4938,36,,,0,100,,4939,36,,,0,100,,4940,36,,,0,100,,4941,36,,,0,100,,4942,36,,,0,100,,4943,36,,,0,100,,4944,36,,,0
8200,'236.0.3',618,,4945,36,,,0,26,,4946,36,,,0,69,,4947,36,,,0,30,,4948,36,,,0,70,,4949,36,,,0,92,,4950,36,,,0,29,,4951,36,,,0,100,,4952,36,,,0,100,,4953,36,,,0,100,,4954,36,,,0,100,,4955,36,,,0,100,,4956,36,,,0,103,,4957,36,,,0,466,,4958,36,,,0,100,,4959,36,,,0,100,,4960,36,,,0,100,,4961,36,,,0
8400,'236.0.1',711,,5114,35,,,0,100,,5115,35,,,0,100,,5116,35,,,0,100,,5117,35,,,0,103,,5118,35,,,0,97,,5119,35,,,0,100,,5120,35,,,0,100,,5121,35,,,0,100,,5122,35,,,0,100,,5123,35,,,0,100,,5124,35,,,0,100,,5125,35,,,0,96,,5126,35,,,0,105,,5127,35,,,0,100,,5128,35,,,0,100,,5129,35,,,0,100,,5130,35,,,0
8400,'236.0.2',716,,5131,35,,,0,100,,5132,35,,,0,100,,5133,35,,,0,100,,5134,35,,,0,102,,5135,35,,,0,96,,5136,35,,,0,100,,5137,35,,,0,100,,5138,35,,,0,100,,5139,35,,,0,100,,5140,35,,,0,103,,5141,35,,,0,100,,5142,35,,,0,100,,5143,35,,,0,100,,5144,35,,,0,98,,5145,35,,,0,100,,5146,35,,,0,100,,5147,35,,,0
8400,'236.0.3',624,,5178,35,,,0,30,,5148,35,,,0,70,,5149,35,,,0,31,,5150,35,,,0,71,,5151,35,,,0,30,,5152,35,,,0,70,,5153,35,,,0,102,,5154,35,,,0,100,,5155,35,,,0,100,,5156,35,,,0,100,,5157,35,,,0,100,,5158,35,,,0,108,,5159,35,,,0,70,,5160,35,,,0,15,,5161,35,,,0,15,,5162,35,,,0,15,,5163,35,,,0,55,,5164,35,,,0,15,,5165,35,,,0,15,,5166,35,,,0,11,,5167,35,,,0,54,,5168,35,,,0,15,,5169,35,,,0,12,,5170,35,,,0,15,,5179,35,,,0,13,,5171,35,,,0,98,,5172,35,,,0,100,,5173,35,,,0,100,,5174,35,,,0,100,,5175,35,,,0,103,,5176,35,,,0,143,,5177,35,,,0
8501,'236.0.1',637,,5304,24,,,0,100,,5305,24,,,0,101,,5306,24,,,0,101,,5307,24,,,0,101,,5308,24,,,0,102,,5309,24,,,0,100,,5310,24,,,0,100,,5311,24,,,0,100,,5312,24,,,0,98,,5313,24,,,0,100,,5314,24,,,0,100,,5315,24,,,0,99,,5316,24,,,0,99,,5317,24,,,0,99,,5318,24,,,0,100,,5319,24,,,0,100,,5320,24,,,0
8501,'236.0.2',641,,5321,24,,,0,100,,5322,24,,,0,101,,5323,24,,,0,100,,5324,24,,,0,100,,5325,24,,,0,102,,5326,24,,,0,100,,5327,24,,,0,100,,5328,24,,,0,100,,5329,24,,,0,101,,5330,24,,,0,98,,5331,24,,,0,100,,5332,24,,,0,100,,5333,24,,,0,98,,5334,24,,,0,100,,5335,24,,,0,100,,5336,24,,,0
8501,'236.0.3',855,,5337,24,,,0,101,,5338,24,,,0,101,,5339,24,,,0,101,,5340,24,,,0,100,,5341,24,,,0,100,,5342,24,,,0,100,,5343,24,,,0,100,,5344,24,,,0,53,,5345,24,,,0,16,,5346,24,,,0,15,,5347,24,,,0,61,,5348,24,,,0,15,,5349,24,,,0,20,,5350,24,,,0,15,,5351,24,,,0,55,,5352,24,,,0,7,,5353,24,,,0,13,,5360,24,,,0,9,,5354,24,,,0,15,,5361,24,,,0,55,,5355,24,,,0,14,,5362,24,,,0,92,,5356,24,,,0,100,,5357,24,,,0,100,,5358,24,,,0,100,,5359,24,,,0
8601,'236.0.1',646,,5414,23,,,0,100,,5415,23,,,0,100,,5416,23,,,0,102,,5417,23,,,0,100,,5418,23,,,0,100,,5419,23,,,0,100,,5420,23,,,0,101,,5421,23,,,0,100,,5422,23,,,0,100,,5423,23,,,0,98,,5424,23,,,0,100,,5425,23,,,0,100,,5426,23,,,0,100,,5427,23,,,0,100,,5428,23,,,0,100,,5429,23,,,0,100,,5430,23,,,0
8601,'236.0.2',652,,5431,23,,,0,100,,5432,23,,,0,100,,5433,23,,,0,101,,5434,23,,,0,100,,5435,23,,,0,100,,5436,23,,,0,100,,5437,23,,,0,100,,5438,23,,,0,99,,5439,23,,,0,100,,5440,23,,,0,100,,5441,23,,,0,100,,5442,23,,,0,100,,5443,23,,,0,100,,5444,23,,,0,100,,5445,23,,,0,100,,5446,23,,,0
8601,'236.0.3',856,,5447,23,,,0,100,,5448,23,,,0,100,,5449,23,,,0,100,,5450,23,,,0,100,,5451,23,,,0,100,,5452,23,,,0,100,,5453,23,,,0,145,,5454,23,,,0,31,,5455,23,,,0,75,,5456,23,,,0,34,,5457,23,,,0,67,,5458,23,,,0,22,,5459,23,,,0,25,,5460,23,,,0,160,,5461,23,,,0,100,,5462,23,,,0,100,,5463,23,,,0,100,,5464,23,,,0
8700,'236.0.1',708,,5465,35,,,0,30,,5466,35,,,0,70,,5467,35,,,0,30,,5468,35,,,0,70,,5469,35,,,0,30,,5470,35,,,0,67,,5471,35,,,0,30,,5472,35,,,0,71,,5473,35,,,0,32,,5474,35,,,0,70,,5475,35,,,0,30,,5476,35,,,0,70,,5477,35,,,0,30,,5478,35,,,0,70,,5479,35,,,0,30,,5480,35,,,0,70,,5481,35,,,0,30,,5482,35,,,0,70,,5483,35,,,0,30,,5484,35,,,0,69,,5485,35,,,0,30,,5486,35,,,0,70,,5487,35,,,0,30,,5488,35,,,0,68,,5489,35,,,0,102,,5490,35,,,0,100,,5491,35,,,0,100,,5492,35,,,0,100,,5493,35,,,0,100,,5494,35,,,0
8700,'236.0.2',709,,5495,35,,,0,100,,5496,35,,,0,102,,5497,35,,,0,100,,5498,35,,,0,101,,5499,35,,,0,101,,5500,35,,,0,100,,5501,35,,,0,100,,5502,35,,,0,100,,5503,35,,,0,100,,5504,35,,,0,100,,5505,35,,,0,100,,5506,35,,,0,98,,5507,35,,,0,100,,5508,35,,,0,100,,5509,35,,,0,100,,5510,35,,,0,100,,5511,35,,,0
8700,'236.0.3',714,,5512,35,,,0,30,,5513,35,,,0,70,,5514,35,,,0,31,,5515,35,,,0,70,,5516,35,,,0,30,,5517,35,,,0,70,,5518,35,,,0,30,,5519,35,,,0,70,,5520,35,,,0,30,,5521,35,,,0,71,,5522,35,,,0,30,,5523,35,,,0,70,,5524,35,,,0,30,,5525,35,,,0,70,,5526,35,,,0,30,,5527,35,,,0,70,,5528,35,,,0,30,,5529,35,,,0,76,,5530,35,,,0,33,,5531,35,,,0,70,,5532,35,,,0,27,,5533,35,,,0,69,,5534,35,,,0,25,,5535,35,,,0,86,,5536,35,,,0,100,,5537,35,,,0,100,,5538,35,,,0,100,,5539,35,,,0,100,,5540,35,,,0,100,,5541,35,,,0
18200,'236.0.3',1557,,6179,57,,,0,55,,6180,57,,,0,17,,6181,57,,,0,18,,6182,57,,,0,54,,6183,57,,,0,17,,6184,57,,,0,14,,6185,57,,,0,11,,6186,57,,,0,12,,6187,57,,,0,55,,6188,57,,,0,11,,6189,57,,,0,15,,6190,57,,,0,15,,6192,57,,,0,54,,6191,57,,,0,16,,6193,57,,,0
18501,'236.0.3',558,,6234,24,,,0,55,,6244,24,,,0,15,,6235,24,,,0,15,,6236,24,,,0,15,,6237,24,,,0,55,,6243,24,,,0,15,,6238,24,,,0,15,,6239,24,,,0,14,,6240,24,,,0,55,,6241,24,,,0,15,,6242,24,,,0,15,,6245,24,,,0
18601,'236.0.3',605,,6252,23,,,0,30,,6253,23,,,0,70,,6254,23,,,0,30,,6255,23,,,0,70,,6256,23,,,0,30,,6257,23,,,0
