201,'220.0.1',558,,955,,,0,100,,956,,,0,100,,957,,,0,55,,958,,,0,15,,959,,,0,15,,960,,,0,15,,961,,,0,55,,962,,,0,15,,963,,,0,15,,964,,,0,15,,965,,,0,55,,966,,,0,15,,967,,,0,15,,968,,,0,15,,969,,,0,55,,970,,,0,15,,971,,,0,15,,972,,,0,15,,973,,,0,55,,974,,,0,15,,975,,,0,15,,976,,,0,15,,977,,,0,55,,978,,,0,15,,979,,,0,15,,980,,,0,15,,981,,,0,55,,982,,,0,15,,983,,,0,15,,984,,,0,15,,985,,,0,55,,986,,,0,15,,987,,,0,15,,988,,,0,15,,989,,,0,55,,990,,,0,15,,991,,,0,15,,992,,,0,15,,993,,,0,55,,994,,,0,15,,995,,,0,15,,996,,,0,15,,997,,,0,55,,998,,,0,15,,999,,,0,15,,1000,,,0,15,,1001,,,0,70,,1002,,,0,30,,1003,,,0,70,,1004,,,0,30,,1005,,,0,70,,1006,,,0,30,,1007,,,0,70,,1008,,,0,30,,1009,,,0,70,,1010,,,0,30,,1011,,,0,70,,1012,,,0
201,'220.0.2',608,,1013,,,0,100,,1014,,,0,95,,1015,,,0,20,,1016,,,0,20,,1017,,,0,60,,1018,,,0,20,,1019,,,0,20,,1020,,,0,60,,1021,,,0,20,,1022,,,0,20,,1023,,,0,60,,1024,,,0,20,,1025,,,0,20,,1026,,,0,60,,1027,,,0,20,,1028,,,0,20,,1029,,,0,60,,1030,,,0,20,,1031,,,0,20,,1032,,,0,60,,1033,,,0,20,,1034,,,0,20,,1035,,,0,60,,1036,,,0,20,,1037,,,0,20,,1038,,,0,60,,1039,,,0,20,,1040,,,0,20,,1041,,,0,60,,1042,,,0,20,,1043,,,0,20,,1044,,,0,15,,1045,,,0,70,,1046,,,0,30,,1047,,,0,70,,1048,,,0,30,,1049,,,0,70,,1050,,,0,30,,1051,,,0,70,,1052,,,0,30,,1053,,,0,70,,1054,,,0,30,,1055,,,0,70,,1056,,,0,30,,1057,,,0
201,'220.0.3',528,,1058,,,0,30,,1059,,,0,70,,1060,,,0,15,,1061,,,0,15,,1062,,,0,57,,1063,,,0,16,,1064,,,0,15,,1065,,,0,55,,1066,,,0,15,,1067,,,0,15,,1068,,,0,15,,1069,,,0,54,,1070,,,0,15,,1071,,,0,15,,1072,,,0,15,,1073,,,0,55,,1074,,,0,15,,1075,,,0,15,,1076,,,0,15,,1077,,,0,55,,1078,,,0,15,,1079,,,0,15,,1080,,,0,15,,1081,,,0,55,,1082,,,0,15,,1083,,,0,15,,1084,,,0,15,,1085,,,0,55,,1086,,,0,15,,1087,,,0,15,,1088,,,0,15,,1089,,,0,55,,1090,,,0,15,,1091,,,0,15,,1092,,,0,15,,1093,,,0,55,,1094,,,0,15,,1095,,,0,15,,1096,,,0,15,,1097,,,0,55,,1098,,,0,15,,1099,,,0,15,,1100,,,0,15,,1101,,,0,55,,1102,,,0,15,,1103,,,0,15,,1104,,,0,15,,1105,,,0,55,,1106,,,0,15,,1107,,,0,15,,1108,,,0,70,,1109,,,0,30,,1110,,,0,70,,1111,,,0,30,,1112,,,0,70,,1113,,,0,30,,1114,,,0,70,,1115,,,0,30,,1116,,,0,70,,1117,,,0,30,,1118,,,0,70,,1119,,,0,30,,1120,,,0
201,'220.0.4',528,,1121,,,0,30,,1122,,,0,70,,1123,,,0,15,,1124,,,0,15,,1125,,,0,57,,1126,,,0,16,,1127,,,0,15,,1128,,,0,55,,1129,,,0,15,,1130,,,0,15,,1131,,,0,15,,1132,,,0,54,,1133,,,0,15,,1134,,,0,15,,1135,,,0,15,,1136,,,0,55,,1137,,,0,15,,1138,,,0,15,,1139,,,0,15,,1140,,,0,55,,1141,,,0,15,,1142,,,0,15,,1143,,,0,15,,1144,,,0,55,,1145,,,0,15,,1146,,,0,15,,1147,,,0,15,,1148,,,0,55,,1149,,,0,15,,1150,,,0,15,,1151,,,0,15,,1152,,,0,55,,1153,,,0,15,,1154,,,0,15,,1155,,,0,15,,1156,,,0,55,,1157,,,0,15,,1158,,,0,15,,1159,,,0,15,,1160,,,0,55,,1161,,,0,15,,1162,,,0,15,,1163,,,0,15,,1164,,,0,55,,1165,,,0,15,,1166,,,0,15,,1167,,,0,15,,1168,,,0,55,,1169,,,0,15,,1170,,,0,15,,1171,,,0,70,,1172,,,0,30,,1173,,,0,70,,1174,,,0,30,,1175,,,0,70,,1176,,,0,30,,1177,,,0,70,,1178,,,0,30,,1179,,,0,70,,1180,,,0,30,,1181,,,0,70,,1182,,,0,30,,1183,,,0,70,,1184,,,0,30,,1185,,,0,70,,1186,,,0
13600,'220.0.3',627,,8817,,,0,27,,8818,,,0,54,,8819,,,0,13,,8820,,,0,14,,8821,,,0,16,,8822,,,0,49,,8823,,,0,19,,8824,,,0
13600,'220.0.4',627,,8825,,,0,27,,8826,,,0,54,,8827,,,0,13,,8828,,,0,14,,8829,,,0,16,,8830,,,0,49,,8831,,,0,19,,8832,,,0
13700,'220.0.3',630,,8853,,,0,24,,8849,,,0,58,,8854,,,0,8,,8850,,,0,29,,8851,,,0,70,,8852,,,0
13700,'220.0.4',630,,8859,,,0,24,,8855,,,0,58,,8860,,,0,8,,8856,,,0,29,,8857,,,0,70,,8858,,,0
13800,'220.0.3',614,,8873,,,0,29,,8874,,,0,14,,8875,,,0,54,,8876,,,0,28,,8877,,,0,5,,8878,,,0,64,,8879,,,0
13800,'220.0.4',614,,8880,,,0,29,,8881,,,0,14,,8882,,,0,54,,8883,,,0,28,,8884,,,0,5,,8885,,,0,64,,8886,,,0
