6700,'236.0.1',816,,4539,29,,,0,100,,4540,29,,,0,104,,4541,29,,,0,103,,4542,29,,,0,100,,4543,29,,,0,100,,4544,29,,,0,100,,4545,29,,,0,100,,4546,29,,,0,100,,4547,29,,,0,100,,4548,29,,,0,100,,4549,29,,,0,94,,4550,29,,,0,99,,4551,29,,,0,100,,4552,29,,,0,100,,4553,29,,,0,100,,4554,29,,,0
6700,'236.0.2',814,,4555,29,,,0,100,,4556,29,,,0,100,,4557,29,,,0,106,,4558,29,,,0,102,,4559,29,,,0,100,,4560,29,,,0,100,,4561,29,,,0,100,,4562,29,,,0,100,,4563,29,,,0,100,,4564,29,,,0,97,,4565,29,,,0,98,,4566,29,,,0,100,,4567,29,,,0,100,,4568,29,,,0,97,,4569,29,,,0,100,,4570,29,,,0
6700,'236.0.3',630,,4571,29,,,0,70,,4572,29,,,0,30,,4573,29,,,0,70,,4574,29,,,0,30,,4575,29,,,0,70,,4576,29,,,0,30,,4577,29,,,0,100,,4578,29,,,0,100,,4579,29,,,0,100,,4580,29,,,0,100,,4581,29,,,0,100,,4582,29,,,0,100,,4583,29,,,0,70,,4584,29,,,0,30,,4585,29,,,0,70,,4586,29,,,0,30,,4587,29,,,0,70,,4588,29,,,0,30,,4589,29,,,0,70,,4590,29,,,0,100,,4591,29,,,0,100,,4592,29,,,0,100,,4593,29,,,0,100,,4594,29,,,0
1000601,'236.0.3',543,,6531,15,,,0,70,,6532,15,,,0,30,,6533,15,,,0,70,,6534,15,,,0,30,,6535,15,,,0,70,,6536,15,,,0,30,,6537,15,,,0,70,,6538,15,,,0,15,,6539,15,,,0,30,,6540,15,,,0,70,,6541,15,,,0,30,,6542,15,,,0,70,,6543,15,,,0,30,,6544,15,,,0,70,,6545,15,,,0,30,,6546,15,,,0,70,,6547,15,,,0,30,,6548,15,,,0,70,,6549,15,,,0,30,,6550,15,,,0,55,,6551,15,,,0,30,,6552,15,,,0,70,,6553,15,,,0,30,,6554,15,,,0,70,,6555,15,,,0,30,,6556,15,,,0,70,,6557,15,,,0,30,,6558,15,,,0
2000601,'236.0.1',608,,7540,15,,,0,100,,7541,15,,,0,101,,7542,15,,,0,100,,7543,15,,,0,101,,7544,15,,,0,100,,7545,15,,,0,100,,7546,15,,,0,100,,7547,15,,,0,100,,7548,15,,,0,100,,7549,15,,,0,100,,7550,15,,,0,99,,7551,15,,,0,100,,7552,15,,,0,100,,7553,15,,,0,100,,7554,15,,,0,100,,7555,15,,,0,100,,7556,15,,,0,100,,7557,15,,,0,100,,7558,15,,,0
2000601,'236.0.2',608,,7560,15,,,0,100,,7561,15,,,0,100,,7562,15,,,0,102,,7563,15,,,0,100,,7564,15,,,0,100,,7565,15,,,0,100,,7566,15,,,0,100,,7567,15,,,0,100,,7568,15,,,0,100,,7569,15,,,0,100,,7570,15,,,0,100,,7571,15,,,0,100,,7572,15,,,0,99,,7573,15,,,0,100,,7574,15,,,0,100,,7575,15,,,0,100,,7576,15,,,0,100,,7577,15,,,0,100,,7578,15,,,0
2000601,'236.0.3',549,,7581,15,,,0,70,,7582,15,,,0,31,,7583,15,,,0,70,,7584,15,,,0,30,,7585,15,,,0,70,,7586,15,,,0,31,,7587,15,,,0,65,,7588,15,,,0,100,,7589,15,,,0,100,,7590,15,,,0,100,,7591,15,,,0,100,,7592,15,,,0,100,,7593,15,,,0,104,,7594,15,,,0,30,,7595,15,,,0,70,,7596,15,,,0,30,,7597,15,,,0,69,,7598,15,,,0,30,,7599,15,,,0,70,,7600,15,,,0,100,,7601,15,,,0,100,,7602,15,,,0,100,,7603,15,,,0,99,,7604,15,,,0,100,,7605,15,,,0,100,,7606,15,,,0
3000601,'236.0.1',638,,8554,15,,,0,100,,8555,15,,,0,100,,8556,15,,,0,100,,8557,15,,,0,101,,8558,15,,,0,100,,8559,15,,,0,101,,8560,15,,,0,100,,8561,15,,,0,100,,8562,15,,,0,100,,8563,15,,,0,100,,8564,15,,,0,100,,8565,15,,,0,99,,8566,15,,,0,100,,8567,15,,,0,100,,8568,15,,,0,100,,8569,15,,,0,100,,8570,15,,,0,100,,8571,15,,,0,100,,8572,15,,,0
3000601,'236.0.2',638,,8574,15,,,0,100,,8575,15,,,0,100,,8576,15,,,0,100,,8577,15,,,0,102,,8578,15,,,0,100,,8579,15,,,0,100,,8580,15,,,0,100,,8581,15,,,0,100,,8582,15,,,0,100,,8583,15,,,0,100,,8584,15,,,0,100,,8585,15,,,0,100,,8586,15,,,0,100,,8587,15,,,0,99,,8588,15,,,0,100,,8589,15,,,0,100,,8590,15,,,0,100,,8591,15,,,0,100,,8592,15,,,0
3000601,'236.0.3',604,,8594,15,,,0,30,,8595,15,,,0,70,,8596,15,,,0,31,,8597,15,,,0,70,,8598,15,,,0,30,,8599,15,,,0,70,,8600,15,,,0,40,,8601,15,,,0,100,,8602,15,,,0,100,,8603,15,,,0,101,,8604,15,,,0,100,,8605,15,,,0,100,,8606,15,,,0,89,,8607,15,,,0,70,,8608,15,,,0,30,,8609,15,,,0,70,,8610,15,,,0,30,,8611,15,,,0,69,,8612,15,,,0,30,,8613,15,,,0,116,,8614,15,,,0,100,,8615,15,,,0,100,,8616,15,,,0,99,,8617,15,,,0,100,,8618,15,,,0,100,,8619,15,,,0
