400,'236.0.1',555,,1112,7,,,0,100,,1113,7,,,0,100,,1114,7,,,0,70,,1115,7,,,0,30,,1116,7,,,0,70,,1117,7,,,0,31,,1118,7,,,0,70,,1119,7,,,0,30,,1120,7,,,0,70,,1121,7,,,0,30,,1122,7,,,0,70,,1123,7,,,0,30,,1124,7,,,0,70,,1125,7,,,0,30,,1126,7,,,0,70,,1127,7,,,0,30,,1128,7,,,0,70,,1129,7,,,0,30,,1130,7,,,0,70,,1131,7,,,0,30,,1132,7,,,0,70,,1133,7,,,0,30,,1134,7,,,0,70,,1135,7,,,0,30,,1136,7,,,0,70,,1137,7,,,0,30,,1138,7,,,0,70,,1139,7,,,0,30,,1140,7,,,0,69,,1141,7,,,0,30,,1142,7,,,0,100,,1143,7,,,0,100,,1144,7,,,0
400,'236.0.2',650,,1145,7,,,0,70,,1146,7,,,0,30,,1147,7,,,0,70,,1148,7,,,0,30,,1149,7,,,0,70,,1150,7,,,0,30,,1151,7,,,0,70,,1152,7,,,0,30,,1153,7,,,0,70,,1154,7,,,0,30,,1155,7,,,0,70,,1156,7,,,0,30,,1157,7,,,0,70,,1158,7,,,0,30,,1159,7,,,0,70,,1160,7,,,0,30,,1161,7,,,0,70,,1162,7,,,0,30,,1163,7,,,0,70,,1164,7,,,0,30,,1165,7,,,0,70,,1166,7,,,0,30,,1167,7,,,0,70,,1168,7,,,0,30,,1169,7,,,0,70,,1170,7,,,0,30,,1171,7,,,0,100,,1172,7,,,0,100,,1173,7,,,0,100,,1174,7,,,0,100,,1175,7,,,0
400,'236.0.3',605,,1176,7,,,0,20,,1177,7,,,0,20,,1178,7,,,0,60,,1179,7,,,0,15,,1180,7,,,0,16,,1181,7,,,0,15,,1182,7,,,0,55,,1183,7,,,0,15,,1184,7,,,0,15,,1185,7,,,0,15,,1186,7,,,0,55,,1187,7,,,0,15,,1188,7,,,0,15,,1189,7,,,0,15,,1190,7,,,0,55,,1191,7,,,0,15,,1192,7,,,0,15,,1193,7,,,0,15,,1194,7,,,0,55,,1195,7,,,0,15,,1196,7,,,0,16,,1197,7,,,0,15,,1198,7,,,0,55,,1199,7,,,0,15,,1200,7,,,0,15,,1201,7,,,0,15,,1202,7,,,0,55,,1203,7,,,0,10,,1204,7,,,0,10,,1205,7,,,0,10,,1206,7,,,0,10,,1207,7,,,0,10,,1208,7,,,0,50,,1209,7,,,0,8,,1210,7,,,0,8,,1211,7,,,0,8,,1212,7,,,0,8,,1213,7,,,0,8,,1214,7,,,0,8,,1215,7,,,0,48,,1216,7,,,0,8,,1217,7,,,0,8,,1218,7,,,0,8,,1219,7,,,0,8,,1220,7,,,0,8,,1221,7,,,0,8,,1222,7,,,0,8,,1223,7,,,0,48,,1224,7,,,0,8,,1225,7,,,0,8,,1226,7,,,0,8,,1227,7,,,0,8,,1228,7,,,0,8,,1229,7,,,0,56,,1230,7,,,0,8,,1231,7,,,0,8,,1232,7,,,0,8,,1233,7,,,0,8,,1234,7,,,0,8,,1235,7,,,0,9,,1236,7,,,0,54,,1237,7,,,0,15,,1238,7,,,0,15,,1239,7,,,0,20,,1240,7,,,0,60,,1241,7,,,0,20,,1242,7,,,0,20,,1243,7,,,0,60,,1244,7,,,0,20,,1245,7,,,0,20,,1246,7,,,0,59,,1247,7,,,0,20,,1248,7,,,0,20,,1249,7,,,0,70,,1250,7,,,0,30,,1251,7,,,0,70,,1252,7,,,0,30,,1253,7,,,0,70,,1254,7,,,0,30,,1255,7,,,0
400,'236.1141.3',1655,,1256,7,,,0
400,'236.1143.3',1655,,1257,7,,,0
2401,'236.0.1',613,,2451,3,,,0,30,,2452,3,,,0,70,,2453,3,,,0,30,,2454,3,,,0,70,,2455,3,,,0,30,,2456,3,,,0,70,,2457,3,,,0,30,,2458,3,,,0,73,,2459,3,,,0,31,,2460,3,,,0,70,,2461,3,,,0,31,,2462,3,,,0,72,,2463,3,,,0,30,,2464,3,,,0,70,,2465,3,,,0,30,,2466,3,,,0,70,,2467,3,,,0,30,,2468,3,,,0,68,,2469,3,,,0,30,,2470,3,,,0,70,,2471,3,,,0,30,,2472,3,,,0,70,,2473,3,,,0,30,,2474,3,,,0,70,,2475,3,,,0,27,,2476,3,,,0,67,,2477,3,,,0,30,,2478,3,,,0,70,,2479,3,,,0,30,,2480,3,,,0,70,,2481,3,,,0,30,,2482,3,,,0,70,,2483,3,,,0,30,,2484,3,,,0,70,,2485,3,,,0,30,,2486,3,,,0
2401,'236.0.2',611,,2487,3,,,0,30,,2488,3,,,0,70,,2489,3,,,0,30,,2490,3,,,0,70,,2491,3,,,0,30,,2492,3,,,0,70,,2493,3,,,0,32,,2494,3,,,0,74,,2495,3,,,0,30,,2496,3,,,0,70,,2497,3,,,0,30,,2498,3,,,0,70,,2499,3,,,0,30,,2500,3,,,0,70,,2501,3,,,0,30,,2502,3,,,0,70,,2503,3,,,0,30,,2504,3,,,0,70,,2505,3,,,0,30,,2506,3,,,0,70,,2507,3,,,0,30,,2508,3,,,0,70,,2509,3,,,0,30,,2510,3,,,0,70,,2511,3,,,0,28,,2512,3,,,0,68,,2513,3,,,0,30,,2514,3,,,0,70,,2515,3,,,0,30,,2516,3,,,0,70,,2517,3,,,0,30,,2518,3,,,0,70,,2519,3,,,0,30,,2520,3,,,0,70,,2521,3,,,0,30,,2522,3,,,0
2401,'236.0.3',646,,2523,3,,,0,70,,2524,3,,,0,34,,2525,3,,,0,71,,2526,3,,,0,30,,2527,3,,,0,70,,2528,3,,,0,25,,2529,3,,,0,70,,2530,3,,,0,30,,2531,3,,,0,70,,2532,3,,,0,31,,2533,3,,,0,70,,2534,3,,,0,30,,2535,3,,,0,70,,2536,3,,,0,30,,2537,3,,,0,70,,2538,3,,,0,30,,2539,3,,,0,70,,2540,3,,,0,30,,2541,3,,,0,70,,2542,3,,,0,30,,2543,3,,,0,70,,2544,3,,,0,30,,2545,3,,,0,70,,2546,3,,,0,30,,2547,3,,,0,68,,2548,3,,,0,26,,2549,3,,,0,70,,2550,3,,,0,30,,2551,3,,,0,70,,2552,3,,,0,30,,2553,3,,,0,70,,2554,3,,,0,30,,2555,3,,,0,70,,2556,3,,,0,30,,2557,3,,,0,70,,2558,3,,,0
1001000,'236.0.3',626,,7069,7,,,0,19,,7070,7,,,0,59,,7071,7,,,0,28,,7072,7,,,0,18,,7073,7,,,0,57,,7074,7,,,0,20,,7075,7,,,0,20,,7076,7,,,0,60,,7077,7,,,0,500,,7078,7,,,0,19,,7079,7,,,0,20,,7080,7,,,0,60,,7081,7,,,0,20,,7082,7,,,0,21,,7083,7,,,0,60,,7084,7,,,0,20,,7085,7,,,0,20,,7086,7,,,0,10,,7087,7,,,0,70,,7088,7,,,0,20,,7089,7,,,0,60,,7090,7,,,0,19,,7091,7,,,0
2001000,'236.0.1',635,,8072,7,,,0,85,,8073,7,,,0,30,,8074,7,,,0,70,,8075,7,,,0,30,,8076,7,,,0,70,,8077,7,,,0,31,,8078,7,,,0,70,,8079,7,,,0,30,,8080,7,,,0,70,,8081,7,,,0,30,,8082,7,,,0,70,,8083,7,,,0,30,,8084,7,,,0,70,,8085,7,,,0,30,,8086,7,,,0,70,,8087,7,,,0,30,,8088,7,,,0,70,,8089,7,,,0,30,,8090,7,,,0,70,,8091,7,,,0,30,,8092,7,,,0,70,,8093,7,,,0,30,,8094,7,,,0,70,,8095,7,,,0,30,,8096,7,,,0,70,,8097,7,,,0,30,,8098,7,,,0,85,,8099,7,,,0,100,,8100,7,,,0,100,,8101,7,,,0,100,,8102,7,,,0
2001000,'236.0.2',635,,8103,7,,,0,115,,8104,7,,,0,70,,8105,7,,,0,30,,8106,7,,,0,70,,8107,7,,,0,31,,8108,7,,,0,70,,8109,7,,,0,30,,8110,7,,,0,70,,8111,7,,,0,30,,8112,7,,,0,70,,8113,7,,,0,30,,8114,7,,,0,70,,8115,7,,,0,30,,8116,7,,,0,70,,8117,7,,,0,30,,8118,7,,,0,70,,8119,7,,,0,30,,8120,7,,,0,70,,8121,7,,,0,30,,8122,7,,,0,70,,8123,7,,,0,30,,8124,7,,,0,85,,8125,7,,,0,99,,8126,7,,,0,100,,8127,7,,,0,100,,8128,7,,,0,100,,8129,7,,,0,100,,8130,7,,,0,100,,8131,7,,,0
2001000,'236.0.3',548,,8132,7,,,0,91,,8133,7,,,0,20,,8134,7,,,0,60,,8135,7,,,0,20,,8136,7,,,0,20,,8137,7,,,0,61,,8138,7,,,0,20,,8139,7,,,0,60,,8140,7,,,0,37,,8141,7,,,0,70,,8142,7,,,0,30,,8143,7,,,0,70,,8144,7,,,0,30,,8145,7,,,0,70,,8146,7,,,0,30,,8147,7,,,0,70,,8148,7,,,0,30,,8149,7,,,0,65,,8150,7,,,0,17,,8151,7,,,0,20,,8152,7,,,0,20,,8153,7,,,0,60,,8154,7,,,0,21,,8155,7,,,0,60,,8156,7,,,0,20,,8157,7,,,0,20,,8158,7,,,0,60,,8159,7,,,0,20,,8160,7,,,0,20,,8161,7,,,0,60,,8162,7,,,0,19,,8163,7,,,0,23,,8164,7,,,0,60,,8165,7,,,0,24,,8166,7,,,0,30,,8167,7,,,0,70,,8168,7,,,0,30,,8169,7,,,0,70,,8170,7,,,0
3001000,'236.0.1',605,,8621,7,,,0,100,,8622,7,,,0,30,,8623,7,,,0,70,,8624,7,,,0,30,,8625,7,,,0,70,,8626,7,,,0,31,,8627,7,,,0,70,,8628,7,,,0,30,,8629,7,,,0,70,,8630,7,,,0,30,,8631,7,,,0,70,,8632,7,,,0,30,,8633,7,,,0,70,,8634,7,,,0,30,,8635,7,,,0,70,,8636,7,,,0,30,,8637,7,,,0,70,,8638,7,,,0,30,,8639,7,,,0,70,,8640,7,,,0,30,,8641,7,,,0,70,,8642,7,,,0,30,,8643,7,,,0,70,,8644,7,,,0,30,,8645,7,,,0,70,,8646,7,,,0,100,,8647,7,,,0,100,,8648,7,,,0,100,,8649,7,,,0,100,,8650,7,,,0,100,,8651,7,,,0
3001000,'236.0.2',605,,8653,7,,,0,100,,8654,7,,,0,30,,8655,7,,,0,70,,8656,7,,,0,30,,8657,7,,,0,70,,8658,7,,,0,30,,8659,7,,,0,71,,8660,7,,,0,30,,8661,7,,,0,70,,8662,7,,,0,30,,8663,7,,,0,70,,8664,7,,,0,30,,8665,7,,,0,70,,8666,7,,,0,30,,8667,7,,,0,70,,8668,7,,,0,30,,8669,7,,,0,70,,8670,7,,,0,30,,8671,7,,,0,70,,8672,7,,,0,30,,8673,7,,,0,70,,8674,7,,,0,30,,8675,7,,,0,70,,8676,7,,,0,100,,8677,7,,,0,99,,8678,7,,,0,100,,8679,7,,,0,100,,8680,7,,,0,100,,8681,7,,,0
3001000,'236.0.3',553,,8685,7,,,0,59,,8686,7,,,0,20,,8687,7,,,0,19,,8688,7,,,0,58,,8689,7,,,0,17,,8690,7,,,0,18,,8691,7,,,0,70,,8692,7,,,0,20,,8693,7,,,0,20,,8694,7,,,0,68,,8695,7,,,0,30,,8696,7,,,0,70,,8697,7,,,0,30,,8698,7,,,0,70,,8699,7,,,0,30,,8700,7,,,0,70,,8701,7,,,0,30,,8702,7,,,0,70,,8703,7,,,0,30,,8704,7,,,0,60,,8705,7,,,0,20,,8706,7,,,0,20,,8707,7,,,0,60,,8708,7,,,0,20,,8709,7,,,0,21,,8710,7,,,0,60,,8711,7,,,0,20,,8712,7,,,0,20,,8713,7,,,0,60,,8714,7,,,0,20,,8715,7,,,0,20,,8716,7,,,0,59,,8717,7,,,0,20,,8718,7,,,0,20,,8719,7,,,0,59,,8720,7,,,0,30,,8721,7,,,0,70,,8722,7,,,0,30,,8723,7,,,0,70,,8724,7,,,0,30,,8725,7,,,0,68,,8726,7,,,0,30,,8727,7,,,0,70,,8728,7,,,0,30,,8729,7,,,0,70,,8730,7,,,0
