9001,'236.0.1',634,,5813,60,,,0,70,,5814,60,,,0,30,,5815,60,,,0,66,,5816,60,,,0,31,,5817,60,,,0,70,,5818,60,,,0,30,,5819,60,,,0,26,,5820,60,,,0,74,,5821,60,,,0,71,,5822,60,,,0,30,,5823,60,,,0,70,,5824,60,,,0,30,,5825,60,,,0,70,,5826,60,,,0,30,,5827,60,,,0,70,,5828,60,,,0,30,,5829,60,,,0,70,,5830,60,,,0,30,,5831,60,,,0,70,,5832,60,,,0,30,,5833,60,,,0,70,,5834,60,,,0,30,,5835,60,,,0,74,,5836,60,,,0,25,,5837,60,,,0,69,,5838,60,,,0,30,,5839,60,,,0,70,,5840,60,,,0,30,,5841,60,,,0,98,,5842,60,,,0,100,,5843,60,,,0,100,,5844,60,,,0,100,,5845,60,,,0
9001,'236.0.2',622,,5846,60,,,0,100,,5847,60,,,0,100,,5848,60,,,0,100,,5849,60,,,0,100,,5850,60,,,0,102,,5851,60,,,0,100,,5852,60,,,0,102,,5853,60,,,0,100,,5854,60,,,0,98,,5855,60,,,0,100,,5856,60,,,0,99,,5857,60,,,0,98,,5858,60,,,0,103,,5859,60,,,0,105,,5860,60,,,0,98,,5861,60,,,0,97,,5862,60,,,0,99,,5863,60,,,0
9001,'236.0.3',609,,5864,60,,,0,30,,5865,60,,,0,73,,5866,60,,,0,24,,5898,60,,,0,13,,5867,60,,,0,55,,5899,60,,,0,10,,5868,60,,,0,16,,5900,60,,,0,15,,5869,60,,,0,13,,5901,60,,,0,51,,5870,60,,,0,15,,5902,60,,,0,15,,5871,60,,,0,70,,5872,60,,,0,25,,5873,60,,,0,70,,5874,60,,,0,30,,5875,60,,,0,70,,5876,60,,,0,30,,5877,60,,,0,70,,5878,60,,,0,30,,5879,60,,,0,70,,5880,60,,,0,30,,5881,60,,,0,70,,5882,60,,,0,33,,5883,60,,,0,73,,5884,60,,,0,21,,5903,60,,,0,22,,5885,60,,,0,48,,5904,60,,,0,25,,5886,60,,,0,15,,5905,60,,,0,13,,5887,60,,,0,52,,5906,60,,,0,12,,5888,60,,,0,13,,5907,60,,,0,13,,5889,60,,,0,12,,5908,60,,,0,53,,5890,60,,,0,12,,5909,60,,,0,13,,5891,60,,,0,70,,5892,60,,,0,26,,5893,60,,,0,70,,5894,60,,,0,100,,5895,60,,,0,100,,5896,60,,,0,100,,5897,60,,,0
13501,'236.0.3',1516,,6080,3,,,0,30,,6081,3,,,0,69,,6082,3,,,0,30,,6083,3,,,0,70,,6084,3,,,0,32,,6085,3,,,0,70,,6086,3,,,0
13601,'236.0.3',1505,,6095,3,,,0,30,,6096,3,,,0,70,,6097,3,,,0,14,,6098,3,,,0,15,,6099,3,,,0,70,,6100,3,,,0,33,,6101,3,,,0,70,,6102,3,,,0
13701,'236.0.3',1526,,6109,3,,,0,30,,6110,3,,,0,69,,6111,3,,,0,30,,6112,3,,,0,71,,6113,3,,,0,30,,6114,3,,,0
13801,'236.0.3',1530,,6122,3,,,0,70,,6123,3,,,0,29,,6124,3,,,0,30,,6125,3,,,0,73,,6126,3,,,0,70,,6127,3,,,0,20,,6128,3,,,0
15800,'236.0.3',1539,,6129,3,,,0,70,,6130,3,,,0,30,,6131,3,,,0,70,,6132,3,,,0
15900,'236.0.3',1502,,6137,3,,,0,20,,6138,3,,,0,20,,6139,3,,,0,60,,6140,3,,,0,20,,6141,3,,,0,20,,6144,3,,,0,60,,6145,3,,,0,20,,6142,3,,,0,20,,6143,3,,,0
16101,'236.0.3',1506,,6166,3,,,0,30,,6161,3,,,0,70,,6162,3,,,0,30,,6163,3,,,0,70,,6164,3,,,0,30,,6165,3,,,0
16500,'236.0.3',1519,,6167,3,,,0,30,,6168,3,,,0,70,,6169,3,,,0,30,,6170,3,,,0,70,,6171,3,,,0,30,,6172,3,,,0
1016800,'236.0.3',1458,,7458,3,,,0,70,,7459,3,,,0,30,,7460,3,,,0,70,,7461,3,,,0,30,,7462,3,,,0,70,,7463,3,,,0,30,,7464,3,,,0
2016800,'236.0.3',1515,,8474,3,,,0,30,,8475,3,,,0,70,,8476,3,,,0,30,,8477,3,,,0,70,,8478,3,,,0,30,,8479,3,,,0
