500,'236.0.1',642,,1401,10,,,0,60,,1402,10,,,0,20,,1403,10,,,0,20,,1404,10,,,0,60,,1405,10,,,0,20,,1406,10,,,0,20,,1407,10,,,0,61,,1408,10,,,0,20,,1409,10,,,0,20,,1410,10,,,0,60,,1411,10,,,0,20,,1412,10,,,0,20,,1413,10,,,0,61,,1414,10,,,0,20,,1415,10,,,0,20,,1416,10,,,0,60,,1417,10,,,0,20,,1418,10,,,0,20,,1419,10,,,0,60,,1420,10,,,0,20,,1421,10,,,0,20,,1422,10,,,0,60,,1423,10,,,0,20,,1424,10,,,0,20,,1425,10,,,0,59,,1426,10,,,0,20,,1427,10,,,0,20,,1428,10,,,0,60,,1429,10,,,0,20,,1430,10,,,0,20,,1431,10,,,0,60,,1432,10,,,0,20,,1433,10,,,0,20,,1434,10,,,0,60,,1435,10,,,0,20,,1436,10,,,0,20,,1437,10,,,0,60,,1438,10,,,0,20,,1439,10,,,0,20,,1440,10,,,0,60,,1441,10,,,0,20,,1442,10,,,0,20,,1443,10,,,0,60,,1444,10,,,0,20,,1445,10,,,0,20,,1446,10,,,0,60,,1447,10,,,0,20,,1448,10,,,0,30,,1449,10,,,0,70,,1450,10,,,0,30,,1451,10,,,0,70,,1452,10,,,0,30,,1453,10,,,0,70,,1454,10,,,0
500,'236.0.2',642,,1455,10,,,0,70,,1456,10,,,0,30,,1457,10,,,0,70,,1458,10,,,0,30,,1459,10,,,0,70,,1460,10,,,0,30,,1461,10,,,0,71,,1462,10,,,0,30,,1463,10,,,0,70,,1464,10,,,0,30,,1465,10,,,0,70,,1466,10,,,0,30,,1467,10,,,0,70,,1468,10,,,0,30,,1469,10,,,0,70,,1470,10,,,0,30,,1471,10,,,0,70,,1472,10,,,0,30,,1473,10,,,0,70,,1474,10,,,0,30,,1475,10,,,0,70,,1476,10,,,0,30,,1477,10,,,0,70,,1478,10,,,0,30,,1479,10,,,0,70,,1480,10,,,0,30,,1481,10,,,0,70,,1482,10,,,0,30,,1483,10,,,0,70,,1484,10,,,0,30,,1485,10,,,0,70,,1486,10,,,0,30,,1487,10,,,0,70,,1488,10,,,0,30,,1489,10,,,0,70,,1490,10,,,0
500,'236.0.3',542,,1491,10,,,0,70,,1492,10,,,0,15,,1493,10,,,0,15,,1494,10,,,0,15,,1495,10,,,0,55,,1496,10,,,0,15,,1497,10,,,0,15,,1498,10,,,0,15,,1499,10,,,0,55,,1500,10,,,0,15,,1501,10,,,0,15,,1502,10,,,0,15,,1503,10,,,0,56,,1504,10,,,0,15,,1505,10,,,0,15,,1506,10,,,0,15,,1507,10,,,0,55,,1508,10,,,0,15,,1509,10,,,0,15,,1510,10,,,0,15,,1511,10,,,0,57,,1512,10,,,0,15,,1513,10,,,0,15,,1514,10,,,0,55,,1515,10,,,0,15,,1516,10,,,0,15,,1517,10,,,0,15,,1518,10,,,0,55,,1519,10,,,0,15,,1520,10,,,0,15,,1521,10,,,0,15,,1522,10,,,0,55,,1523,10,,,0,15,,1524,10,,,0,15,,1525,10,,,0,15,,1526,10,,,0,55,,1527,10,,,0,14,,1528,10,,,0,15,,1529,10,,,0,15,,1530,10,,,0,15,,1531,10,,,0,55,,1532,10,,,0,15,,1533,10,,,0,15,,1534,10,,,0,15,,1535,10,,,0,55,,1536,10,,,0,15,,1537,10,,,0,15,,1538,10,,,0,15,,1539,10,,,0,55,,1540,10,,,0,15,,1541,10,,,0,15,,1542,10,,,0,60,,1543,10,,,0,15,,1544,10,,,0,20,,1545,10,,,0,20,,1546,10,,,0,59,,1547,10,,,0,20,,1548,10,,,0,20,,1549,10,,,0,60,,1550,10,,,0,20,,1551,10,,,0,20,,1552,10,,,0,75,,1553,10,,,0,70,,1554,10,,,0,30,,1555,10,,,0,70,,1556,10,,,0,30,,1557,10,,,0,70,,1558,10,,,0
5301,'236.0.1',622,,3333,18,,,0,30,,3334,18,,,0,70,,3335,18,,,0,30,,3336,18,,,0,70,,3337,18,,,0,30,,3338,18,,,0,70,,3339,18,,,0,30,,3340,18,,,0,72,,3341,18,,,0,30,,3342,18,,,0,70,,3343,18,,,0,30,,3344,18,,,0,70,,3345,18,,,0,30,,3346,18,,,0,70,,3347,18,,,0,30,,3348,18,,,0,70,,3349,18,,,0,30,,3350,18,,,0,70,,3351,18,,,0,30,,3352,18,,,0,70,,3353,18,,,0,30,,3354,18,,,0,70,,3355,18,,,0,30,,3356,18,,,0,68,,3357,18,,,0,30,,3358,18,,,0,70,,3359,18,,,0,30,,3360,18,,,0,70,,3361,18,,,0,30,,3362,18,,,0,70,,3363,18,,,0,30,,3364,18,,,0,70,,3365,18,,,0,100,,3366,18,,,0
5301,'236.0.2',722,,3367,18,,,0,100,,3368,18,,,0,100,,3369,18,,,0,102,,3370,18,,,0,100,,3371,18,,,0,100,,3372,18,,,0,100,,3373,18,,,0,100,,3374,18,,,0,100,,3375,18,,,0,100,,3376,18,,,0,100,,3377,18,,,0,98,,3378,18,,,0,100,,3379,18,,,0,100,,3380,18,,,0,100,,3381,18,,,0,100,,3382,18,,,0
5301,'236.0.3',554,,3383,18,,,0,70,,3384,18,,,0,30,,3385,18,,,0,70,,3386,18,,,0,30,,3387,18,,,0,70,,3388,18,,,0,30,,3389,18,,,0,70,,3390,18,,,0,30,,3391,18,,,0,70,,3392,18,,,0,30,,3393,18,,,0,70,,3394,18,,,0,30,,3395,18,,,0,70,,3396,18,,,0,30,,3397,18,,,0,70,,3398,18,,,0,30,,3399,18,,,0,70,,3400,18,,,0,30,,3401,18,,,0,70,,3402,18,,,0,30,,3403,18,,,0,70,,3404,18,,,0,30,,3405,18,,,0,70,,3406,18,,,0,30,,3407,18,,,0,70,,3408,18,,,0,30,,3409,18,,,0,70,,3410,18,,,0,30,,3411,18,,,0,70,,3412,18,,,0,30,,3413,18,,,0,70,,3414,18,,,0,100,,3415,18,,,0,100,,3416,18,,,0
5400,'236.0.1',559,,3417,2,,,0,100,,3418,2,,,0,100,,3419,2,,,0,100,,3420,2,,,0,100,,3421,2,,,0,100,,3422,2,,,0,100,,3423,2,,,0,100,,3424,2,,,0,100,,3425,2,,,0,100,,3426,2,,,0,100,,3427,2,,,0,100,,3428,2,,,0,100,,3429,2,,,0,100,,3430,2,,,0,100,,3431,2,,,0,100,,3432,2,,,0,100,,3433,2,,,0
5400,'236.0.2',759,,3434,2,,,0,100,,3435,2,,,0,100,,3436,2,,,0,100,,3437,2,,,0,100,,3438,2,,,0,100,,3439,2,,,0,100,,3440,2,,,0,100,,3441,2,,,0,100,,3442,2,,,0,100,,3443,2,,,0,100,,3444,2,,,0,100,,3445,2,,,0,100,,3446,2,,,0,100,,3447,2,,,0
5400,'236.0.3',601,,3448,2,,,0,28,,3449,2,,,0,30,,3450,2,,,0,68,,3451,2,,,0,30,,3452,2,,,0,71,,3453,2,,,0,75,,3454,2,,,0,100,,3455,2,,,0,100,,3456,2,,,0,100,,3457,2,,,0,100,,3458,2,,,0,100,,3459,2,,,0,100,,3460,2,,,0,30,,3461,2,,,0,70,,3462,2,,,0,29,,3463,2,,,0,70,,3464,2,,,0,30,,3465,2,,,0,71,,3466,2,,,0,30,,3467,2,,,0,70,,3468,2,,,0,30,,3469,2,,,0,70,,3470,2,,,0,100,,3471,2,,,0
5500,'236.0.1',729,,3527,2,,,0,100,,3528,2,,,0,100,,3529,2,,,0,100,,3530,2,,,0,100,,3531,2,,,0,100,,3532,2,,,0,100,,3533,2,,,0,100,,3534,2,,,0,100,,3535,2,,,0,100,,3536,2,,,0,100,,3537,2,,,0,100,,3538,2,,,0,100,,3539,2,,,0,100,,3540,2,,,0,100,,3541,2,,,0
5500,'236.0.2',729,,3542,2,,,0,100,,3543,2,,,0,100,,3544,2,,,0,100,,3545,2,,,0,100,,3546,2,,,0,100,,3547,2,,,0,100,,3548,2,,,0,100,,3549,2,,,0,100,,3550,2,,,0,100,,3551,2,,,0,100,,3552,2,,,0,100,,3553,2,,,0,100,,3554,2,,,0,100,,3555,2,,,0,100,,3556,2,,,0
5500,'236.0.3',618,,3557,2,,,0,30,,3575,2,,,0,70,,3558,2,,,0,30,,3559,2,,,0,100,,3560,2,,,0,85,,3561,2,,,0,100,,3562,2,,,0,100,,3563,2,,,0,100,,3564,2,,,0,100,,3565,2,,,0,100,,3566,2,,,0,85,,3567,2,,,0,99,,3568,2,,,0,35,,3576,2,,,0,70,,3569,2,,,0,26,,3570,2,,,0,75,,3571,2,,,0,100,,3572,2,,,0,110,,3573,2,,,0,100,,3574,2,,,0
6200,'236.0.1',702,,4150,2,,,0,100,,4151,2,,,0,100,,4152,2,,,0,100,,4153,2,,,0,100,,4154,2,,,0,100,,4155,2,,,0,100,,4156,2,,,0,100,,4157,2,,,0,100,,4158,2,,,0,100,,4159,2,,,0,100,,4160,2,,,0,100,,4161,2,,,0,100,,4162,2,,,0,100,,4163,2,,,0,100,,4164,2,,,0,100,,4165,2,,,0
6200,'236.0.2',702,,4166,2,,,0,100,,4167,2,,,0,100,,4168,2,,,0,100,,4169,2,,,0,100,,4170,2,,,0,100,,4171,2,,,0,100,,4172,2,,,0,100,,4173,2,,,0,100,,4174,2,,,0,100,,4175,2,,,0,100,,4176,2,,,0,100,,4177,2,,,0,100,,4178,2,,,0,100,,4179,2,,,0,100,,4180,2,,,0,100,,4181,2,,,0
6200,'236.0.3',611,,4182,2,,,0,30,,4183,2,,,0,70,,4184,2,,,0,30,,4185,2,,,0,70,,4186,2,,,0,30,,4187,2,,,0,70,,4188,2,,,0,100,,4189,2,,,0,100,,4190,2,,,0,100,,4191,2,,,0,100,,4192,2,,,0,100,,4193,2,,,0,100,,4194,2,,,0,30,,4195,2,,,0,70,,4196,2,,,0,30,,4197,2,,,0,70,,4198,2,,,0,30,,4199,2,,,0,70,,4200,2,,,0,30,,4201,2,,,0,100,,4202,2,,,0,100,,4203,2,,,0,100,,4204,2,,,0,100,,4205,2,,,0
1000601,'236.0.3',535,,6531,2,,,0,70,,6532,2,,,0,30,,6533,2,,,0,70,,6534,2,,,0,29,,6535,2,,,0,70,,6536,2,,,0,30,,6537,2,,,0,70,,6538,2,,,0,15,,6539,2,,,0,30,,6540,2,,,0,70,,6541,2,,,0,30,,6542,2,,,0,70,,6543,2,,,0,30,,6544,2,,,0,70,,6545,2,,,0,30,,6546,2,,,0,70,,6547,2,,,0,30,,6548,2,,,0,70,,6549,2,,,0,30,,6550,2,,,0,54,,6551,2,,,0,30,,6552,2,,,0,70,,6553,2,,,0,30,,6554,2,,,0,70,,6555,2,,,0,30,,6556,2,,,0,72,,6557,2,,,0,30,,6558,2,,,0
2000601,'236.0.1',602,,7540,2,,,0,100,,7541,2,,,0,100,,7542,2,,,0,100,,7543,2,,,0,100,,7544,2,,,0,100,,7545,2,,,0,100,,7546,2,,,0,100,,7547,2,,,0,100,,7548,2,,,0,100,,7549,2,,,0,100,,7550,2,,,0,100,,7551,2,,,0,100,,7552,2,,,0,100,,7553,2,,,0,100,,7554,2,,,0,100,,7555,2,,,0,100,,7556,2,,,0,100,,7557,2,,,0,100,,7558,2,,,0
2000601,'236.0.2',602,,7560,2,,,0,100,,7561,2,,,0,100,,7562,2,,,0,100,,7563,2,,,0,100,,7564,2,,,0,100,,7565,2,,,0,100,,7566,2,,,0,100,,7567,2,,,0,100,,7568,2,,,0,100,,7569,2,,,0,100,,7570,2,,,0,100,,7571,2,,,0,100,,7572,2,,,0,100,,7573,2,,,0,100,,7574,2,,,0,100,,7575,2,,,0,100,,7576,2,,,0,100,,7577,2,,,0,100,,7578,2,,,0
2000601,'236.0.3',542,,7581,2,,,0,70,,7582,2,,,0,30,,7583,2,,,0,70,,7584,2,,,0,30,,7585,2,,,0,70,,7586,2,,,0,30,,7587,2,,,0,65,,7588,2,,,0,100,,7589,2,,,0,100,,7590,2,,,0,100,,7591,2,,,0,100,,7592,2,,,0,100,,7593,2,,,0,104,,7594,2,,,0,30,,7595,2,,,0,70,,7596,2,,,0,30,,7597,2,,,0,70,,7598,2,,,0,30,,7599,2,,,0,70,,7600,2,,,0,100,,7601,2,,,0,100,,7602,2,,,0,100,,7603,2,,,0,100,,7604,2,,,0,100,,7605,2,,,0,100,,7606,2,,,0
3000601,'236.0.1',632,,8554,2,,,0,100,,8555,2,,,0,100,,8556,2,,,0,100,,8557,2,,,0,100,,8558,2,,,0,100,,8559,2,,,0,100,,8560,2,,,0,100,,8561,2,,,0,100,,8562,2,,,0,100,,8563,2,,,0,100,,8564,2,,,0,100,,8565,2,,,0,100,,8566,2,,,0,100,,8567,2,,,0,100,,8568,2,,,0,100,,8569,2,,,0,100,,8570,2,,,0,100,,8571,2,,,0,100,,8572,2,,,0
3000601,'236.0.2',632,,8574,2,,,0,100,,8575,2,,,0,100,,8576,2,,,0,100,,8577,2,,,0,100,,8578,2,,,0,100,,8579,2,,,0,100,,8580,2,,,0,100,,8581,2,,,0,100,,8582,2,,,0,100,,8583,2,,,0,100,,8584,2,,,0,100,,8585,2,,,0,100,,8586,2,,,0,100,,8587,2,,,0,100,,8588,2,,,0,100,,8589,2,,,0,100,,8590,2,,,0,100,,8591,2,,,0,100,,8592,2,,,0
3000601,'236.0.3',557,,8594,2,,,0,70,,8595,2,,,0,30,,8596,2,,,0,70,,8597,2,,,0,30,,8598,2,,,0,70,,8599,2,,,0,30,,8600,2,,,0,80,,8601,2,,,0,100,,8602,2,,,0,100,,8603,2,,,0,100,,8604,2,,,0,100,,8605,2,,,0,100,,8606,2,,,0,89,,8607,2,,,0,30,,8608,2,,,0,70,,8609,2,,,0,30,,8610,2,,,0,70,,8611,2,,,0,30,,8612,2,,,0,70,,8613,2,,,0,116,,8614,2,,,0,100,,8615,2,,,0,100,,8616,2,,,0,100,,8617,2,,,0,100,,8618,2,,,0,100,,8619,2,,,0
