2200,'236.0.1',616,,2127,4,,,0,30,,2128,4,,,0,70,,2129,4,,,0,30,,2130,4,,,0,70,,2131,4,,,0,30,,2132,4,,,0,70,,2133,4,,,0,31,,2134,4,,,0,70,,2135,4,,,0,30,,2136,4,,,0,70,,2137,4,,,0,35,,2138,4,,,0,70,,2139,4,,,0,30,,2140,4,,,0,70,,2141,4,,,0,30,,2142,4,,,0,70,,2143,4,,,0,30,,2144,4,,,0,70,,2145,4,,,0,30,,2146,4,,,0,70,,2147,4,,,0,30,,2148,4,,,0,70,,2149,4,,,0,30,,2150,4,,,0,70,,2151,4,,,0,25,,2152,4,,,0,70,,2153,4,,,0,30,,2154,4,,,0,69,,2155,4,,,0,30,,2156,4,,,0,70,,2157,4,,,0,30,,2158,4,,,0,70,,2159,4,,,0,30,,2160,4,,,0,70,,2161,4,,,0,30,,2162,4,,,0
2200,'236.0.2',636,,2163,4,,,0,70,,2164,4,,,0,30,,2165,4,,,0,70,,2166,4,,,0,30,,2167,4,,,0,70,,2168,4,,,0,30,,2169,4,,,0,70,,2170,4,,,0,30,,2171,4,,,0,70,,2172,4,,,0,31,,2173,4,,,0,70,,2174,4,,,0,30,,2175,4,,,0,70,,2176,4,,,0,30,,2177,4,,,0,70,,2178,4,,,0,30,,2179,4,,,0,70,,2180,4,,,0,30,,2181,4,,,0,70,,2182,4,,,0,30,,2183,4,,,0,70,,2184,4,,,0,30,,2185,4,,,0,70,,2186,4,,,0,30,,2187,4,,,0,70,,2188,4,,,0,30,,2189,4,,,0,70,,2190,4,,,0,29,,2191,4,,,0,70,,2192,4,,,0,30,,2193,4,,,0,70,,2194,4,,,0,30,,2195,4,,,0,70,,2196,4,,,0,30,,2197,4,,,0
2200,'236.0.3',626,,2198,4,,,0,30,,2199,4,,,0,70,,2200,4,,,0,30,,2201,4,,,0,70,,2202,4,,,0,30,,2203,4,,,0,70,,2204,4,,,0,27,,2205,4,,,0,70,,2206,4,,,0,30,,2207,4,,,0,75,,2208,4,,,0,26,,2209,4,,,0,70,,2210,4,,,0,30,,2211,4,,,0,70,,2212,4,,,0,30,,2213,4,,,0,70,,2214,4,,,0,33,,2215,4,,,0,70,,2216,4,,,0,32,,2217,4,,,0,70,,2218,4,,,0,30,,2219,4,,,0,70,,2220,4,,,0,30,,2221,4,,,0,68,,2222,4,,,0,27,,2223,4,,,0,70,,2224,4,,,0,30,,2225,4,,,0,70,,2226,4,,,0,30,,2227,4,,,0,70,,2228,4,,,0,30,,2229,4,,,0,70,,2230,4,,,0,30,,2231,4,,,0,70,,2232,4,,,0,30,,2233,4,,,0
2500,'236.0.1',735,,2560,4,,,0,100,,2561,4,,,0,100,,2562,4,,,0,100,,2563,4,,,0,99,,2564,4,,,0,100,,2565,4,,,0,100,,2566,4,,,0,100,,2567,4,,,0,100,,2568,4,,,0,100,,2569,4,,,0,100,,2570,4,,,0,100,,2571,4,,,0,100,,2572,4,,,0,100,,2573,4,,,0,100,,2574,4,,,0,100,,2575,4,,,0
2500,'236.0.2',835,,2577,4,,,0,100,,2578,4,,,0,100,,2579,4,,,0,100,,2580,4,,,0,100,,2581,4,,,0,100,,2582,4,,,0,100,,2583,4,,,0,100,,2584,4,,,0,100,,2585,4,,,0,100,,2586,4,,,0,100,,2587,4,,,0,100,,2588,4,,,0,100,,2589,4,,,0,100,,2590,4,,,0
2500,'236.0.3',538,,2591,4,,,0,70,,2592,4,,,0,30,,2593,4,,,0,70,,2594,4,,,0,30,,2595,4,,,0,70,,2596,4,,,0,30,,2597,4,,,0,70,,2598,4,,,0,100,,2599,4,,,0,100,,2600,4,,,0,100,,2601,4,,,0,100,,2602,4,,,0,100,,2603,4,,,0,100,,2604,4,,,0,31,,2605,4,,,0,70,,2606,4,,,0,30,,2607,4,,,0,69,,2608,4,,,0,30,,2609,4,,,0,70,,2610,4,,,0,30,,2611,4,,,0,70,,2612,4,,,0,100,,2613,4,,,0,100,,2614,4,,,0,100,,2615,4,,,0,100,,2616,4,,,0
41500,'236.0.3',613,,6479,4,,,0,100,,6480,4,,,0,100,,6481,4,,,0,100,,6482,4,,,0,533,,6486,4,,,0,101,,6483,4,,,0,99,,6484,4,,,0,100,,6485,4,,,0
1000900,'236.0.1',705,,6883,22,,,0,100,,6884,22,,,0,100,,6885,22,,,0,101,,6886,22,,,0,100,,6887,22,,,0,96,,6888,22,,,0,101,,6889,22,,,0,100,,6890,22,,,0,100,,6891,22,,,0,100,,6892,22,,,0,100,,6893,22,,,0,100,,6894,22,,,0,100,,6895,22,,,0,102,,6896,22,,,0,100,,6897,22,,,0,100,,6898,22,,,0,100,,6899,22,,,0,100,,6900,22,,,0
1000900,'236.0.2',705,,6901,22,,,0,96,,6902,22,,,0,100,,6903,22,,,0,100,,6904,22,,,0,105,,6905,22,,,0,100,,6906,22,,,0,100,,6907,22,,,0,100,,6908,22,,,0,100,,6909,22,,,0,100,,6910,22,,,0,100,,6911,22,,,0,100,,6912,22,,,0,100,,6913,22,,,0,100,,6914,22,,,0,98,,6915,22,,,0,100,,6916,22,,,0,100,,6917,22,,,0,100,,6918,22,,,0
1000900,'236.0.3',619,,6919,22,,,0,30,,6920,22,,,0,70,,6921,22,,,0,32,,6922,22,,,0,72,,6923,22,,,0,29,,6924,22,,,0,52,,6925,22,,,0,15,,6926,22,,,0,30,,6927,22,,,0,55,,6928,22,,,0,15,,6929,22,,,0,30,,6930,22,,,0,57,,6931,22,,,0,13,,6932,22,,,0,27,,6933,22,,,0,55,,6934,22,,,0,15,,6935,22,,,0,30,,6936,22,,,0,55,,6937,22,,,0,15,,6938,22,,,0,30,,6939,22,,,0,55,,6940,22,,,0,15,,6941,22,,,0,30,,6942,22,,,0,67,,6943,22,,,0,25,,6944,22,,,0,9,,6945,22,,,0,59,,6946,22,,,0,10,,6947,22,,,0,20,,6948,22,,,0,10,,6949,22,,,0,60,,6950,22,,,0,10,,6951,22,,,0,10,,6952,22,,,0,20,,6953,22,,,0,5,,6954,22,,,0,6,,6955,22,,,0,56,,6956,22,,,0,10,,6957,22,,,0,20,,6958,22,,,0,10,,6959,22,,,0,70,,6960,22,,,0,30,,6961,22,,,0,70,,6962,22,,,0,30,,6963,22,,,0,68,,6964,22,,,0,27,,6965,22,,,0,55,,6966,22,,,0,15,,6967,22,,,0,35,,6968,22,,,0,60,,6969,22,,,0,40,,6970,22,,,0,60,,6971,22,,,0,40,,6972,22,,,0
2000900,'236.0.1',635,,7933,22,,,0,100,,7934,22,,,0,100,,7935,22,,,0,101,,7936,22,,,0,100,,7937,22,,,0,100,,7938,22,,,0,97,,7939,22,,,0,100,,7940,22,,,0,100,,7941,22,,,0,100,,7942,22,,,0,100,,7943,22,,,0,100,,7944,22,,,0,100,,7945,22,,,0,102,,7946,22,,,0,100,,7947,22,,,0,100,,7948,22,,,0,100,,7949,22,,,0,100,,7950,22,,,0,100,,7951,22,,,0
2000900,'236.0.2',636,,7952,22,,,0,97,,7953,22,,,0,98,,7954,22,,,0,100,,7955,22,,,0,105,,7956,22,,,0,100,,7957,22,,,0,100,,7958,22,,,0,100,,7959,22,,,0,100,,7960,22,,,0,100,,7961,22,,,0,100,,7962,22,,,0,100,,7963,22,,,0,100,,7964,22,,,0,100,,7965,22,,,0,98,,7966,22,,,0,100,,7967,22,,,0,100,,7968,22,,,0,100,,7969,22,,,0,100,,7970,22,,,0
2000900,'236.0.3',534,,7971,4,,,0,70,,7972,4,,,0,30,,7973,22,,,0,70,,7974,22,,,0,30,,7975,22,,,0,70,,7976,22,,,0,30,,7977,22,,,0,100,,7978,22,,,0,100,,7979,22,,,0,98,,7980,22,,,0,96,,7981,22,,,0,100,,7982,22,,,0,100,,7983,22,,,0,28,,7984,22,,,0,71,,7985,22,,,0,29,,7986,22,,,0,70,,7987,22,,,0,30,,7988,22,,,0,79,,7989,22,,,0,67,,7990,22,,,0,30,,7991,22,,,0,70,,7992,22,,,0,30,,7993,22,,,0,70,,7994,22,,,0,30,,7995,22,,,0,69,,7996,22,,,0,27,,7997,22,,,0,100,,7998,22,,,0,100,,7999,22,,,0,100,,8000,22,,,0,100,,8001,22,,,0
