2401,'236.0.1',641,,2451,51,,,0,70,,2452,51,,,0,30,,2453,51,,,0,70,,2454,51,,,0,30,,2455,51,,,0,70,,2456,51,,,0,30,,2457,51,,,0,71,,2458,51,,,0,37,,2459,51,,,0,71,,2460,51,,,0,30,,2461,51,,,0,71,,2462,51,,,0,32,,2463,51,,,0,70,,2464,51,,,0,30,,2465,51,,,0,70,,2466,51,,,0,30,,2467,51,,,0,70,,2468,51,,,0,28,,2469,51,,,0,70,,2470,51,,,0,30,,2471,51,,,0,70,,2472,51,,,0,30,,2473,51,,,0,70,,2474,51,,,0,30,,2475,51,,,0,67,,2476,51,,,0,27,,2477,51,,,0,70,,2478,51,,,0,30,,2479,51,,,0,68,,2480,51,,,0,28,,2481,51,,,0,70,,2482,51,,,0,30,,2483,51,,,0,70,,2484,51,,,0,30,,2485,51,,,0,70,,2486,51,,,0
2401,'236.0.2',639,,2487,51,,,0,70,,2488,51,,,0,30,,2489,51,,,0,70,,2490,51,,,0,30,,2491,51,,,0,70,,2492,51,,,0,30,,2493,51,,,0,72,,2494,51,,,0,36,,2495,51,,,0,70,,2496,51,,,0,30,,2497,51,,,0,70,,2498,51,,,0,30,,2499,51,,,0,70,,2500,51,,,0,31,,2501,51,,,0,70,,2502,51,,,0,30,,2503,51,,,0,70,,2504,51,,,0,30,,2505,51,,,0,70,,2506,51,,,0,30,,2507,51,,,0,70,,2508,51,,,0,30,,2509,51,,,0,70,,2510,51,,,0,30,,2511,51,,,0,68,,2512,51,,,0,28,,2513,51,,,0,69,,2514,51,,,0,28,,2515,51,,,0,70,,2516,51,,,0,30,,2517,51,,,0,70,,2518,51,,,0,30,,2519,51,,,0,70,,2520,51,,,0,30,,2521,51,,,0,70,,2522,51,,,0
2401,'236.0.3',718,,2523,51,,,0,30,,2524,51,,,0,74,,2525,51,,,0,31,,2526,51,,,0,70,,2527,51,,,0,30,,2528,51,,,0,65,,2529,51,,,0,30,,2530,51,,,0,70,,2531,51,,,0,31,,2532,51,,,0,71,,2533,51,,,0,30,,2534,51,,,0,70,,2535,51,,,0,30,,2536,51,,,0,70,,2537,51,,,0,33,,2538,51,,,0,72,,2539,51,,,0,79,,2540,51,,,0,30,,2541,51,,,0,70,,2542,51,,,0,28,,2543,51,,,0,22,,2544,51,,,0,68,,2545,51,,,0,30,,2546,51,,,0,66,,2547,51,,,0,28,,2548,51,,,0,66,,2549,51,,,0,30,,2550,51,,,0,70,,2551,51,,,0,30,,2552,51,,,0,70,,2553,51,,,0,30,,2554,51,,,0,70,,2555,51,,,0,30,,2556,51,,,0,70,,2557,51,,,0,30,,2558,51,,,0
2500,'236.0.1',745,,2560,19,,,0,100,,2561,19,,,0,100,,2562,19,,,0,100,,2563,19,,,0,100,,2564,19,,,0,100,,2565,19,,,0,100,,2566,19,,,0,100,,2567,19,,,0,100,,2568,19,,,0,100,,2569,19,,,0,100,,2570,19,,,0,100,,2571,19,,,0,100,,2572,19,,,0,100,,2573,19,,,0,100,,2574,19,,,0,100,,2575,19,,,0
2500,'236.0.2',845,,2577,19,,,0,100,,2578,19,,,0,100,,2579,19,,,0,100,,2580,19,,,0,100,,2581,19,,,0,100,,2582,19,,,0,100,,2583,19,,,0,100,,2584,19,,,0,100,,2585,19,,,0,100,,2586,19,,,0,100,,2587,19,,,0,100,,2588,19,,,0,100,,2589,19,,,0,100,,2590,19,,,0
2500,'236.0.3',548,,2591,19,,,0,70,,2592,19,,,0,30,,2593,19,,,0,70,,2594,19,,,0,30,,2595,19,,,0,70,,2596,19,,,0,30,,2597,19,,,0,70,,2598,19,,,0,100,,2599,19,,,0,100,,2600,19,,,0,100,,2601,19,,,0,100,,2602,19,,,0,100,,2603,19,,,0,100,,2604,19,,,0,33,,2605,19,,,0,70,,2606,19,,,0,30,,2607,19,,,0,68,,2608,19,,,0,30,,2609,19,,,0,69,,2610,19,,,0,30,,2611,19,,,0,70,,2612,19,,,0,100,,2613,19,,,0,100,,2614,19,,,0,100,,2615,19,,,0,100,,2616,19,,,0
12701,'236.0.3',1614,,6061,21,,,0,17,,6062,21,,,0,16,,6063,21,,,0,80,,6064,21,,,0,15,,6065,21,,,0,14,,6066,21,,,0,55,,6067,21,,,0
12701,'236.1141.3',1657,,6068,21,,,0,57,,6069,21,,,0
12701,'236.1143.3',1657,,6070,21,,,0,57,,6071,21,,,0
1000900,'236.0.1',713,,6883,36,,,0,100,,6884,36,,,0,100,,6885,36,,,0,102,,6886,36,,,0,100,,6887,36,,,0,96,,6888,36,,,0,103,,6889,36,,,0,100,,6890,36,,,0,100,,6891,36,,,0,100,,6892,36,,,0,100,,6893,36,,,0,100,,6894,36,,,0,100,,6895,36,,,0,99,,6896,36,,,0,100,,6897,36,,,0,100,,6898,36,,,0,100,,6899,36,,,0,100,,6900,36,,,0
1000900,'236.0.2',711,,6901,36,,,0,96,,6902,36,,,0,100,,6903,36,,,0,100,,6904,36,,,0,109,,6905,36,,,0,100,,6906,36,,,0,100,,6907,36,,,0,100,,6908,36,,,0,100,,6909,36,,,0,100,,6910,36,,,0,100,,6911,36,,,0,100,,6912,36,,,0,100,,6913,36,,,0,100,,6914,36,,,0,96,,6915,36,,,0,100,,6916,36,,,0,100,,6917,36,,,0,100,,6918,36,,,0
1000900,'236.0.3',627,,6919,36,,,0,30,,6920,36,,,0,70,,6921,36,,,0,32,,6922,36,,,0,72,,6923,36,,,0,69,,6924,36,,,0,12,,6925,36,,,0,15,,6926,36,,,0,30,,6927,36,,,0,55,,6928,36,,,0,15,,6929,36,,,0,30,,6930,36,,,0,59,,6931,36,,,0,13,,6932,36,,,0,27,,6933,36,,,0,55,,6934,36,,,0,15,,6935,36,,,0,30,,6936,36,,,0,55,,6937,36,,,0,15,,6938,36,,,0,30,,6939,36,,,0,55,,6940,36,,,0,15,,6941,36,,,0,30,,6942,36,,,0,69,,6943,36,,,0,25,,6944,36,,,0,9,,6945,36,,,0,59,,6946,36,,,0,10,,6947,36,,,0,20,,6948,36,,,0,10,,6949,36,,,0,60,,6950,36,,,0,10,,6951,36,,,0,10,,6952,36,,,0,17,,6953,36,,,0,45,,6954,36,,,0,6,,6955,36,,,0,16,,6956,36,,,0,10,,6957,36,,,0,20,,6958,36,,,0,50,,6959,36,,,0,30,,6960,36,,,0,70,,6961,36,,,0,30,,6962,36,,,0,70,,6963,36,,,0,26,,6964,36,,,0,27,,6965,36,,,0,55,,6966,36,,,0,15,,6967,36,,,0,75,,6968,36,,,0,20,,6969,36,,,0,80,,6970,36,,,0,20,,6971,36,,,0,80,,6972,36,,,0
2000900,'236.0.1',643,,7933,36,,,0,100,,7934,36,,,0,100,,7935,36,,,0,102,,7936,36,,,0,100,,7937,36,,,0,100,,7938,36,,,0,99,,7939,36,,,0,100,,7940,36,,,0,100,,7941,36,,,0,100,,7942,36,,,0,100,,7943,36,,,0,100,,7944,36,,,0,100,,7945,36,,,0,99,,7946,36,,,0,100,,7947,36,,,0,100,,7948,36,,,0,100,,7949,36,,,0,100,,7950,36,,,0,100,,7951,36,,,0
2000900,'236.0.2',642,,7952,36,,,0,97,,7953,36,,,0,98,,7954,36,,,0,100,,7955,36,,,0,109,,7956,36,,,0,100,,7957,36,,,0,100,,7958,36,,,0,100,,7959,36,,,0,100,,7960,36,,,0,100,,7961,36,,,0,100,,7962,36,,,0,100,,7963,36,,,0,100,,7964,36,,,0,100,,7965,36,,,0,96,,7966,36,,,0,100,,7967,36,,,0,100,,7968,36,,,0,100,,7969,36,,,0,100,,7970,36,,,0
2000900,'236.0.3',542,,7971,18,,,0,70,,7972,18,,,0,30,,7973,36,,,0,70,,7974,36,,,0,30,,7975,36,,,0,70,,7976,36,,,0,30,,7977,36,,,0,100,,7978,36,,,0,100,,7979,36,,,0,100,,7980,36,,,0,96,,7981,36,,,0,100,,7982,36,,,0,100,,7983,36,,,0,68,,7984,36,,,0,33,,7985,36,,,0,69,,7986,36,,,0,30,,7987,36,,,0,70,,7988,36,,,0,35,,7989,36,,,0,67,,7990,36,,,0,30,,7991,36,,,0,70,,7992,36,,,0,30,,7993,36,,,0,70,,7994,36,,,0,30,,7995,36,,,0,68,,7996,36,,,0,27,,7997,36,,,0,100,,7998,36,,,0,100,,7999,36,,,0,100,,8000,36,,,0,100,,8001,36,,,0
