5401,'236.0.1',638,,3472,18,,,0,100,,3473,18,,,0,100,,3474,18,,,0,100,,3475,18,,,0,104,,3476,18,,,0,100,,3477,18,,,0,100,,3478,18,,,0,100,,3479,18,,,0,100,,3480,18,,,0,99,,3481,18,,,0,100,,3482,18,,,0,100,,3483,18,,,0,98,,3484,18,,,0,100,,3485,18,,,0,100,,3486,18,,,0,100,,3487,18,,,0,100,,3488,18,,,0
5401,'236.0.2',838,,3489,18,,,0,100,,3490,18,,,0,104,,3491,18,,,0,100,,3492,18,,,0,99,,3493,18,,,0,100,,3494,18,,,0,100,,3495,18,,,0,100,,3496,18,,,0,100,,3497,18,,,0,100,,3498,18,,,0,97,,3499,18,,,0,100,,3500,18,,,0,100,,3501,18,,,0,100,,3502,18,,,0
5401,'236.0.3',641,,3503,18,,,0,72,,3504,18,,,0,27,,3505,18,,,0,70,,3506,18,,,0,30,,3507,18,,,0,70,,3508,18,,,0,35,,3509,18,,,0,100,,3510,18,,,0,100,,3511,18,,,0,104,,3512,18,,,0,100,,3513,18,,,0,101,,3514,18,,,0,100,,3515,18,,,0,70,,3516,18,,,0,35,,3517,18,,,0,68,,3518,18,,,0,30,,3519,18,,,0,64,,3520,18,,,0,30,,3521,18,,,0,70,,3522,18,,,0,30,,3523,18,,,0,70,,3524,18,,,0,30,,3525,18,,,0,100,,3526,18,,,0
6701,'236.0.1',745,,4595,27,,,0,100,,4596,27,,,0,103,,4597,27,,,0,100,,4598,27,,,0,100,,4599,27,,,0,100,,4600,27,,,0,100,,4601,27,,,0,100,,4602,27,,,0,100,,4603,27,,,0,100,,4604,27,,,0,100,,4605,27,,,0,97,,4606,27,,,0,100,,4607,27,,,0,100,,4608,27,,,0,100,,4609,27,,,0,100,,4610,27,,,0
6701,'236.0.2',744,,4611,27,,,0,100,,4612,27,,,0,100,,4613,27,,,0,104,,4614,27,,,0,100,,4615,27,,,0,100,,4616,27,,,0,100,,4617,27,,,0,100,,4618,27,,,0,100,,4619,27,,,0,100,,4620,27,,,0,97,,4621,27,,,0,100,,4622,27,,,0,100,,4623,27,,,0,100,,4624,27,,,0,98,,4625,27,,,0,100,,4626,27,,,0
6701,'236.0.3',631,,4627,27,,,0,70,,4628,27,,,0,30,,4629,27,,,0,70,,4630,27,,,0,30,,4631,27,,,0,70,,4632,27,,,0,102,,4633,27,,,0,100,,4634,27,,,0,100,,4635,27,,,0,100,,4636,27,,,0,100,,4637,27,,,0,102,,4638,27,,,0,30,,4639,27,,,0,70,,4640,27,,,0,30,,4641,27,,,0,70,,4642,27,,,0,30,,4643,27,,,0,69,,4644,27,,,0,27,,4645,27,,,0,70,,4646,27,,,0,30,,4647,27,,,0,98,,4648,27,,,0,100,,4649,27,,,0,100,,4650,27,,,0
7200,'236.0.1',614,,4757,16,,,0,30,,4758,16,,,0,70,,4759,16,,,0,30,,4760,16,,,0,70,,4761,16,,,0,30,,4762,16,,,0,70,,4763,16,,,0,30,,4764,16,,,0,70,,4765,16,,,0,32,,4766,16,,,0,70,,4767,16,,,0,30,,4768,16,,,0,70,,4769,16,,,0,30,,4770,16,,,0,70,,4771,16,,,0,30,,4772,16,,,0,70,,4773,16,,,0,30,,4774,16,,,0,70,,4775,16,,,0,30,,4776,16,,,0,70,,4777,16,,,0,30,,4778,16,,,0,70,,4779,16,,,0,28,,4780,16,,,0,70,,4781,16,,,0,100,,4782,16,,,0,100,,4783,16,,,0,100,,4784,16,,,0,100,,4785,16,,,0,100,,4786,16,,,0
7200,'236.0.2',714,,4787,16,,,0,100,,4788,16,,,0,100,,4789,16,,,0,100,,4790,16,,,0,102,,4791,16,,,0,100,,4792,16,,,0,100,,4793,16,,,0,100,,4794,16,,,0,100,,4795,16,,,0,100,,4796,16,,,0,100,,4797,16,,,0,100,,4798,16,,,0,98,,4799,16,,,0,100,,4800,16,,,0,100,,4801,16,,,0,100,,4802,16,,,0
7200,'236.0.3',614,,4803,16,,,0,30,,4804,16,,,0,70,,4805,16,,,0,31,,4806,16,,,0,70,,4807,16,,,0,30,,4808,16,,,0,69,,4809,16,,,0,30,,4810,16,,,0,70,,4811,16,,,0,30,,4812,16,,,0,70,,4813,16,,,0,30,,4814,16,,,0,70,,4815,16,,,0,30,,4816,16,,,0,70,,4817,16,,,0,30,,4818,16,,,0,70,,4819,16,,,0,30,,4820,16,,,0,70,,4821,16,,,0,30,,4822,16,,,0,70,,4823,16,,,0,30,,4824,16,,,0,70,,4825,16,,,0,30,,4826,16,,,0,69,,4827,16,,,0,30,,4828,16,,,0,70,,4829,16,,,0,100,,4830,16,,,0,100,,4831,16,,,0,100,,4832,16,,,0,100,,4833,16,,,0
37001,'236.0.3',601,,6447,3,,,0,50,,6448,3,,,0,68,,6449,3,,,0,29,,6450,3,,,0,71,,6451,3,,,0,683,,6452,3,,,0,128,,6453,3,,,0
3001001,'236.0.1',603,,8731,7,0,5,0,54,,8732,7,0,5,0,100,,8733,7,0,5,0,70,,8734,7,0,5,0,30,,8735,7,0,5,0,70,,8736,7,0,5,0,30,,8737,7,0,5,0,74,,8738,7,0,5,0,70,,8739,7,0,5,0,31,,8740,7,0,5,0,72,,8741,7,0,5,0,34,,8742,7,0,5,0,70,,8743,7,0,5,0,30,,8744,7,0,5,0,70,,8745,7,0,5,0,30,,8746,7,0,5,0,70,,8747,7,0,5,0,30,,8748,7,0,5,0,70,,8749,7,0,5,0,30,,8750,7,0,5,0,70,,8751,7,0,5,0,30,,8752,7,0,5,0,70,,8753,7,0,5,0,30,,8754,7,0,5,0,67,,8755,7,0,5,0,28,,8756,7,0,5,0,70,,8757,7,0,5,0,100,,8758,7,0,5,0,56,,8759,7,0,5,0,97,,8760,7,0,5,0,100,,8761,7,0,5,0,95,,8762,7,0,8 7,0
3001001,'236.0.2',603,,8763,7,0,5,0,50,,8764,7,0,5,0,100,,8765,7,0,5,0,70,,8766,7,0,5,0,30,,8767,7,0,5,0,70,,8768,7,0,5,0,30,,8769,7,0,5,0,72,,8770,7,0,5,0,34,,8771,7,0,5,0,70,,8772,7,0,5,0,30,,8773,7,0,5,0,70,,8774,7,0,5,0,71,,8775,7,0,5,0,30,,8776,7,0,5,0,70,,8777,7,0,5,0,30,,8778,7,0,5,0,73,,8779,7,0,5,0,30,,8780,7,0,5,0,70,,8781,7,0,5,0,30,,8782,7,0,5,0,70,,8783,7,0,5,0,30,,8784,7,0,5,0,70,,8785,7,0,5,0,30,,8786,7,0,5,0,69,,8787,7,0,5,0,100,,8788,7,0,5,0,54,,8789,7,0,5,0,100,,8790,7,0,5,0,100,,8791,7,0,5,0,95,,8792,7,0,8 7,0
3001001,'236.0.3',526,,8793,7,0,5,0,30,,8794,7,0,5,0,70,,8795,7,0,5,0,20,,8796,7,0,5,0,61,,8797,7,0,5,0,20,,8798,7,0,5,0,18,,8799,7,0,5,0,59,,8800,7,0,5,0,20,,8801,7,0,5,0,20,,8802,7,0,5,0,73,,8803,7,0,5,0,20,,8804,7,0,5,0,20,,8805,7,0,5,0,68,,8806,7,0,5,0,30,,8807,7,0,5,0,70,,8808,7,0,5,0,30,,8809,7,0,5,0,70,,8810,7,0,5,0,30,,8811,7,0,5,0,70,,8812,7,0,5,0,30,,8813,7,0,5,0,70,,8814,7,0,5,0,30,,8815,7,0,5,0,61,,8816,7,0,5,0,20,,8817,7,0,5,0,20,,8818,7,0,5,0,61,,8819,7,0,5,0,27,,8820,7,0,5,0,63,,8821,7,0,5,0,20,,8822,7,0,5,0,20,,8823,7,0,5,0,58,,8824,7,0,5,0,16,,8825,7,0,5,0,17,,8826,7,0,5,0,14,,8827,7,0,5,0,55,,8828,7,0,5,0,19,,8829,7,0,5,0,79,,8830,7,0,5,0,30,,8831,7,0,5,0,70,,8832,7,0,5,0,30,,8833,7,0,5,0,70,,8834,7,0,5,0,27,,8835,7,0,5,0,27,,8836,7,0,5,0,70,,8837,7,0,8 7,0,25,,8838,7,0,8 7,0,70,,8839,7,0,8 7,0,30,,8840,7,0,8 7,0
