801,'220.0.1',544,,2685,,,0,70,,2686,,,0,30,,2687,,,0,70,,2688,,,0,30,,2689,,,0,73,,2690,,,0,30,,2691,,,0,70,,2692,,,0,30,,2693,,,0,72,,2694,,,0,30,,2695,,,0,70,,2696,,,0,30,,2697,,,0,70,,2698,,,0,30,,2699,,,0,71,,2700,,,0,30,,2701,,,0,70,,2702,,,0,30,,2703,,,0,70,,2704,,,0,30,,2705,,,0,70,,2706,,,0,30,,2707,,,0,70,,2708,,,0,29,,2709,,,0,69,,2710,,,0,30,,2711,,,0,70,,2712,,,0,27,,2713,,,0,69,,2714,,,0,30,,2715,,,0,70,,2716,,,0,30,,2717,,,0,70,,2718,,,0,30,,2719,,,0,70,,2720,,,0,30,,2721,,,0,100,,2722,,,0
801,'220.0.2',549,,2723,,,0,70,,2724,,,0,30,,2725,,,0,70,,2726,,,0,30,,2727,,,0,70,,2728,,,0,30,,2729,,,0,73,,2730,,,0,30,,2731,,,0,70,,2732,,,0,30,,2733,,,0,70,,2734,,,0,30,,2735,,,0,70,,2736,,,0,30,,2737,,,0,70,,2738,,,0,30,,2739,,,0,70,,2740,,,0,30,,2741,,,0,70,,2742,,,0,30,,2743,,,0,70,,2744,,,0,30,,2745,,,0,70,,2746,,,0,30,,2747,,,0,69,,2748,,,0,30,,2749,,,0,70,,2750,,,0,30,,2751,,,0,70,,2752,,,0,30,,2753,,,0,68,,2754,,,0,30,,2755,,,0,70,,2756,,,0,100,,2757,,,0,100,,2758,,,0
801,'220.0.3',533,,2759,,,0,70,,2760,,,0,30,,2761,,,0,20,,2762,,,0,61,,2763,,,0,20,,2764,,,0,20,,2765,,,0,60,,2766,,,0,20,,2767,,,0,20,,2768,,,0,59,,2769,,,0,20,,2770,,,0,20,,2771,,,0,60,,2772,,,0,20,,2773,,,0,20,,2774,,,0,60,,2775,,,0,20,,2776,,,0,20,,2777,,,0,60,,2778,,,0,20,,2779,,,0,20,,2780,,,0,60,,2781,,,0,20,,2782,,,0,20,,2783,,,0,60,,2784,,,0,20,,2785,,,0,20,,2786,,,0,61,,2787,,,0,33,,2788,,,0,70,,2789,,,0,30,,2790,,,0,70,,2791,,,0,30,,2792,,,0,68,,2793,,,0,28,,2794,,,0,70,,2795,,,0,30,,2796,,,0,70,,2797,,,0,30,,2798,,,0,68,,2799,,,0,29,,2800,,,0,70,,2801,,,0,30,,2802,,,0,70,,2803,,,0,30,,2804,,,0,70,,2805,,,0,30,,2806,,,0
801,'220.0.4',533,,2807,,,0,70,,2808,,,0,30,,2809,,,0,20,,2810,,,0,61,,2811,,,0,20,,2812,,,0,20,,2813,,,0,60,,2814,,,0,20,,2815,,,0,20,,2816,,,0,59,,2817,,,0,20,,2818,,,0,20,,2819,,,0,60,,2820,,,0,20,,2821,,,0,20,,2822,,,0,60,,2823,,,0,20,,2824,,,0,20,,2825,,,0,60,,2826,,,0,20,,2827,,,0,20,,2828,,,0,60,,2829,,,0,20,,2830,,,0,20,,2831,,,0,60,,2832,,,0,20,,2833,,,0,20,,2834,,,0,61,,2835,,,0,33,,2836,,,0,70,,2837,,,0,30,,2838,,,0,70,,2839,,,0,30,,2840,,,0,68,,2841,,,0,28,,2842,,,0,70,,2843,,,0,30,,2844,,,0,70,,2845,,,0,30,,2846,,,0,68,,2847,,,0,29,,2848,,,0,70,,2849,,,0,30,,2850,,,0,70,,2851,,,0,30,,2852,,,0,70,,2853,,,0,30,,2854,,,0
9101,'220.0.1',754,,8604,,,0,100,,8605,,,0,100,,8606,,,0,100,,8607,,,0,100,,8608,,,0,100,,8609,,,0,100,,8610,,,0,100,,8611,,,0,100,,8612,,,0,100,,8613,,,0,100,,8614,,,0,100,,8615,,,0,100,,8616,,,0,100,,8617,,,0,100,,8618,,,0,100,,8619,,,0
9101,'220.0.2',823,,8620,,,0,100,,8621,,,0,100,,8622,,,0,100,,8623,,,0,100,,8624,,,0,100,,8625,,,0,100,,8626,,,0,100,,8627,,,0,100,,8628,,,0,100,,8629,,,0,100,,8630,,,0,100,,8631,,,0,100,,8632,,,0,100,,8633,,,0,100,,8634,,,0
9101,'220.0.3',559,,8635,,,0,70,,8636,,,0,74,,8637,,,0,24,,8638,,,0,30,,8639,,,0,77,,8640,,,0,69,,8641,,,0,29,,8642,,,0,100,,8643,,,0,103,,8644,,,0,100,,8645,,,0,99,,8646,,,0,105,,8647,,,0,101,,8648,,,0,71,,8649,,,0,30,,8650,,,0,73,,8651,,,0,30,,8652,,,0,66,,8653,,,0,95,,8654,,,0,100,,8655,,,0,100,,8656,,,0,100,,8657,,,0,100,,8658,,,0
9101,'220.0.4',559,,8659,,,0,70,,8660,,,0,74,,8661,,,0,24,,8662,,,0,30,,8663,,,0,77,,8664,,,0,69,,8665,,,0,29,,8666,,,0,100,,8667,,,0,103,,8668,,,0,100,,8669,,,0,99,,8670,,,0,105,,8671,,,0,101,,8672,,,0,71,,8673,,,0,30,,8674,,,0,73,,8675,,,0,30,,8676,,,0,66,,8677,,,0,95,,8678,,,0,100,,8679,,,0,100,,8680,,,0,100,,8681,,,0,100,,8682,,,0,100,,8683,,,0,100,,8684,,,0
9301,'220.0.3',609,,8699,,,0,30,,8700,,,0,70,,8701,,,0,28,,8702,,,0,71,,8703,,,0,31,,8704,,,0
9301,'220.0.4',609,,8705,,,0,30,,8706,,,0,70,,8707,,,0,28,,8708,,,0,71,,8709,,,0,31,,8710,,,0
