6100,'220.0.1',627,,5804,4,,0,100,,5805,4,,0,100,,5806,4,,0,100,,5807,4,,0,100,,5808,4,,0,102,,5809,4,,0,100,,5810,4,,0,100,,5811,4,,0,100,,5812,4,,0,100,,5813,4,,0,100,,5814,4,,0,100,,5815,4,,0,100,,5816,4,,0,100,,5817,4,,0,100,,5818,4,,0,98,,5819,4,,0,100,,5820,4,,0,100,,5821,4,,0
6100,'220.0.2',727,,5822,4,,0,100,,5823,4,,0,100,,5824,4,,0,100,,5825,4,,0,102,,5826,4,,0,100,,5827,4,,0,100,,5828,4,,0,100,,5829,4,,0,100,,5830,4,,0,100,,5831,4,,0,100,,5832,4,,0,100,,5833,4,,0,98,,5834,4,,0,100,,5835,4,,0,100,,5836,4,,0,100,,5837,4,,0
6100,'220.0.3',532,,5838,4,,0,69,,5839,4,,0,31,,5840,4,,0,70,,5841,4,,0,30,,5842,4,,0,70,,5843,4,,0,100,,5844,4,,0,100,,5845,4,,0,100,,5846,4,,0,101,,5847,4,,0,100,,5848,4,,0,100,,5849,4,,0,100,,5850,4,,0,429,,5851,4,,0,100,,5852,4,,0,98,,5853,4,,0,100,,5854,4,,0
6100,'220.0.4',532,,5855,4,,0,69,,5856,4,,0,31,,5857,4,,0,70,,5858,4,,0,30,,5859,4,,0,70,,5860,4,,0,100,,5861,4,,0,100,,5862,4,,0,100,,5863,4,,0,101,,5864,4,,0,100,,5865,4,,0,100,,5866,4,,0,100,,5867,4,,0,429,,5868,4,,0,100,,5869,4,,0,98,,5870,4,,0,100,,5871,4,,0,100,,5872,4,,0,100,,5873,4,,0,100,,5874,4,,0,100,,5875,4,,0
6101,'220.0.1',629,,5876,,,0,100,,5877,,,0,100,,5878,,,0,100,,5879,,,0,100,,5880,,,0,102,,5881,,,0,100,,5882,,,0,100,,5883,,,0,100,,5884,,,0,100,,5885,,,0,100,,5886,,,0,100,,5887,,,0,100,,5888,,,0,100,,5889,,,0,100,,5890,,,0,98,,5891,,,0,100,,5892,,,0,100,,5893,,,0
6101,'220.0.2',729,,5894,,,0,100,,5895,,,0,100,,5896,,,0,100,,5897,,,0,102,,5898,,,0,100,,5899,,,0,100,,5900,,,0,100,,5901,,,0,100,,5902,,,0,100,,5903,,,0,100,,5904,,,0,100,,5905,,,0,98,,5906,,,0,100,,5907,,,0,100,,5908,,,0,100,,5909,,,0
6101,'220.0.3',904,,5910,,,0,100,,5911,,,0,100,,5912,,,0,101,,5913,,,0,100,,5914,,,0,100,,5915,,,0,100,,5916,,,0,102,,5917,,,0,33,,5918,,,0,75,,5919,,,0,32,,5920,,,0,65,,5921,,,0,24,,5922,,,0,98,,5923,,,0,100,,5924,,,0,98,,5925,,,0,100,,5926,,,0
6101,'220.0.4',904,,5927,,,0,100,,5928,,,0,100,,5929,,,0,101,,5930,,,0,100,,5931,,,0,100,,5932,,,0,100,,5933,,,0,102,,5934,,,0,33,,5935,,,0,75,,5936,,,0,32,,5937,,,0,65,,5938,,,0,24,,5939,,,0,98,,5940,,,0,100,,5941,,,0,98,,5942,,,0,100,,5943,,,0,100,,5944,,,0,100,,5945,,,0,100,,5946,,,0,100,,5947,0,6 7,0
16100,'220.0.3',534,,8953,,,0,70,,8954,,,0,30,,8955,,,0,70,,8956,,,0,30,,8957,,,0,70,,8958,,,0
16100,'220.0.4',534,,8959,,,0,70,,8960,,,0,30,,8961,,,0,70,,8962,,,0,30,,8963,,,0,70,,8964,,,0
16101,'220.0.3',1607,,8970,4,,0,33,,8965,4,,0,75,,8966,4,,0,32,,8967,4,,0,65,,8968,4,,0,24,,8969,4,,0
16101,'220.0.4',1607,,8976,4,,0,33,,8971,4,,0,75,,8972,4,,0,32,,8973,4,,0,65,,8974,4,,0,24,,8975,4,,0
