3900,'236.0.1',636,,3078,36,4,,0,70,,3079,36,4,,0,30,,3080,36,4,,0,70,,3081,36,4,,0,30,,3082,36,4,,0,70,,3083,36,4,,0,30,,3084,36,4,,0,70,,3085,36,4,,0,32,,3086,36,4,,0,71,,3087,36,4,,0,30,,3088,36,4,,0,70,,3089,36,4,,0,30,,3090,36,4,,0,70,,3091,36,4,,0,30,,3092,36,4,,0,70,,3093,36,4,,0,30,,3094,36,4,,0,70,,3095,36,4,,0,30,,3096,36,4,,0,70,,3097,36,4,,0,30,,3098,36,4,,0,70,,3099,36,4,,0,30,,3100,36,4,,0,70,,3101,36,4,,0,30,,3102,36,4,,0,70,,3103,36,4,,0,28,,3104,36,4,,0,70,,3105,36,4,,0,30,,3106,36,4,,0,70,,3107,36,4,,0,30,,3108,36,4,,0,70,,3109,36,4,,0,30,,3110,36,4,,0,70,,3111,36,4,,0,30,,3112,36,4,,0
3900,'236.0.2',637,,3113,36,4,,0,100,,3114,36,4,,0,100,,3115,36,4,,0,100,,3116,36,4,,0,100,,3117,36,4,,0,102,,3118,36,4,,0,101,,3119,36,4,,0,100,,3120,36,4,,0,100,,3121,36,4,,0,100,,3122,36,4,,0,100,,3123,36,4,,0,100,,3124,36,4,,0,98,,3125,36,4,,0,100,,3126,36,4,,0,100,,3127,36,4,,0,100,,3128,36,4,,0
3900,'236.0.3',643,,3129,36,4,,0,70,,3130,36,4,,0,34,,3131,36,4,,0,71,,3132,36,4,,0,30,,3133,36,4,,0,68,,3134,36,4,,0,26,,3135,36,4,,0,70,,3136,36,4,,0,30,,3137,36,4,,0,70,,3138,36,4,,0,30,,3139,36,4,,0,70,,3140,36,4,,0,30,,3141,36,4,,0,70,,3142,36,4,,0,30,,3143,36,4,,0,70,,3144,36,4,,0,30,,3145,36,4,,0,71,,3146,36,4,,0,35,,3147,36,4,,0,70,,3148,36,4,,0,30,,3149,36,4,,0,70,,3150,36,4,,0,30,,3151,36,4,,0,69,,3152,36,4,,0,26,,3153,36,4,,0,70,,3154,36,4,,0,99,,3155,36,4,,0,98,,3156,36,4,,0,100,,3157,36,4,,0,100,,3158,36,4,,0
3901,'236.0.1',615,,3159,1,,,0,30,,3160,1,,,0,70,,3161,1,,,0,30,,3162,1,,,0,70,,3163,1,,,0,30,,3164,1,,,0,70,,3165,1,,,0,30,,3166,1,,,0,70,,3167,1,,,0,30,,3168,1,,,0,70,,3169,1,,,0,30,,3170,1,,,0,70,,3171,1,,,0,30,,3172,1,,,0,70,,3173,1,,,0,30,,3174,1,,,0,70,,3175,1,,,0,30,,3176,1,,,0,70,,3177,1,,,0,30,,3178,1,,,0,70,,3179,1,,,0,30,,3180,1,,,0,70,,3181,1,,,0,30,,3182,1,,,0,70,,3183,1,,,0,30,,3184,1,,,0,70,,3185,1,,,0,30,,3186,1,,,0,70,,3187,1,,,0,30,,3188,1,,,0,70,,3189,1,,,0,30,,3190,1,,,0,70,,3191,1,,,0,30,,3192,1,,,0,70,,3193,1,,,0
3901,'236.0.2',645,,3194,1,,,0,100,,3195,1,,,0,100,,3196,1,,,0,100,,3197,1,,,0,100,,3198,1,,,0,100,,3199,1,,,0,100,,3200,1,,,0,100,,3201,1,,,0,100,,3202,1,,,0,100,,3203,1,,,0,100,,3204,1,,,0,100,,3205,1,,,0,100,,3206,1,,,0,100,,3207,1,,,0,100,,3208,1,,,0,100,,3209,1,,,0
3901,'236.0.3',557,,3210,1,,,0,70,,3211,1,,,0,30,,3212,1,,,0,70,,3213,1,,,0,30,,3214,1,,,0,70,,3215,1,,,0,30,,3216,1,,,0,70,,3217,1,,,0,30,,3218,1,,,0,70,,3219,1,,,0,30,,3220,1,,,0,70,,3221,1,,,0,30,,3222,1,,,0,70,,3223,1,,,0,30,,3224,1,,,0,70,,3225,1,,,0,30,,3226,1,,,0,70,,3227,1,,,0,30,,3228,1,,,0,70,,3229,1,,,0,30,,3230,1,,,0,70,,3231,1,,,0,30,,3232,1,,,0,70,,3233,1,,,0,30,,3234,1,,,0,100,,3235,1,,,0,100,,3236,1,,,0,100,,3237,1,,,0,100,,3238,1,,,0,100,,3239,1,,,0
5600,'236.0.1',606,,3627,1,,,0,30,,3628,1,,,0,70,,3629,1,,,0,30,,3630,1,,,0,70,,3631,1,,,0,30,,3632,1,,,0,70,,3633,1,,,0,30,,3634,1,,,0,70,,3635,1,,,0,29,,3636,1,,,0,70,,3637,1,,,0,30,,3638,1,,,0,70,,3639,1,,,0,30,,3640,1,,,0,70,,3641,1,,,0,30,,3642,1,,,0,70,,3643,1,,,0,30,,3644,1,,,0,70,,3645,1,,,0,30,,3646,1,,,0,70,,3647,1,,,0,30,,3648,1,,,0,70,,3649,1,,,0,30,,3650,1,,,0,70,,3651,1,,,0,31,,3652,1,,,0,70,,3653,1,,,0,30,,3654,1,,,0,70,,3655,1,,,0,30,,3656,1,,,0,70,,3657,1,,,0,30,,3658,1,,,0,70,,3659,1,,,0,30,,3660,1,,,0,70,,3661,1,,,0,30,,3662,1,,,0
5600,'236.0.2',706,,3663,1,,,0,30,,3664,1,,,0,70,,3665,1,,,0,30,,3666,1,,,0,70,,3667,1,,,0,30,,3668,1,,,0,70,,3669,1,,,0,30,,3670,1,,,0,70,,3671,1,,,0,30,,3672,1,,,0,70,,3673,1,,,0,30,,3674,1,,,0,70,,3675,1,,,0,30,,3676,1,,,0,70,,3677,1,,,0,30,,3678,1,,,0,70,,3679,1,,,0,30,,3680,1,,,0,70,,3681,1,,,0,30,,3682,1,,,0,70,,3683,1,,,0,30,,3684,1,,,0,70,,3685,1,,,0,30,,3686,1,,,0,70,,3687,1,,,0,30,,3688,1,,,0,70,,3689,1,,,0,30,,3690,1,,,0,70,,3691,1,,,0,30,,3692,1,,,0,70,,3693,1,,,0
5600,'236.0.3',606,,3694,1,,,0,30,,3695,1,,,0,70,,3696,1,,,0,30,,3697,1,,,0,70,,3698,1,,,0,30,,3699,1,,,0,70,,3700,1,,,0,30,,3701,1,,,0,70,,3702,1,,,0,30,,3703,1,,,0,70,,3704,1,,,0,30,,3705,1,,,0,70,,3706,1,,,0,30,,3707,1,,,0,70,,3708,1,,,0,30,,3709,1,,,0,70,,3710,1,,,0,30,,3711,1,,,0,70,,3712,1,,,0,30,,3713,1,,,0,70,,3714,1,,,0,30,,3715,1,,,0,70,,3716,1,,,0,30,,3717,1,,,0,70,,3718,1,,,0,30,,3719,1,,,0,70,,3720,1,,,0,30,,3721,1,,,0,70,,3722,1,,,0,30,,3723,1,,,0,70,,3724,1,,,0,30,,3725,1,,,0,70,,3726,1,,,0,30,,3727,1,,,0,70,,3728,1,,,0,30,,3729,1,,,0
5601,'236.0.1',644,,3730,33,4,,0,70,,3731,33,4,,0,30,,3732,33,4,,0,70,,3733,33,4,,0,30,,3734,33,4,,0,70,,3735,33,4,,0,30,,3736,33,4,,0,70,,3737,33,4,,0,36,,3738,33,4,,0,70,,3739,33,4,,0,30,,3740,33,4,,0,70,,3741,33,4,,0,30,,3742,33,4,,0,70,,3743,33,4,,0,30,,3744,33,4,,0,70,,3745,33,4,,0,30,,3746,33,4,,0,70,,3747,33,4,,0,30,,3748,33,4,,0,70,,3749,33,4,,0,30,,3750,33,4,,0,68,,3751,33,4,,0,30,,3752,33,4,,0,70,,3753,33,4,,0,30,,3754,33,4,,0,70,,3755,33,4,,0,30,,3756,33,4,,0,70,,3757,33,4,,0,30,,3758,33,4,,0,66,,3759,33,4,,0,30,,3760,33,4,,0,70,,3761,33,4,,0,30,,3762,33,4,,0,70,,3763,33,4,,0,30,,3764,33,4,,0,70,,3765,33,4,,0
5601,'236.0.2',807,,3766,33,4,,0,30,,3767,33,4,,0,70,,3768,33,4,,0,30,,3769,33,4,,0,70,,3770,33,4,,0,30,,3771,33,4,,0,70,,3772,33,4,,0,30,,3773,33,4,,0,74,,3774,33,4,,0,30,,3775,33,4,,0,70,,3776,33,4,,0,30,,3777,33,4,,0,70,,3778,33,4,,0,30,,3779,33,4,,0,70,,3780,33,4,,0,30,,3781,33,4,,0,70,,3782,33,4,,0,30,,3783,33,4,,0,70,,3784,33,4,,0,30,,3785,33,4,,0,70,,3786,33,4,,0,30,,3787,33,4,,0,70,,3788,33,4,,0,27,,3789,33,4,,0,70,,3790,33,4,,0,30,,3791,33,4,,0,70,,3792,33,4,,0,30,,3793,33,4,,0,70,,3794,33,4,,0,30,,3795,33,4,,0
5601,'236.0.3',647,,3796,33,4,,0,70,,3797,33,4,,0,30,,3798,33,4,,0,70,,3799,33,4,,0,30,,3800,33,4,,0,70,,3801,33,4,,0,30,,3802,33,4,,0,70,,3803,33,4,,0,34,,3804,33,4,,0,70,,3805,33,4,,0,30,,3806,33,4,,0,70,,3807,33,4,,0,30,,3808,33,4,,0,70,,3809,33,4,,0,30,,3810,33,4,,0,70,,3811,33,4,,0,30,,3812,33,4,,0,70,,3813,33,4,,0,31,,3814,33,4,,0,70,,3815,33,4,,0,30,,3816,33,4,,0,70,,3817,33,4,,0,30,,3818,33,4,,0,70,,3819,33,4,,0,30,,3820,33,4,,0,67,,3821,33,4,,0,27,,3822,33,4,,0,70,,3823,33,4,,0,30,,3824,33,4,,0,70,,3825,33,4,,0,29,,3826,33,4,,0,69,,3827,33,4,,0,30,,3828,33,4,,0,70,,3829,33,4,,0,30,,3830,33,4,,0,70,,3831,33,4,,0
