400,'236.0.1',550,,1112,1,,,0,100,,1113,1,,,0,100,,1114,1,,,0,70,,1115,1,,,0,30,,1116,1,,,0,70,,1117,1,,,0,30,,1118,1,,,0,70,,1119,1,,,0,30,,1120,1,,,0,70,,1121,1,,,0,30,,1122,1,,,0,70,,1123,1,,,0,30,,1124,1,,,0,70,,1125,1,,,0,30,,1126,1,,,0,70,,1127,1,,,0,30,,1128,1,,,0,70,,1129,1,,,0,30,,1130,1,,,0,70,,1131,1,,,0,30,,1132,1,,,0,70,,1133,1,,,0,30,,1134,1,,,0,70,,1135,1,,,0,30,,1136,1,,,0,70,,1137,1,,,0,30,,1138,1,,,0,70,,1139,1,,,0,30,,1140,1,,,0,70,,1141,1,,,0,30,,1142,1,,,0,100,,1143,1,,,0,100,,1144,1,,,0
400,'236.0.2',645,,1145,1,,,0,70,,1146,1,,,0,30,,1147,1,,,0,70,,1148,1,,,0,30,,1149,1,,,0,70,,1150,1,,,0,30,,1151,1,,,0,70,,1152,1,,,0,30,,1153,1,,,0,70,,1154,1,,,0,30,,1155,1,,,0,70,,1156,1,,,0,30,,1157,1,,,0,70,,1158,1,,,0,30,,1159,1,,,0,70,,1160,1,,,0,30,,1161,1,,,0,70,,1162,1,,,0,30,,1163,1,,,0,70,,1164,1,,,0,30,,1165,1,,,0,70,,1166,1,,,0,30,,1167,1,,,0,70,,1168,1,,,0,30,,1169,1,,,0,70,,1170,1,,,0,30,,1171,1,,,0,100,,1172,1,,,0,100,,1173,1,,,0,100,,1174,1,,,0,100,,1175,1,,,0
400,'236.0.3',600,,1176,1,,,0,20,,1177,1,,,0,20,,1178,1,,,0,60,,1179,1,,,0,15,,1180,1,,,0,15,,1181,1,,,0,15,,1182,1,,,0,55,,1183,1,,,0,15,,1184,1,,,0,15,,1185,1,,,0,15,,1186,1,,,0,55,,1187,1,,,0,15,,1188,1,,,0,15,,1189,1,,,0,15,,1190,1,,,0,55,,1191,1,,,0,15,,1192,1,,,0,15,,1193,1,,,0,15,,1194,1,,,0,55,,1195,1,,,0,15,,1196,1,,,0,15,,1197,1,,,0,15,,1198,1,,,0,55,,1199,1,,,0,15,,1200,1,,,0,15,,1201,1,,,0,15,,1202,1,,,0,55,,1203,1,,,0,10,,1204,1,,,0,10,,1205,1,,,0,10,,1206,1,,,0,10,,1207,1,,,0,10,,1208,1,,,0,50,,1209,1,,,0,8,,1210,1,,,0,8,,1211,1,,,0,8,,1212,1,,,0,8,,1213,1,,,0,8,,1214,1,,,0,8,,1215,1,,,0,8,,1216,1,,,0,48,,1217,1,,,0,8,,1218,1,,,0,8,,1219,1,,,0,8,,1220,1,,,0,8,,1221,1,,,0,8,,1222,1,,,0,8,,1223,1,,,0,48,,1224,1,,,0,8,,1225,1,,,0,8,,1226,1,,,0,8,,1227,1,,,0,8,,1228,1,,,0,8,,1229,1,,,0,16,,1230,1,,,0,48,,1231,1,,,0,8,,1232,1,,,0,8,,1233,1,,,0,8,,1234,1,,,0,8,,1235,1,,,0,9,,1236,1,,,0,55,,1237,1,,,0,15,,1238,1,,,0,15,,1239,1,,,0,20,,1240,1,,,0,60,,1241,1,,,0,20,,1242,1,,,0,20,,1243,1,,,0,60,,1244,1,,,0,20,,1245,1,,,0,20,,1246,1,,,0,60,,1247,1,,,0,20,,1248,1,,,0,20,,1249,1,,,0,70,,1250,1,,,0,30,,1251,1,,,0,70,,1252,1,,,0,30,,1253,1,,,0,70,,1254,1,,,0,30,,1255,1,,,0
400,'236.1141.3',1648,,1256,1,,,0
400,'236.1143.3',1648,,1257,1,,,0
401,'236.0.1',640,,1258,46,4,,0,100,,1259,46,4,,0,100,,1260,46,4,,0,70,,1261,46,4,,0,30,,1262,46,4,,0,70,,1263,46,4,,0,30,,1264,46,4,,0,71,,1265,46,4,,0,33,,1266,46,4,,0,70,,1267,46,4,,0,30,,1268,46,4,,0,70,,1269,46,4,,0,30,,1270,46,4,,0,70,,1271,46,4,,0,30,,1272,46,4,,0,70,,1273,46,4,,0,30,,1274,46,4,,0,70,,1275,46,4,,0,30,,1276,46,4,,0,70,,1277,46,4,,0,30,,1278,46,4,,0,70,,1279,46,4,,0,28,,1280,46,4,,0,70,,1281,46,4,,0,30,,1282,46,4,,0,70,,1283,46,4,,0,30,,1284,46,4,,0,70,,1285,46,4,,0,30,,1286,46,4,,0,69,,1287,46,4,,0,26,,1288,46,4,,0,100,,1289,46,4,,0,100,,1290,46,4,,0
401,'236.0.2',740,,1291,46,4,,0,70,,1292,46,4,,0,30,,1293,46,4,,0,70,,1294,46,4,,0,30,,1295,46,4,,0,70,,1296,46,4,,0,30,,1297,46,4,,0,71,,1298,46,4,,0,29,,1299,46,4,,0,70,,1300,46,4,,0,30,,1301,46,4,,0,70,,1302,46,4,,0,30,,1303,46,4,,0,70,,1304,46,4,,0,30,,1305,46,4,,0,70,,1306,46,4,,0,30,,1307,46,4,,0,70,,1308,46,4,,0,30,,1309,46,4,,0,70,,1310,46,4,,0,30,,1311,46,4,,0,70,,1312,46,4,,0,30,,1313,46,4,,0,70,,1314,46,4,,0,30,,1315,46,4,,0,71,,1316,46,4,,0,26,,1317,46,4,,0,100,,1318,46,4,,0,100,,1319,46,4,,0,100,,1320,46,4,,0,100,,1321,46,4,,0
401,'236.0.3',619,,1322,46,4,,0,15,,1323,46,4,,0,15,,1324,46,4,,0,55,,1325,46,4,,0,20,,1326,46,4,,0,20,,1327,46,4,,0,8,,1328,46,4,,0,48,,1329,46,4,,0,8,,1330,46,4,,0,8,,1331,46,4,,0,8,,1332,46,4,,0,8,,1333,46,4,,0,8,,1334,46,4,,0,8,,1335,46,4,,0,8,,1336,46,4,,0,48,,1337,46,4,,0,8,,1338,46,4,,0,8,,1339,46,4,,0,7,,1340,46,4,,0,6,,1341,46,4,,0,8,,1342,46,4,,0,8,,1343,46,4,,0,8,,1344,46,4,,0,48,,1345,46,4,,0,8,,1346,46,4,,0,8,,1347,46,4,,0,8,,1348,46,4,,0,8,,1349,46,4,,0,8,,1350,46,4,,0,11,,1351,46,4,,0,55,,1352,46,4,,0,15,,1353,46,4,,0,15,,1354,46,4,,0,15,,1355,46,4,,0,55,,1356,46,4,,0,15,,1357,46,4,,0,15,,1358,46,4,,0,15,,1359,46,4,,0,55,,1360,46,4,,0,15,,1361,46,4,,0,15,,1362,46,4,,0,15,,1363,46,4,,0,55,,1364,46,4,,0,15,,1365,46,4,,0,15,,1366,46,4,,0,15,,1367,46,4,,0,55,,1368,46,4,,0,16,,1369,46,4,,0,17,,1370,46,4,,0,58,,1371,46,4,,0,15,,1372,46,4,,0,15,,1373,46,4,,0,15,,1374,46,4,,0,55,,1375,46,4,,0,15,,1376,46,4,,0,15,,1377,46,4,,0,15,,1378,46,4,,0,55,,1379,46,4,,0,12,,1380,46,4,,0,12,,1381,46,4,,0,11,,1382,46,4,,0,15,,1383,46,4,,0,55,,1384,46,4,,0,20,,1385,46,4,,0,20,,1386,46,4,,0,60,,1387,46,4,,0,20,,1388,46,4,,0,20,,1389,46,4,,0,60,,1390,46,4,,0,20,,1391,46,4,,0,20,,1392,46,4,,0,60,,1393,46,4,,0,18,,1394,46,4,,0,28,,1395,46,4,,0,70,,1396,46,4,,0,30,,1397,46,4,,0,70,,1398,46,4,,0,30,,1399,46,4,,0,70,,1400,46,4,,0
1001000,'236.0.3',620,,7069,1,,,0,19,,7070,1,,,0,19,,7071,1,,,0,68,,7072,1,,,0,18,,7073,1,,,0,56,,7074,1,,,0,20,,7075,1,,,0,20,,7076,1,,,0,60,,7077,1,,,0,500,,7078,1,,,0,19,,7079,1,,,0,20,,7080,1,,,0,20,,7081,1,,,0,60,,7082,1,,,0,20,,7083,1,,,0,20,,7084,1,,,0,60,,7085,1,,,0,20,,7086,1,,,0,10,,7087,1,,,0,70,,7088,1,,,0,20,,7089,1,,,0,20,,7090,1,,,0,60,,7091,1,,,0
1001001,'236.0.3',656,,7092,22,4,,0,68,,7093,22,4,,0,20,,7094,22,4,,0,60,,7095,22,4,,0,20,,7096,22,4,,0,20,,7097,22,4,,0,60,,7098,22,4,,0,15,,7099,22,4,,0,20,,7100,22,4,,0,511,,7101,22,4,,0,55,,7102,22,4,,0,24,,7103,22,4,,0,21,,7104,22,4,,0,60,,7105,22,4,,0,20,,7106,22,4,,0,20,,7107,22,4,,0,65,,7108,22,4,,0,24,,7109,22,4,,0,62,,7110,22,4,,0,20,,7111,22,4,,0,9,,7112,22,4,,0,20,,7113,22,4,,0
2001000,'236.0.1',630,,8072,1,,,0,85,,8073,1,,,0,30,,8074,1,,,0,70,,8075,1,,,0,30,,8076,1,,,0,70,,8077,1,,,0,30,,8078,1,,,0,70,,8079,1,,,0,30,,8080,1,,,0,70,,8081,1,,,0,30,,8082,1,,,0,70,,8083,1,,,0,30,,8084,1,,,0,70,,8085,1,,,0,30,,8086,1,,,0,70,,8087,1,,,0,30,,8088,1,,,0,70,,8089,1,,,0,30,,8090,1,,,0,70,,8091,1,,,0,30,,8092,1,,,0,70,,8093,1,,,0,30,,8094,1,,,0,70,,8095,1,,,0,30,,8096,1,,,0,70,,8097,1,,,0,30,,8098,1,,,0,85,,8099,1,,,0,100,,8100,1,,,0,100,,8101,1,,,0,100,,8102,1,,,0
2001000,'236.0.2',630,,8103,1,,,0,115,,8104,1,,,0,70,,8105,1,,,0,30,,8106,1,,,0,70,,8107,1,,,0,30,,8108,1,,,0,70,,8109,1,,,0,30,,8110,1,,,0,70,,8111,1,,,0,30,,8112,1,,,0,70,,8113,1,,,0,30,,8114,1,,,0,70,,8115,1,,,0,30,,8116,1,,,0,70,,8117,1,,,0,30,,8118,1,,,0,70,,8119,1,,,0,30,,8120,1,,,0,70,,8121,1,,,0,30,,8122,1,,,0,70,,8123,1,,,0,30,,8124,1,,,0,85,,8125,1,,,0,100,,8126,1,,,0,100,,8127,1,,,0,100,,8128,1,,,0,100,,8129,1,,,0,100,,8130,1,,,0,100,,8131,1,,,0
2001000,'236.0.3',542,,8132,1,,,0,91,,8133,1,,,0,20,,8134,1,,,0,60,,8135,1,,,0,20,,8136,1,,,0,20,,8137,1,,,0,60,,8138,1,,,0,20,,8139,1,,,0,20,,8140,1,,,0,77,,8141,1,,,0,70,,8142,1,,,0,30,,8143,1,,,0,70,,8144,1,,,0,30,,8145,1,,,0,70,,8146,1,,,0,30,,8147,1,,,0,70,,8148,1,,,0,30,,8149,1,,,0,25,,8150,1,,,0,57,,8151,1,,,0,20,,8152,1,,,0,20,,8153,1,,,0,60,,8154,1,,,0,20,,8155,1,,,0,20,,8156,1,,,0,60,,8157,1,,,0,20,,8158,1,,,0,20,,8159,1,,,0,60,,8160,1,,,0,20,,8161,1,,,0,20,,8162,1,,,0,60,,8163,1,,,0,23,,8164,1,,,0,20,,8165,1,,,0,64,,8166,1,,,0,30,,8167,1,,,0,70,,8168,1,,,0,30,,8169,1,,,0,70,,8170,1,,,0
2001001,'236.0.1',705,,8171,33,4,,0,54,,8172,33,4,,0,89,,8173,33,4,,0,72,,8174,33,4,,0,30,,8175,33,4,,0,71,,8176,33,4,,0,33,,8177,33,4,,0,73,,8178,33,4,,0,31,,8179,33,4,,0,72,,8180,33,4,,0,73,,8181,33,4,,0,32,,8182,33,4,,0,70,,8183,33,4,,0,30,,8184,33,4,,0,70,,8185,33,4,,0,30,,8186,33,4,,0,70,,8187,33,4,,0,30,,8188,33,4,,0,70,,8189,33,4,,0,30,,8190,33,4,,0,70,,8191,33,4,,0,30,,8192,33,4,,0,70,,8193,33,4,,0,25,,8194,33,4,,0,26,,8195,33,4,,0,70,,8196,33,4,,0,30,,8197,33,4,,0,100,,8198,33,4,,0,98,,8199,33,4,,0,99,,8200,33,4,,0,100,,8201,33,4,,0
2001001,'236.0.2',658,,8202,33,4,,0,92,,8203,33,4,,0,90,,8204,33,4,,0,72,,8205,33,4,,0,33,,8206,33,4,,0,72,,8207,33,4,,0,32,,8208,33,4,,0,72,,8209,33,4,,0,31,,8210,33,4,,0,72,,8211,33,4,,0,30,,8212,33,4,,0,70,,8213,33,4,,0,30,,8214,33,4,,0,70,,8215,33,4,,0,32,,8216,33,4,,0,71,,8217,33,4,,0,30,,8218,33,4,,0,70,,8219,33,4,,0,30,,8220,33,4,,0,69,,8221,33,4,,0,30,,8222,33,4,,0,69,,8223,33,4,,0,29,,8224,33,4,,0,101,,8225,33,4,,0,100,,8226,33,4,,0,100,,8227,33,4,,0,100,,8228,33,4,,0,100,,8229,33,4,,0,100,,8230,33,4,,0
2001001,'236.0.3',617,,8231,33,4,,0,30,,8232,33,4,,0,67,,8233,33,4,,0,23,,8234,33,4,,0,22,,8269,33,4,,0,60,,8235,33,4,,0,20,,8236,33,4,,0,20,,8237,33,4,,0,59,,8238,33,4,,0,90,,8239,33,4,,0,20,,8240,33,4,,0,24,,8241,33,4,,0,74,,8242,33,4,,0,31,,8243,33,4,,0,70,,8244,33,4,,0,30,,8245,33,4,,0,70,,8246,33,4,,0,30,,8247,33,4,,0,79,,8248,33,4,,0,21,,8249,33,4,,0,64,,8250,33,4,,0,15,,8251,33,4,,0,21,,8252,33,4,,0,60,,8253,33,4,,0,20,,8254,33,4,,0,21,,8255,33,4,,0,64,,8256,33,4,,0,25,,8257,33,4,,0,61,,8258,33,4,,0,20,,8259,33,4,,0,9,,8260,33,4,,0,20,,8261,33,4,,0,70,,8262,33,4,,0,22,,8263,33,4,,0,72,,8264,33,4,,0,30,,8265,33,4,,0,70,,8266,33,4,,0,30,,8267,33,4,,0,70,,8268,33,4,,0
3001000,'236.0.1',600,,8621,1,0,14,0,100,,8622,1,0,14,0,30,,8623,1,0,14,0,70,,8624,1,0,14,0,30,,8625,1,0,14,0,70,,8626,1,0,14,0,30,,8627,1,0,14,0,70,,8628,1,0,14,0,30,,8629,1,0,14,0,70,,8630,1,0,14,0,30,,8631,1,0,14,0,70,,8632,1,0,14,0,30,,8633,1,0,14,0,70,,8634,1,0,14,0,30,,8635,1,0,14,0,70,,8636,1,0,14,0,30,,8637,1,0,14,0,70,,8638,1,0,14,0,30,,8639,1,0,14,0,70,,8640,1,0,14,0,30,,8641,1,0,14,0,70,,8642,1,0,14,0,30,,8643,1,0,14,0,70,,8644,1,0,14,0,30,,8645,1,0,14,0,70,,8646,1,0,14,0,100,,8647,1,0,14,0,100,,8648,1,0,14,0,100,,8649,1,0,14,0,100,,8650,1,0,14,0,100,,8651,1,0,14,0
3001000,'236.0.2',600,,8653,1,0,14,0,100,,8654,1,0,14,0,30,,8655,1,0,14,0,70,,8656,1,0,14,0,30,,8657,1,0,14,0,70,,8658,1,0,14,0,30,,8659,1,0,14,0,70,,8660,1,0,14,0,30,,8661,1,0,14,0,70,,8662,1,0,14,0,30,,8663,1,0,14,0,70,,8664,1,0,14,0,30,,8665,1,0,14,0,70,,8666,1,0,14,0,30,,8667,1,0,14,0,70,,8668,1,0,14,0,30,,8669,1,0,14,0,70,,8670,1,0,14,0,30,,8671,1,0,14,0,70,,8672,1,0,14,0,30,,8673,1,0,14,0,70,,8674,1,0,14,0,30,,8675,1,0,14,0,70,,8676,1,0,14,0,100,,8677,1,0,14,0,100,,8678,1,0,14,0,100,,8679,1,0,14,0,100,,8680,1,0,14,0,100,,8681,1,0,14,0
3001000,'236.0.3',547,,8685,1,0,14,0,59,,8686,1,0,14,0,20,,8687,1,0,14,0,19,,8688,1,0,14,0,58,,8689,1,0,14,0,17,,8690,1,0,14,0,18,,8691,1,0,14,0,69,,8692,1,0,14,0,20,,8693,1,0,14,0,20,,8694,1,0,14,0,68,,8695,1,0,14,0,30,,8696,1,0,14,0,70,,8697,1,0,14,0,30,,8698,1,0,14,0,70,,8699,1,0,14,0,30,,8700,1,0,14,0,70,,8701,1,0,14,0,30,,8702,1,0,14,0,70,,8703,1,0,14,0,30,,8704,1,0,14,0,60,,8705,1,0,14,0,20,,8706,1,0,14,0,20,,8707,1,0,14,0,60,,8708,1,0,14,0,20,,8709,1,0,14,0,20,,8710,1,0,14,0,60,,8711,1,0,14,0,20,,8712,1,0,14,0,20,,8713,1,0,14,0,60,,8714,1,0,14,0,20,,8715,1,0,14,0,20,,8716,1,0,14,0,60,,8717,1,0,14,0,20,,8718,1,0,14,0,20,,8719,1,0,14,0,59,,8720,1,0,14,0,30,,8721,1,0,14,0,70,,8722,1,0,14,0,30,,8723,1,0,14,0,70,,8724,1,0,14,0,30,,8725,1,0,14,0,70,,8726,1,0,14,0,30,,8727,1,0,14,0,70,,8728,1,0,14,0,30,,8729,1,0,14,0,70,,8730,1,0,14,0
3001001,'236.0.1',635,,8731,41,4,,0,94,,8732,41,4,,0,100,,8733,41,4,,0,76,,8734,41,4,,0,30,,8735,41,4,,0,70,,8736,41,4,,0,30,,8737,41,4,,0,74,,8738,41,4,,0,34,,8739,41,4,,0,71,,8740,41,4,,0,32,,8741,41,4,,0,74,,8742,41,4,,0,30,,8743,41,4,,0,70,,8744,41,4,,0,30,,8745,41,4,,0,70,,8746,41,4,,0,30,,8747,41,4,,0,70,,8748,41,4,,0,30,,8749,41,4,,0,70,,8750,41,4,,0,30,,8751,41,4,,0,70,,8752,41,4,,0,30,,8753,41,4,,0,68,,8754,41,4,,0,24,,8755,41,4,,0,68,,8756,41,4,,0,30,,8757,41,4,,0,100,,8758,41,4,,0,96,,8759,41,4,,0,93,,8760,41,4,,0,100,,8761,41,4,,0
3001001,'236.0.2',633,,8763,41,4,,0,90,,8764,41,4,,0,100,,8765,41,4,,0,30,,8766,41,4,,0,70,,8767,41,4,,0,30,,8768,41,4,,0,75,,8769,41,4,,0,73,,8770,41,4,,0,34,,8771,41,4,,0,70,,8772,41,4,,0,31,,8773,41,4,,0,71,,8774,41,4,,0,31,,8775,41,4,,0,70,,8776,41,4,,0,30,,8777,41,4,,0,70,,8778,41,4,,0,33,,8779,41,4,,0,70,,8780,41,4,,0,30,,8781,41,4,,0,70,,8782,41,4,,0,30,,8783,41,4,,0,70,,8784,41,4,,0,30,,8785,41,4,,0,68,,8786,41,4,,0,27,,8787,41,4,,0,100,,8788,41,4,,0,94,,8789,41,4,,0,100,,8790,41,4,,0,100,,8791,41,4,,0
3001001,'236.0.3',602,,8793,41,4,,0,30,,8794,41,4,,0,75,,8795,41,4,,0,25,,8796,41,4,,0,22,,8797,41,4,,0,60,,8798,41,4,,0,18,,8799,41,4,,0,19,,8800,41,4,,0,60,,8801,41,4,,0,15,,8802,41,4,,0,32,,8803,41,4,,0,60,,8804,41,4,,0,20,,8805,41,4,,0,68,,8806,41,4,,0,36,,8807,41,4,,0,70,,8808,41,4,,0,30,,8809,41,4,,0,70,,8810,41,4,,0,30,,8811,41,4,,0,70,,8812,41,4,,0,30,,8813,41,4,,0,70,,8814,41,4,,0,30,,8815,41,4,,0,61,,8816,41,4,,0,20,,8817,41,4,,0,20,,8818,41,4,,0,61,,8819,41,4,,0,27,,8820,41,4,,0,23,,8821,41,4,,0,60,,8822,41,4,,0,20,,8823,41,4,,0,18,,8824,41,4,,0,56,,8825,41,4,,0,17,,8826,41,4,,0,9,,8827,41,4,,0,12,,8828,41,4,,0,59,,8829,41,4,,0,39,,8830,41,4,,0,70,,8831,41,4,,0,30,,8832,41,4,,0,70,,8833,41,4,,0,30,,8834,41,4,,0,68,,8835,41,4,,0,24,,8836,41,4,,0
