801,'236.0.1',554,,1843,50,,,0,70,,1844,50,,,0,30,,1845,50,,,0,70,,1846,50,,,0,30,,1847,50,,,0,73,,1848,50,,,0,30,,1849,50,,,0,70,,1850,50,,,0,31,,1851,50,,,0,74,,1852,50,,,0,70,,1853,50,,,0,30,,1854,50,,,0,70,,1855,50,,,0,30,,1856,50,,,0,71,,1857,50,,,0,31,,1858,50,,,0,70,,1859,50,,,0,30,,1860,50,,,0,70,,1861,50,,,0,30,,1862,50,,,0,70,,1863,50,,,0,30,,1864,50,,,0,70,,1865,50,,,0,30,,1866,50,,,0,68,,1867,50,,,0,29,,1868,50,,,0,70,,1869,50,,,0,29,,1870,50,,,0,25,,1871,50,,,0,69,,1872,50,,,0,30,,1873,50,,,0,70,,1874,50,,,0,30,,1875,50,,,0,70,,1876,50,,,0,30,,1877,50,,,0,70,,1878,50,,,0,30,,1879,50,,,0,100,,1880,50,,,0
801,'236.0.2',558,,1881,50,,,0,70,,1882,50,,,0,30,,1883,50,,,0,70,,1884,50,,,0,30,,1885,50,,,0,70,,1886,50,,,0,30,,1887,50,,,0,75,,1888,50,,,0,70,,1889,50,,,0,30,,1890,50,,,0,71,,1891,50,,,0,30,,1892,50,,,0,70,,1893,50,,,0,30,,1894,50,,,0,70,,1895,50,,,0,30,,1896,50,,,0,70,,1897,50,,,0,30,,1898,50,,,0,70,,1899,50,,,0,30,,1900,50,,,0,70,,1901,50,,,0,30,,1902,50,,,0,70,,1903,50,,,0,30,,1904,50,,,0,69,,1905,50,,,0,28,,1906,50,,,0,70,,1907,50,,,0,30,,1908,50,,,0,70,,1909,50,,,0,30,,1910,50,,,0,70,,1911,50,,,0,27,,1912,50,,,0,30,,1913,50,,,0,70,,1914,50,,,0,100,,1915,50,,,0,100,,1916,50,,,0
801,'236.0.3',544,,1917,50,,,0,70,,1918,50,,,0,30,,1919,50,,,0,60,,1920,50,,,0,24,,1921,50,,,0,20,,1922,50,,,0,60,,1923,50,,,0,20,,1924,50,,,0,20,,1925,50,,,0,60,,1926,50,,,0,17,,1927,50,,,0,20,,1928,50,,,0,60,,1929,50,,,0,20,,1930,50,,,0,20,,1931,50,,,0,60,,1932,50,,,0,20,,1933,50,,,0,20,,1934,50,,,0,60,,1935,50,,,0,20,,1936,50,,,0,20,,1937,50,,,0,60,,1938,50,,,0,20,,1939,50,,,0,20,,1940,50,,,0,60,,1941,50,,,0,20,,1942,50,,,0,20,,1943,50,,,0,60,,1944,50,,,0,23,,1945,50,,,0,73,,1946,50,,,0,30,,1947,50,,,0,70,,1948,50,,,0,30,,1949,50,,,0,69,,1950,50,,,0,25,,1951,50,,,0,28,,1952,50,,,0,70,,1953,50,,,0,30,,1954,50,,,0,70,,1955,50,,,0,30,,1956,50,,,0,67,,1957,50,,,0,29,,1958,50,,,0,70,,1959,50,,,0,30,,1960,50,,,0,70,,1961,50,,,0,30,,1962,50,,,0,70,,1963,50,,,0,30,,1964,50,,,0
3900,'236.0.1',616,,3078,26,,,0,30,,3079,26,,,0,70,,3080,26,,,0,30,,3081,26,,,0,70,,3082,26,,,0,30,,3083,26,,,0,70,,3084,26,,,0,30,,3085,26,,,0,70,,3086,26,,,0,31,,3087,26,,,0,70,,3088,26,,,0,30,,3089,26,,,0,70,,3090,26,,,0,30,,3091,26,,,0,70,,3092,26,,,0,30,,3093,26,,,0,70,,3094,26,,,0,30,,3095,26,,,0,70,,3096,26,,,0,30,,3097,26,,,0,70,,3098,26,,,0,30,,3099,26,,,0,70,,3100,26,,,0,30,,3101,26,,,0,70,,3102,26,,,0,30,,3103,26,,,0,70,,3104,26,,,0,30,,3105,26,,,0,70,,3106,26,,,0,30,,3107,26,,,0,70,,3108,26,,,0,30,,3109,26,,,0,70,,3110,26,,,0,30,,3111,26,,,0,70,,3112,26,,,0
3900,'236.0.2',617,,3113,26,,,0,100,,3114,26,,,0,100,,3115,26,,,0,100,,3116,26,,,0,100,,3117,26,,,0,100,,3118,26,,,0,101,,3119,26,,,0,100,,3120,26,,,0,100,,3121,26,,,0,100,,3122,26,,,0,100,,3123,26,,,0,100,,3124,26,,,0,100,,3125,26,,,0,100,,3126,26,,,0,100,,3127,26,,,0,100,,3128,26,,,0
3900,'236.0.3',620,,3129,26,,,0,30,,3130,26,,,0,71,,3131,26,,,0,31,,3132,26,,,0,70,,3133,26,,,0,30,,3134,26,,,0,68,,3135,26,,,0,30,,3136,26,,,0,70,,3137,26,,,0,30,,3138,26,,,0,70,,3139,26,,,0,30,,3140,26,,,0,70,,3141,26,,,0,30,,3142,26,,,0,70,,3143,26,,,0,30,,3144,26,,,0,70,,3145,26,,,0,30,,3146,26,,,0,72,,3147,26,,,0,30,,3148,26,,,0,70,,3149,26,,,0,30,,3150,26,,,0,70,,3151,26,,,0,30,,3152,26,,,0,68,,3153,26,,,0,30,,3154,26,,,0,100,,3155,26,,,0,100,,3156,26,,,0,100,,3157,26,,,0,100,,3158,26,,,0
9001,'236.0.1',618,,5813,36,,,0,30,,5814,36,,,0,70,,5815,36,,,0,25,,5816,36,,,0,70,,5817,36,,,0,30,,5818,36,,,0,70,,5819,36,,,0,25,,5820,36,,,0,71,,5821,36,,,0,31,,5822,36,,,0,70,,5823,36,,,0,30,,5824,36,,,0,70,,5825,36,,,0,30,,5826,36,,,0,70,,5827,36,,,0,30,,5828,36,,,0,70,,5829,36,,,0,30,,5830,36,,,0,70,,5831,36,,,0,30,,5832,36,,,0,70,,5833,36,,,0,30,,5834,36,,,0,70,,5835,36,,,0,35,,5836,36,,,0,68,,5837,36,,,0,29,,5838,36,,,0,70,,5839,36,,,0,30,,5840,36,,,0,70,,5841,36,,,0,100,,5842,36,,,0,100,,5843,36,,,0,100,,5844,36,,,0,100,,5845,36,,,0
9001,'236.0.2',605,,5846,36,,,0,100,,5847,36,,,0,100,,5848,36,,,0,100,,5849,36,,,0,96,,5850,36,,,0,102,,5851,36,,,0,100,,5852,36,,,0,102,,5853,36,,,0,100,,5854,36,,,0,98,,5855,36,,,0,100,,5856,36,,,0,100,,5857,36,,,0,98,,5858,36,,,0,103,,5859,36,,,0,105,,5860,36,,,0,98,,5861,36,,,0,100,,5862,36,,,0,99,,5863,36,,,0
9001,'236.0.3',550,,5864,36,,,0,70,,5865,36,,,0,30,,5866,36,,,0,62,,5898,36,,,0,13,,5867,36,,,0,15,,5899,36,,,0,10,,5868,36,,,0,55,,5900,36,,,0,15,,5869,36,,,0,16,,5901,36,,,0,11,,5870,36,,,0,55,,5902,36,,,0,15,,5871,36,,,0,30,,5872,36,,,0,65,,5873,36,,,0,30,,5874,36,,,0,70,,5875,36,,,0,30,,5876,36,,,0,70,,5877,36,,,0,30,,5878,36,,,0,70,,5879,36,,,0,30,,5880,36,,,0,70,,5881,36,,,0,30,,5882,36,,,0,70,,5883,36,,,0,33,,5884,36,,,0,61,,5903,36,,,0,22,,5885,36,,,0,8,,5904,36,,,0,65,,5886,36,,,0,15,,5905,36,,,0,15,,5887,36,,,0,15,,5906,36,,,0,12,,5888,36,,,0,53,,5907,36,,,0,13,,5889,36,,,0,12,,5908,36,,,0,13,,5890,36,,,0,52,,5909,36,,,0,13,,5891,36,,,0,30,,5892,36,,,0,69,,5893,36,,,0,30,,5894,36,,,0,100,,5895,36,,,0,100,,5896,36,,,0,100,,5897,36,,,0
9101,'236.0.1',812,,5964,39,,,0,100,,5965,39,,,0,101,,5966,39,,,0,100,,5967,39,,,0,100,,5968,39,,,0,100,,5969,39,,,0,100,,5970,39,,,0,100,,5971,39,,,0,100,,5972,39,,,0,100,,5973,39,,,0,100,,5974,39,,,0,99,,5975,39,,,0,100,,5976,39,,,0,100,,5977,39,,,0,100,,5978,39,,,0,100,,5979,39,,,0
9101,'236.0.2',841,,5980,39,,,0,100,,5981,39,,,0,101,,5982,39,,,0,100,,5983,39,,,0,100,,5984,39,,,0,100,,5985,39,,,0,100,,5986,39,,,0,100,,5987,39,,,0,100,,5988,39,,,0,99,,5989,39,,,0,100,,5990,39,,,0,100,,5991,39,,,0,100,,5992,39,,,0,100,,5993,39,,,0,100,,5994,39,,,0
9101,'236.0.3',615,,5995,39,,,0,30,,5996,39,,,0,77,,5997,39,,,0,24,,5998,39,,,0,70,,5999,39,,,0,37,,6000,39,,,0,67,,6001,39,,,0,29,,6002,39,,,0,100,,6003,39,,,0,103,,6004,39,,,0,100,,6005,39,,,0,99,,6006,39,,,0,149,,6007,39,,,0,101,,6008,39,,,0,31,,6009,39,,,0,70,,6010,39,,,0,32,,6011,39,,,0,70,,6012,39,,,0,23,,6013,39,,,0,94,,6014,39,,,0,100,,6015,39,,,0,100,,6016,39,,,0,100,,6017,39,,,0,100,,6018,39,,,0
9301,'236.0.3',621,,6026,36,,,0,30,,6027,36,,,0,71,,6028,36,,,0,30,,6029,36,,,0,71,,6030,36,,,0,30,,6031,36,,,0
