1000900,'220.0.1',724,,10141,4,,0,100,,10142,4,,0,100,,10143,4,,0,103,,10144,4,,0,100,,10145,4,,0,96,,10146,4,,0,103,,10147,4,,0,100,,10148,4,,0,100,,10149,4,,0,100,,10150,4,,0,100,,10151,4,,0,100,,10152,4,,0,100,,10153,4,,0,99,,10154,4,,0,100,,10155,4,,0,100,,10156,4,,0,100,,10157,4,,0,100,,10158,4,,0
1000900,'220.0.2',722,,10159,4,,0,96,,10160,4,,0,100,,10161,4,,0,100,,10162,4,,0,111,,10163,4,,0,100,,10164,4,,0,100,,10165,4,,0,100,,10166,4,,0,100,,10167,4,,0,100,,10168,4,,0,100,,10169,4,,0,100,,10170,4,,0,100,,10171,4,,0,100,,10172,4,,0,95,,10173,4,,0,100,,10174,4,,0,100,,10175,4,,0,100,,10176,4,,0
1000900,'220.0.3',639,,10177,4,,0,70,,10178,4,,0,30,,10179,4,,0,72,,10180,4,,0,32,,10181,4,,0,69,,10182,4,,0,12,,10183,4,,0,15,,10184,4,,0,70,,10185,4,,0,15,,10186,4,,0,15,,10187,4,,0,72,,10188,4,,0,19,,10189,4,,0,13,,10190,4,,0,67,,10191,4,,0,15,,10192,4,,0,15,,10193,4,,0,70,,10194,4,,0,15,,10195,4,,0,15,,10196,4,,0,70,,10197,4,,0,15,,10198,4,,0,15,,10199,4,,0,70,,10200,4,,0,31,,10201,4,,0,65,,10202,4,,0,9,,10203,4,,0,19,,10204,4,,0,10,,10205,4,,0,60,,10206,4,,0,10,,10207,4,,0,20,,10208,4,,0,10,,10209,4,,0,7,,10210,4,,0,57,,10211,4,,0,5,,10212,4,,0,6,,10213,4,,0,16,,10214,4,,0,10,,10215,4,,0,60,,10216,4,,0,10,,10217,4,,0,30,,10218,4,,0,70,,10219,4,,0,30,,10220,4,,0,68,,10221,4,,0,26,,10222,4,,0,67,,10223,4,,0,15,,10224,4,,0,15,,10225,4,,0,75,,10226,4,,0,20,,10227,4,,0,80,,10228,4,,0,20,,10229,4,,0,80,,10230,4,,0
1000900,'220.0.4',639,,10231,4,,0,70,,10232,4,,0,30,,10233,4,,0,72,,10234,4,,0,32,,10235,4,,0,69,,10236,4,,0,12,,10237,4,,0,15,,10238,4,,0,70,,10239,4,,0,15,,10240,4,,0,15,,10241,4,,0,72,,10242,4,,0,19,,10243,4,,0,13,,10244,4,,0,67,,10245,4,,0,15,,10246,4,,0,15,,10247,4,,0,70,,10248,4,,0,15,,10249,4,,0,15,,10250,4,,0,70,,10251,4,,0,15,,10252,4,,0,15,,10253,4,,0,70,,10254,4,,0,31,,10255,4,,0,65,,10256,4,,0,9,,10257,4,,0,19,,10258,4,,0,10,,10259,4,,0,60,,10260,4,,0,10,,10261,4,,0,20,,10262,4,,0,10,,10263,4,,0,7,,10264,4,,0,57,,10265,4,,0,5,,10266,4,,0,6,,10267,4,,0,16,,10268,4,,0,10,,10269,4,,0,60,,10270,4,,0,10,,10271,4,,0,30,,10272,4,,0,70,,10273,4,,0,30,,10274,4,,0,68,,10275,4,,0,26,,10276,4,,0,67,,10277,4,,0,15,,10278,4,,0,15,,10279,4,,0,75,,10280,4,,0,20,,10281,4,,0,80,,10282,4,,0,20,,10283,4,,0,80,,10284,4,,0,30,,10285,4,,0,70,,10286,4,,0
1000901,'220.0.1',638,,10287,,,0,100,,10288,,,0,99,,10289,,,0,100,,10290,,,0,100,,10291,,,0,100,,10292,,,0,100,,10293,,,0,100,,10294,,,0,100,,10295,,,0,100,,10296,,,0,100,,10297,,,0,100,,10298,,,0,100,,10299,,,0,100,,10300,,,0,100,,10301,,,0,100,,10302,,,0,100,,10303,,,0,100,,10304,,,0
1000901,'220.0.2',639,,10305,,,0,98,,10306,,,0,100,,10307,,,0,100,,10308,,,0,100,,10309,,,0,100,,10310,,,0,100,,10311,,,0,100,,10312,,,0,100,,10313,,,0,100,,10314,,,0,100,,10315,,,0,100,,10316,,,0,100,,10317,,,0,100,,10318,,,0,100,,10319,,,0,100,,10320,,,0,100,,10321,,,0,100,,10322,,,0
1000901,'220.0.3',524,,10323,,,0,27,,10324,,,0,65,,10325,,,0,10,,10326,,,0,5,,10327,,,0,15,,10328,,,0,10,,10329,,,0,45,,10330,,,0,15,,10331,,,0,10,,10332,,,0,20,,10333,,,0,10,,10334,,,0,60,,10335,,,0,9,,10336,,,0,20,,10337,,,0,10,,10338,,,0,65,,10339,,,0,15,,10340,,,0,15,,10341,,,0,70,,10342,,,0,15,,10343,,,0,15,,10344,,,0,70,,10345,,,0,15,,10346,,,0,15,,10347,,,0,70,,10348,,,0,15,,10349,,,0,15,,10350,,,0,70,,10351,,,0,15,,10352,,,0,15,,10353,,,0,70,,10354,,,0,15,,10355,,,0,15,,10356,,,0,70,,10357,,,0,25,,10358,,,0,5,,10359,,,0,65,,10360,,,0,10,,10361,,,0,20,,10362,,,0,10,,10363,,,0,60,,10364,,,0,10,,10365,,,0,20,,10366,,,0,10,,10367,,,0,60,,10368,,,0,10,,10369,,,0,25,,10370,,,0,70,,10371,,,0,31,,10372,,,0,69,,10373,,,0,30,,10374,,,0,70,,10375,,,0,30,,10376,,,0,75,,10377,,,0,20,,10378,,,0,80,,10379,,,0,20,,10380,,,0,80,,10381,,,0,20,,10382,,,0
1000901,'220.0.4',524,,10383,,,0,27,,10384,,,0,65,,10385,,,0,10,,10386,,,0,5,,10387,,,0,15,,10388,,,0,10,,10389,,,0,45,,10390,,,0,15,,10391,,,0,10,,10392,,,0,20,,10393,,,0,10,,10394,,,0,60,,10395,,,0,9,,10396,,,0,20,,10397,,,0,10,,10398,,,0,65,,10399,,,0,15,,10400,,,0,15,,10401,,,0,70,,10402,,,0,15,,10403,,,0,15,,10404,,,0,70,,10405,,,0,15,,10406,,,0,15,,10407,,,0,70,,10408,,,0,15,,10409,,,0,15,,10410,,,0,70,,10411,,,0,15,,10412,,,0,15,,10413,,,0,70,,10414,,,0,15,,10415,,,0,15,,10416,,,0,70,,10417,,,0,25,,10418,,,0,5,,10419,,,0,65,,10420,,,0,10,,10421,,,0,20,,10422,,,0,10,,10423,,,0,60,,10424,,,0,10,,10425,,,0,20,,10426,,,0,10,,10427,,,0,60,,10428,,,0,10,,10429,,,0,25,,10430,,,0,70,,10431,,,0,31,,10432,,,0,69,,10433,,,0,30,,10434,,,0,70,,10435,,,0,30,,10436,,,0,75,,10437,,,0,20,,10438,,,0,80,,10439,,,0,20,,10440,,,0,80,,10441,,,0,20,,10442,,,0,70,,10443,,,0,30,,10444,,,0
2000901,'220.0.1',611,,11825,,,0,100,,11826,,,0,99,,11827,,,0,101,,11828,,,0,100,,11829,,,0,100,,11830,,,0,100,,11831,,,0,100,,11832,,,0,100,,11833,,,0,100,,11834,,,0,100,,11835,,,0,100,,11836,,,0,99,,11837,,,0,100,,11838,,,0,100,,11839,,,0,100,,11840,,,0,100,,11841,,,0,100,,11842,,,0,100,,11843,,,0
2000901,'220.0.2',612,,11844,,,0,100,,11845,,,0,98,,11846,,,0,100,,11847,,,0,100,,11848,,,0,100,,11849,,,0,100,,11850,,,0,100,,11851,,,0,100,,11852,,,0,100,,11853,,,0,100,,11854,,,0,100,,11855,,,0,100,,11856,,,0,100,,11857,,,0,100,,11858,,,0,100,,11859,,,0,100,,11860,,,0,100,,11861,,,0,100,,11862,,,0
2000901,'220.0.3',539,,11863,,,0,70,,11864,,,0,30,,11865,,,0,70,,11866,,,0,30,,11867,,,0,70,,11868,,,0,30,,11869,,,0,69,,11870,,,0,100,,11871,,,0,100,,11872,,,0,100,,11873,,,0,100,,11874,,,0,100,,11875,,,0,100,,11876,,,0,30,,11877,,,0,70,,11878,,,0,30,,11879,,,0,70,,11880,,,0,30,,11881,,,0,70,,11882,,,0,30,,11883,,,0,70,,11884,,,0,30,,11885,,,0,70,,11886,,,0,30,,11887,,,0,70,,11888,,,0,24,,11889,,,0,70,,11890,,,0,100,,11891,,,0,100,,11892,,,0,53,,11893,0,13,0,100,,11894,0,13,0
2000901,'220.0.4',539,,11895,,,0,70,,11896,,,0,30,,11897,,,0,70,,11898,,,0,30,,11899,,,0,70,,11900,,,0,30,,11901,,,0,69,,11902,,,0,100,,11903,,,0,100,,11904,,,0,100,,11905,,,0,100,,11906,,,0,100,,11907,,,0,100,,11908,,,0,30,,11909,,,0,70,,11910,,,0,30,,11911,,,0,70,,11912,,,0,30,,11913,,,0,70,,11914,,,0,30,,11915,,,0,70,,11916,,,0,30,,11917,,,0,70,,11918,,,0,30,,11919,,,0,70,,11920,,,0,24,,11921,,,0,70,,11922,,,0,100,,11923,,,0,100,,11924,,,0,53,,11925,,,0,100,,11926,,,0
