801,'236.0.1',553,,1843,48,,,0,70,,1844,48,,,0,30,,1845,48,,,0,70,,1846,48,,,0,30,,1847,48,,,0,73,,1848,48,,,0,30,,1849,48,,,0,70,,1850,48,,,0,30,,1851,48,,,0,74,,1852,48,,,0,70,,1853,48,,,0,30,,1854,48,,,0,70,,1855,48,,,0,30,,1856,48,,,0,71,,1857,48,,,0,31,,1858,48,,,0,70,,1859,48,,,0,30,,1860,48,,,0,70,,1861,48,,,0,30,,1862,48,,,0,70,,1863,48,,,0,30,,1864,48,,,0,70,,1865,48,,,0,30,,1866,48,,,0,68,,1867,48,,,0,29,,1868,48,,,0,30,,1869,48,,,0,70,,1870,48,,,0,25,,1871,48,,,0,69,,1872,48,,,0,30,,1873,48,,,0,70,,1874,48,,,0,30,,1875,48,,,0,70,,1876,48,,,0,30,,1877,48,,,0,70,,1878,48,,,0,30,,1879,48,,,0,100,,1880,48,,,0
801,'236.0.2',557,,1881,48,,,0,70,,1882,48,,,0,30,,1883,48,,,0,70,,1884,48,,,0,30,,1885,48,,,0,70,,1886,48,,,0,30,,1887,48,,,0,75,,1888,48,,,0,70,,1889,48,,,0,30,,1890,48,,,0,70,,1891,48,,,0,30,,1892,48,,,0,70,,1893,48,,,0,30,,1894,48,,,0,70,,1895,48,,,0,30,,1896,48,,,0,70,,1897,48,,,0,30,,1898,48,,,0,70,,1899,48,,,0,30,,1900,48,,,0,70,,1901,48,,,0,30,,1902,48,,,0,70,,1903,48,,,0,30,,1904,48,,,0,70,,1905,48,,,0,28,,1906,48,,,0,70,,1907,48,,,0,30,,1908,48,,,0,70,,1909,48,,,0,30,,1910,48,,,0,70,,1911,48,,,0,27,,1912,48,,,0,30,,1913,48,,,0,70,,1914,48,,,0,100,,1915,48,,,0,100,,1916,48,,,0
801,'236.0.3',543,,1917,48,,,0,70,,1918,48,,,0,30,,1919,48,,,0,60,,1920,48,,,0,23,,1921,48,,,0,20,,1922,48,,,0,60,,1923,48,,,0,20,,1924,48,,,0,20,,1925,48,,,0,60,,1926,48,,,0,17,,1927,48,,,0,20,,1928,48,,,0,60,,1929,48,,,0,20,,1930,48,,,0,20,,1931,48,,,0,60,,1932,48,,,0,20,,1933,48,,,0,20,,1934,48,,,0,60,,1935,48,,,0,20,,1936,48,,,0,20,,1937,48,,,0,60,,1938,48,,,0,20,,1939,48,,,0,20,,1940,48,,,0,60,,1941,48,,,0,20,,1942,48,,,0,20,,1943,48,,,0,60,,1944,48,,,0,23,,1945,48,,,0,33,,1946,48,,,0,70,,1947,48,,,0,30,,1948,48,,,0,70,,1949,48,,,0,30,,1950,48,,,0,65,,1951,48,,,0,28,,1952,48,,,0,70,,1953,48,,,0,30,,1954,48,,,0,70,,1955,48,,,0,30,,1956,48,,,0,67,,1957,48,,,0,29,,1958,48,,,0,70,,1959,48,,,0,30,,1960,48,,,0,70,,1961,48,,,0,30,,1962,48,,,0,70,,1963,48,,,0,30,,1964,48,,,0
3900,'236.0.1',615,,3078,24,,,0,30,,3079,24,,,0,70,,3080,24,,,0,30,,3081,24,,,0,70,,3082,24,,,0,30,,3083,24,,,0,70,,3084,24,,,0,30,,3085,24,,,0,70,,3086,24,,,0,31,,3087,24,,,0,70,,3088,24,,,0,30,,3089,24,,,0,70,,3090,24,,,0,30,,3091,24,,,0,70,,3092,24,,,0,30,,3093,24,,,0,70,,3094,24,,,0,30,,3095,24,,,0,70,,3096,24,,,0,30,,3097,24,,,0,70,,3098,24,,,0,30,,3099,24,,,0,70,,3100,24,,,0,30,,3101,24,,,0,70,,3102,24,,,0,30,,3103,24,,,0,70,,3104,24,,,0,30,,3105,24,,,0,70,,3106,24,,,0,30,,3107,24,,,0,70,,3108,24,,,0,30,,3109,24,,,0,70,,3110,24,,,0,30,,3111,24,,,0,70,,3112,24,,,0
3900,'236.0.2',616,,3113,24,,,0,100,,3114,24,,,0,100,,3115,24,,,0,100,,3116,24,,,0,100,,3117,24,,,0,100,,3118,24,,,0,101,,3119,24,,,0,100,,3120,24,,,0,100,,3121,24,,,0,100,,3122,24,,,0,100,,3123,24,,,0,100,,3124,24,,,0,100,,3125,24,,,0,100,,3126,24,,,0,100,,3127,24,,,0,100,,3128,24,,,0
3900,'236.0.3',619,,3129,24,,,0,30,,3130,24,,,0,71,,3131,24,,,0,31,,3132,24,,,0,70,,3133,24,,,0,30,,3134,24,,,0,68,,3135,24,,,0,30,,3136,24,,,0,70,,3137,24,,,0,30,,3138,24,,,0,70,,3139,24,,,0,30,,3140,24,,,0,70,,3141,24,,,0,30,,3142,24,,,0,70,,3143,24,,,0,30,,3144,24,,,0,70,,3145,24,,,0,30,,3146,24,,,0,72,,3147,24,,,0,30,,3148,24,,,0,70,,3149,24,,,0,30,,3150,24,,,0,70,,3151,24,,,0,30,,3152,24,,,0,68,,3153,24,,,0,30,,3154,24,,,0,100,,3155,24,,,0,100,,3156,24,,,0,100,,3157,24,,,0,100,,3158,24,,,0
9001,'236.0.1',617,,5813,34,,,0,30,,5814,34,,,0,70,,5815,34,,,0,25,,5816,34,,,0,70,,5817,34,,,0,30,,5818,34,,,0,70,,5819,34,,,0,25,,5820,34,,,0,71,,5821,34,,,0,31,,5822,34,,,0,70,,5823,34,,,0,30,,5824,34,,,0,70,,5825,34,,,0,30,,5826,34,,,0,70,,5827,34,,,0,30,,5828,34,,,0,70,,5829,34,,,0,30,,5830,34,,,0,70,,5831,34,,,0,30,,5832,34,,,0,70,,5833,34,,,0,30,,5834,34,,,0,70,,5835,34,,,0,35,,5836,34,,,0,68,,5837,34,,,0,29,,5838,34,,,0,70,,5839,34,,,0,30,,5840,34,,,0,70,,5841,34,,,0,100,,5842,34,,,0,100,,5843,34,,,0,100,,5844,34,,,0,100,,5845,34,,,0
9001,'236.0.2',604,,5846,34,,,0,100,,5847,34,,,0,100,,5848,34,,,0,100,,5849,34,,,0,96,,5850,34,,,0,102,,5851,34,,,0,100,,5852,34,,,0,102,,5853,34,,,0,100,,5854,34,,,0,98,,5855,34,,,0,100,,5856,34,,,0,100,,5857,34,,,0,98,,5858,34,,,0,103,,5859,34,,,0,105,,5860,34,,,0,98,,5861,34,,,0,100,,5862,34,,,0,99,,5863,34,,,0
9001,'236.0.3',549,,5864,34,,,0,70,,5865,34,,,0,30,,5866,34,,,0,60,,5898,34,,,0,13,,5867,34,,,0,15,,5899,34,,,0,10,,5868,34,,,0,55,,5900,34,,,0,15,,5869,34,,,0,17,,5901,34,,,0,12,,5870,34,,,0,55,,5902,34,,,0,15,,5871,34,,,0,30,,5872,34,,,0,65,,5873,34,,,0,30,,5874,34,,,0,70,,5875,34,,,0,30,,5876,34,,,0,70,,5877,34,,,0,30,,5878,34,,,0,70,,5879,34,,,0,30,,5880,34,,,0,70,,5881,34,,,0,30,,5882,34,,,0,70,,5883,34,,,0,33,,5884,34,,,0,61,,5903,34,,,0,22,,5885,34,,,0,8,,5904,34,,,0,65,,5886,34,,,0,15,,5905,34,,,0,15,,5887,34,,,0,15,,5906,34,,,0,12,,5888,34,,,0,53,,5907,34,,,0,13,,5889,34,,,0,12,,5908,34,,,0,13,,5890,34,,,0,52,,5909,34,,,0,13,,5891,34,,,0,30,,5892,34,,,0,69,,5893,34,,,0,30,,5894,34,,,0,100,,5895,34,,,0,100,,5896,34,,,0,100,,5897,34,,,0
9101,'236.0.1',811,,5964,37,,,0,100,,5965,37,,,0,100,,5966,37,,,0,100,,5967,37,,,0,100,,5968,37,,,0,100,,5969,37,,,0,100,,5970,37,,,0,100,,5971,37,,,0,100,,5972,37,,,0,100,,5973,37,,,0,100,,5974,37,,,0,100,,5975,37,,,0,100,,5976,37,,,0,100,,5977,37,,,0,100,,5978,37,,,0,100,,5979,37,,,0
9101,'236.0.2',840,,5980,37,,,0,100,,5981,37,,,0,100,,5982,37,,,0,100,,5983,37,,,0,100,,5984,37,,,0,100,,5985,37,,,0,100,,5986,37,,,0,100,,5987,37,,,0,100,,5988,37,,,0,100,,5989,37,,,0,100,,5990,37,,,0,100,,5991,37,,,0,100,,5992,37,,,0,100,,5993,37,,,0,100,,5994,37,,,0
9101,'236.0.3',614,,5995,37,,,0,30,,5996,37,,,0,77,,5997,37,,,0,24,,5998,37,,,0,70,,5999,37,,,0,37,,6000,37,,,0,67,,6001,37,,,0,29,,6002,37,,,0,100,,6003,37,,,0,103,,6004,37,,,0,100,,6005,37,,,0,99,,6006,37,,,0,108,,6007,37,,,0,101,,6008,37,,,0,71,,6009,37,,,0,70,,6010,37,,,0,32,,6011,37,,,0,70,,6012,37,,,0,24,,6013,37,,,0,94,,6014,37,,,0,100,,6015,37,,,0,100,,6016,37,,,0,100,,6017,37,,,0,100,,6018,37,,,0
9301,'236.0.3',620,,6026,34,,,0,30,,6027,34,,,0,70,,6028,34,,,0,30,,6029,34,,,0,71,,6030,34,,,0,30,,6031,34,,,0
13501,'236.0.3',1605,,6080,41,,,0,33,,6081,41,,,0,70,,6082,41,,,0,29,,6083,41,,,0,65,,6084,41,,,0,27,,6085,41,,,0,26,,6086,41,,,0
