5401,'220.0.1',649,,4986,,,0,100,,4987,,,0,100,,4988,,,0,100,,4989,,,0,107,,4990,,,0,100,,4991,,,0,100,,4992,,,0,100,,4993,,,0,100,,4994,,,0,99,,4995,,,0,100,,4996,,,0,100,,4997,,,0,96,,4998,,,0,100,,4999,,,0,100,,5000,,,0,100,,5001,,,0,100,,5002,,,0
5401,'220.0.2',850,,5003,,,0,100,,5004,,,0,106,,5005,,,0,100,,5006,,,0,99,,5007,,,0,100,,5008,,,0,100,,5009,,,0,99,,5010,,,0,100,,5011,,,0,100,,5012,,,0,96,,5013,,,0,100,,5014,,,0,100,,5015,,,0,100,,5016,,,0
5401,'220.0.3',653,,5017,,,0,71,,5018,,,0,30,,5019,,,0,70,,5020,,,0,30,,5021,,,0,69,,5022,,,0,35,,5023,,,0,100,,5024,,,0,100,,5025,,,0,144,,5026,,,0,100,,5027,,,0,102,,5028,,,0,100,,5029,,,0,30,,5030,,,0,75,,5031,,,0,27,,5032,,,0,70,,5033,,,0,24,,5034,,,0,70,,5035,,,0,30,,5036,,,0,70,,5037,,,0,30,,5038,,,0,70,,5039,,,0,100,,5040,,,0
5401,'220.0.4',653,,5041,,,0,71,,5042,,,0,30,,5043,,,0,70,,5044,,,0,30,,5045,,,0,69,,5046,,,0,35,,5047,,,0,100,,5048,,,0,100,,5049,,,0,144,,5050,,,0,100,,5051,,,0,102,,5052,,,0,100,,5053,,,0,30,,5054,,,0,75,,5055,,,0,27,,5056,,,0,70,,5057,,,0,24,,5058,,,0,70,,5059,,,0,30,,5060,,,0,70,,5061,,,0,30,,5062,,,0,70,,5063,,,0,100,,5064,,,0,100,,5065,,,0,100,,5066,,,0,100,,5067,,,0,100,,5068,,,0
5501,'220.0.1',810,,5143,,,0,101,,5144,,,0,101,,5145,,,0,103,,5146,,,0,100,,5147,,,0,100,,5148,,,0,100,,5149,,,0,100,,5150,,,0,100,,5151,,,0,100,,5152,,,0,99,,5153,,,0,100,,5154,,,0,97,,5155,,,0,100,,5156,,,0,100,,5157,,,0
5501,'220.0.2',811,,5158,,,0,100,,5159,,,0,101,,5160,,,0,103,,5161,,,0,100,,5162,,,0,100,,5163,,,0,100,,5164,,,0,100,,5165,,,0,100,,5166,,,0,100,,5167,,,0,99,,5168,,,0,97,,5169,,,0,100,,5170,,,0,100,,5171,,,0,100,,5172,,,0
5501,'220.0.3',701,,5173,,,0,31,,5191,,,0,71,,5174,,,0,32,,5175,,,0,100,,5176,,,0,85,,5177,,,0,100,,5178,,,0,100,,5179,,,0,103,,5180,,,0,100,,5181,,,0,100,,5182,,,0,85,,5183,,,0,101,,5184,,,0,33,,5192,,,0,68,,5185,,,0,23,,5186,,,0,75,,5187,,,0,99,,5188,,,0,110,,5189,,,0,100,,5190,,,0
5501,'220.0.4',701,,5193,,,0,31,,5211,,,0,71,,5194,,,0,32,,5195,,,0,100,,5196,,,0,85,,5197,,,0,100,,5198,,,0,100,,5199,,,0,103,,5200,,,0,100,,5201,,,0,100,,5202,,,0,85,,5203,,,0,101,,5204,,,0,33,,5212,,,0,68,,5205,,,0,23,,5206,,,0,75,,5207,,,0,99,,5208,,,0,110,,5209,,,0,100,,5210,,,0,100,,5213,,,0,100,,5214,,,0,100,,5215,,,0,100,,5216,,,0
6201,'220.0.1',745,,6031,,,0,100,,6032,,,0,100,,6033,,,0,102,,6034,,,0,100,,6035,,,0,100,,6036,,,0,100,,6037,,,0,100,,6038,,,0,100,,6039,,,0,100,,6040,,,0,100,,6041,,,0,99,,6042,,,0,98,,6043,,,0,100,,6044,,,0,100,,6045,,,0,100,,6046,,,0
6201,'220.0.2',742,,6047,,,0,100,,6048,,,0,100,,6049,,,0,104,,6050,,,0,100,,6051,,,0,100,,6052,,,0,100,,6053,,,0,100,,6054,,,0,100,,6055,,,0,99,,6056,,,0,100,,6057,,,0,97,,6058,,,0,99,,6059,,,0,100,,6060,,,0,100,,6061,,,0,100,,6062,,,0
6201,'220.0.3',654,,6063,,,0,71,,6064,,,0,30,,6065,,,0,70,,6066,,,0,30,,6067,,,0,71,,6068,,,0,30,,6069,,,0,100,,6070,,,0,100,,6071,,,0,100,,6072,,,0,100,,6073,,,0,100,,6074,,,0,103,,6075,,,0,70,,6076,,,0,30,,6077,,,0,70,,6078,,,0,30,,6079,,,0,69,,6080,,,0,27,,6081,,,0,70,,6082,,,0,100,,6083,,,0,100,,6084,,,0,100,,6085,,,0
6201,'220.0.4',654,,6087,,,0,71,,6088,,,0,30,,6089,,,0,70,,6090,,,0,30,,6091,,,0,71,,6092,,,0,30,,6093,,,0,100,,6094,,,0,100,,6095,,,0,100,,6096,,,0,100,,6097,,,0,100,,6098,,,0,103,,6099,,,0,70,,6100,,,0,30,,6101,,,0,70,,6102,,,0,30,,6103,,,0,69,,6104,,,0,27,,6105,,,0,70,,6106,,,0,100,,6107,,,0,100,,6108,,,0,100,,6109,,,0,100,,6110,,,0,100,,6111,,,0,100,,6112,,,0,100,,6113,,,0
