300,'236.0.1',632,,13879,,,0,100,,13880,,,0,100,,13881,,,0,70,,13882,,,0,30,,13883,,,0,70,,13884,,,0,30,,13885,,,0,70,,13886,,,0,30,,13887,,,0,70,,13888,,,0,30,,13889,,,0,70,,13890,,,0,30,,13891,,,0,70,,13892,,,0,30,,13893,,,0,70,,13894,,,0,30,,13895,,,0,70,,13896,,,0,30,,13897,,,0,70,,13898,,,0,30,,13899,,,0,70,,13900,,,0,30,,13901,,,0,70,,13902,,,0,29,,13903,,,0,70,,13904,,,0,30,,13905,,,0,70,,13906,,,0,30,,13907,,,0,70,,13908,,,0,30,,13909,,,0,70,,13910,,,0,30,,13911,,,0,70,,13912,,,0,30,,13913,,,0,20,,13914,,,0
300,'236.0.2',616,,13915,,,0,100,,13916,,,0,100,,13917,,,0,30,,13918,,,0,70,,13919,,,0,27,,13920,,,0,60,,13921,,,0,20,,13922,,,0,20,,13923,,,0,61,,13924,,,0,20,,13925,,,0,20,,13926,,,0,60,,13927,,,0,20,,13928,,,0,20,,13929,,,0,60,,13930,,,0,20,,13931,,,0,20,,13932,,,0,60,,13933,,,0,20,,13934,,,0,20,,13935,,,0,60,,13936,,,0,20,,13937,,,0,20,,13938,,,0,60,,13939,,,0,20,,13940,,,0,20,,13941,,,0,60,,13942,,,0,20,,13943,,,0,20,,13944,,,0,59,,13945,,,0,19,,13946,,,0,30,,13947,,,0,70,,13948,,,0,30,,13949,,,0,70,,13950,,,0,30,,13951,,,0,70,,13952,,,0,30,,13953,,,0,63,,13954,,,0,30,,13955,,,0,70,,13956,,,0,30,,13957,,,0,70,,13958,,,0
300,'236.0.3',547,,13959,,,0,70,,13960,,,0,15,,13961,,,0,15,,13962,,,0,55,,13963,,,0,15,,13964,,,0,15,,13965,,,0,19,,13966,,,0,55,,13967,,,0,15,,13968,,,0,15,,13969,,,0,15,,13970,,,0,55,,13971,,,0,15,,13972,,,0,20,,13973,,,0,60,,13974,,,0,20,,13975,,,0,20,,13976,,,0,60,,13977,,,0,20,,13978,,,0,20,,13979,,,0,60,,13980,,,0,20,,13981,,,0,20,,13982,,,0,60,,13983,,,0,20,,13984,,,0,20,,13985,,,0,60,,13986,,,0,20,,13987,,,0,20,,13988,,,0,60,,13989,,,0,10,,13990,,,0,10,,13991,,,0,15,,13992,,,0,15,,13993,,,0,55,,13994,,,0,15,,13995,,,0,15,,13996,,,0,15,,13997,,,0,55,,13998,,,0,15,,13999,,,0,15,,14000,,,0,14,,14001,,,0,53,,14002,,,0,15,,14003,,,0,15,,14004,,,0,15,,14005,,,0,60,,14006,,,0,20,,14007,,,0,20,,14008,,,0,60,,14009,,,0,20,,14010,,,0,20,,14011,,,0,60,,14012,,,0,10,,14013,,,0,30,,14014,,,0,70,,14015,,,0,30,,14016,,,0,70,,14017,,,0,30,,14018,,,0,70,,14019,,,0,30,,14020,,,0
3900,'236.0.1',627,,16128,,,0,30,,16129,,,0,70,,16130,,,0,30,,16131,,,0,70,,16132,,,0,30,,16133,,,0,70,,16134,,,0,30,,16135,,,0,71,,16136,,,0,31,,16137,,,0,70,,16138,,,0,30,,16139,,,0,70,,16140,,,0,30,,16141,,,0,70,,16142,,,0,30,,16143,,,0,70,,16144,,,0,30,,16145,,,0,70,,16146,,,0,30,,16147,,,0,70,,16148,,,0,30,,16149,,,0,70,,16150,,,0,30,,16151,,,0,70,,16152,,,0,30,,16153,,,0,69,,16154,,,0,30,,16155,,,0,70,,16156,,,0,30,,16157,,,0,70,,16158,,,0,30,,16159,,,0,70,,16160,,,0,30,,16161,,,0,70,,16162,,,0
3900,'236.0.2',628,,16163,,,0,100,,16164,,,0,100,,16165,,,0,100,,16166,,,0,100,,16167,,,0,101,,16168,,,0,101,,16169,,,0,100,,16170,,,0,100,,16171,,,0,100,,16172,,,0,100,,16173,,,0,100,,16174,,,0,99,,16175,,,0,100,,16176,,,0,100,,16177,,,0,100,,16178,,,0
3900,'236.0.3',634,,16179,,,0,70,,16180,,,0,33,,16181,,,0,71,,16182,,,0,30,,16183,,,0,68,,16184,,,0,26,,16185,,,0,70,,16186,,,0,30,,16187,,,0,70,,16188,,,0,30,,16189,,,0,70,,16190,,,0,30,,16191,,,0,70,,16192,,,0,30,,16193,,,0,70,,16194,,,0,30,,16195,,,0,71,,16196,,,0,35,,16197,,,0,70,,16198,,,0,30,,16199,,,0,70,,16200,,,0,30,,16201,,,0,69,,16202,,,0,26,,16203,,,0,70,,16204,,,0,100,,16205,,,0,98,,16206,,,0,100,,16207,,,0,100,,16208,,,0
5300,'236.0.1',623,,16299,4,,0,30,,16300,4,,0,70,,16301,4,,0,30,,16302,4,,0,70,,16303,4,,0,30,,16304,4,,0,70,,16305,4,,0,30,,16306,4,,0,72,,16307,4,,0,30,,16308,4,,0,70,,16309,4,,0,30,,16310,4,,0,70,,16311,4,,0,30,,16312,4,,0,70,,16313,4,,0,30,,16314,4,,0,70,,16315,4,,0,30,,16316,4,,0,70,,16317,4,,0,30,,16318,4,,0,70,,16319,4,,0,30,,16320,4,,0,70,,16321,4,,0,30,,16322,4,,0,67,,16323,4,,0,30,,16324,4,,0,70,,16325,4,,0,30,,16326,4,,0,70,,16327,4,,0,30,,16328,4,,0,70,,16329,4,,0,30,,16330,4,,0,70,,16331,4,,0,100,,16332,4,,0
5300,'236.0.2',723,,16333,4,,0,100,,16334,4,,0,100,,16335,4,,0,102,,16336,4,,0,100,,16337,4,,0,100,,16338,4,,0,100,,16339,4,,0,100,,16340,4,,0,100,,16341,4,,0,100,,16342,4,,0,100,,16343,4,,0,97,,16344,4,,0,100,,16345,4,,0,100,,16346,4,,0,100,,16347,4,,0,100,,16348,4,,0
5300,'236.0.3',621,,16349,4,,0,30,,16350,4,,0,74,,16351,4,,0,30,,16352,4,,0,70,,16353,4,,0,30,,16354,4,,0,70,,16355,4,,0,30,,16356,4,,0,70,,16357,4,,0,30,,16358,4,,0,70,,16359,4,,0,30,,16360,4,,0,70,,16361,4,,0,30,,16362,4,,0,70,,16363,4,,0,30,,16364,4,,0,70,,16365,4,,0,30,,16366,4,,0,71,,16367,4,,0,30,,16368,4,,0,70,,16369,4,,0,30,,16370,4,,0,70,,16371,4,,0,30,,16372,4,,0,66,,16373,4,,0,30,,16374,4,,0,70,,16375,4,,0,30,,16376,4,,0,70,,16377,4,,0,30,,16378,4,,0,70,,16379,4,,0,100,,16380,4,,0,100,,16381,4,,0,100,,16382,4,,0
5301,'236.0.1',608,,16383,,,0,30,,16384,,,0,70,,16385,,,0,30,,16386,,,0,70,,16387,,,0,30,,16388,,,0,70,,16389,,,0,30,,16390,,,0,70,,16391,,,0,30,,16392,,,0,70,,16393,,,0,30,,16394,,,0,70,,16395,,,0,30,,16396,,,0,70,,16397,,,0,30,,16398,,,0,70,,16399,,,0,30,,16400,,,0,70,,16401,,,0,30,,16402,,,0,70,,16403,,,0,30,,16404,,,0,70,,16405,,,0,30,,16406,,,0,70,,16407,,,0,30,,16408,,,0,70,,16409,,,0,30,,16410,,,0,70,,16411,,,0,30,,16412,,,0,70,,16413,,,0,30,,16414,,,0,70,,16415,,,0,100,,16416,,,0
5301,'236.0.2',708,,16417,,,0,100,,16418,,,0,100,,16419,,,0,100,,16420,,,0,100,,16421,,,0,100,,16422,,,0,100,,16423,,,0,100,,16424,,,0,100,,16425,,,0,100,,16426,,,0,100,,16427,,,0,100,,16428,,,0,100,,16429,,,0,100,,16430,,,0,100,,16431,,,0,100,,16432,,,0
5301,'236.0.3',541,,16433,,,0,70,,16434,,,0,30,,16435,,,0,66,,16436,,,0,30,,16437,,,0,70,,16438,,,0,31,,16439,,,0,70,,16440,,,0,30,,16441,,,0,70,,16442,,,0,30,,16443,,,0,70,,16444,,,0,30,,16445,,,0,70,,16446,,,0,30,,16447,,,0,70,,16448,,,0,30,,16449,,,0,70,,16450,,,0,30,,16451,,,0,70,,16452,,,0,30,,16453,,,0,70,,16454,,,0,30,,16455,,,0,70,,16456,,,0,30,,16457,,,0,70,,16458,,,0,30,,16459,,,0,70,,16460,,,0,30,,16461,,,0,72,,16462,,,0,30,,16463,,,0,70,,16464,,,0,100,,16465,,,0,100,,16466,,,0
7201,'236.0.1',634,,17884,,,0,78,,17885,,,0,30,,17886,,,0,70,,17887,,,0,30,,17888,,,0,70,,17889,,,0,30,,17890,,,0,74,,17891,,,0,30,,17892,,,0,70,,17893,,,0,36,,17894,,,0,70,,17895,,,0,30,,17896,,,0,70,,17897,,,0,30,,17898,,,0,70,,17899,,,0,30,,17900,,,0,70,,17901,,,0,30,,17902,,,0,70,,17903,,,0,30,,17904,,,0,70,,17905,,,0,30,,17906,,,0,67,,17907,,,0,25,,17908,,,0,70,,17909,,,0,100,,17910,,,0,100,,17911,,,0,100,,17912,,,0,100,,17913,,,0,100,,17914,,,0
7201,'236.0.2',711,,17915,,,0,100,,17916,,,0,100,,17917,,,0,100,,17918,,,0,103,,17919,,,0,106,,17920,,,0,100,,17921,,,0,100,,17922,,,0,100,,17923,,,0,100,,17924,,,0,100,,17925,,,0,97,,17926,,,0,100,,17927,,,0,92,,17928,,,0,100,,17929,,,0,100,,17930,,,0,100,,17931,,,0
7201,'236.0.3',646,,17932,,,0,70,,17933,,,0,30,,17934,,,0,73,,17935,,,0,32,,17936,,,0,73,,17937,,,0,30,,17938,,,0,68,,17939,,,0,30,,17940,,,0,70,,17941,,,0,30,,17942,,,0,70,,17943,,,0,30,,17944,,,0,70,,17945,,,0,30,,17946,,,0,70,,17947,,,0,30,,17948,,,0,70,,17949,,,0,31,,17950,,,0,71,,17951,,,0,30,,17952,,,0,70,,17953,,,0,30,,17954,,,0,70,,17955,,,0,26,,17956,,,0,64,,17957,,,0,100,,17958,,,0,100,,17959,,,0,100,,17960,,,0,100,,17961,,,0
8701,'236.0.1',632,,18592,,,0,70,,18593,,,0,30,,18594,,,0,70,,18595,,,0,30,,18596,,,0,70,,18597,,,0,31,,18598,,,0,71,,18599,,,0,30,,18600,,,0,70,,18601,,,0,32,,18602,,,0,71,,18603,,,0,30,,18604,,,0,70,,18605,,,0,30,,18606,,,0,70,,18607,,,0,30,,18608,,,0,70,,18609,,,0,30,,18610,,,0,70,,18611,,,0,30,,18612,,,0,70,,18613,,,0,30,,18614,,,0,69,,18615,,,0,26,,18616,,,0,95,,18617,,,0,100,,18618,,,0,100,,18619,,,0,100,,18620,,,0,100,,18621,,,0
8701,'236.0.2',631,,18622,,,0,100,,18623,,,0,100,,18624,,,0,102,,18625,,,0,100,,18626,,,0,100,,18627,,,0,101,,18628,,,0,103,,18629,,,0,100,,18630,,,0,100,,18631,,,0,100,,18632,,,0,98,,18633,,,0,97,,18634,,,0,100,,18635,,,0,100,,18636,,,0,100,,18637,,,0,100,,18638,,,0,97,,18639,,,0
8701,'236.0.3',657,,18640,,,0,76,,18641,,,0,15,,18642,,,0,70,,18643,,,0,24,,18644,,,0,69,,18645,,,0,30,,18646,,,0,70,,18647,,,0,30,,18648,,,0,70,,18649,,,0,30,,18650,,,0,70,,18651,,,0,30,,18652,,,0,70,,18653,,,0,30,,18654,,,0,70,,18655,,,0,33,,18656,,,0,72,,18657,,,0,30,,18658,,,0,69,,18659,,,0,31,,18660,,,0,70,,18661,,,0,30,,18662,,,0,66,,18663,,,0,28,,18664,,,0,70,,18665,,,0,90,,18666,,,0,100,,18667,,,0,100,,18668,,,0,100,,18669,,,0,100,,18670,,,0
