5800,'220.0.1',622,,5498,,,0,100,,5499,,,0,100,,5500,,,0,100,,5501,,,0,101,,5502,,,0,100,,5503,,,0,100,,5504,,,0,100,,5505,,,0,100,,5506,,,0,100,,5507,,,0,100,,5508,,,0,100,,5509,,,0,100,,5510,,,0,100,,5511,,,0,100,,5512,,,0,100,,5513,,,0,100,,5514,,,0
5800,'220.0.2',722,,5515,,,0,100,,5516,,,0,100,,5517,,,0,100,,5518,,,0,100,,5519,,,0,101,,5520,,,0,100,,5521,,,0,100,,5522,,,0,100,,5523,,,0,100,,5524,,,0,100,,5525,,,0,100,,5526,,,0,100,,5527,,,0,100,,5528,,,0,99,,5529,,,0,100,,5530,,,0
5800,'220.0.3',611,,5531,,,0,30,,5532,,,0,70,,5533,,,0,30,,5534,,,0,70,,5535,,,0,117,,5536,,,0,100,,5537,,,0,100,,5538,,,0,100,,5539,,,0,100,,5540,,,0,100,,5541,,,0,100,,5542,,,0,30,,5543,,,0,270,,5544,,,0,100,,5545,,,0,100,,5546,,,0,99,,5547,,,0,100,,5548,,,0,100,,5549,,,0
5800,'220.0.4',611,,5550,,,0,30,,5551,,,0,70,,5552,,,0,30,,5553,,,0,70,,5554,,,0,117,,5555,,,0,100,,5556,,,0,100,,5557,,,0,100,,5558,,,0,100,,5559,,,0,100,,5560,,,0,100,,5561,,,0,30,,5562,,,0,270,,5563,,,0,100,,5564,,,0,100,,5565,,,0,99,,5566,,,0,100,,5567,,,0,100,,5568,,,0,100,,5569,,,0,100,,5570,,,0
7201,'220.0.1',651,,6974,,,0,77,,6975,,,0,30,,6976,,,0,70,,6977,,,0,30,,6978,,,0,70,,6979,,,0,30,,6980,,,0,77,,6981,,,0,70,,6982,,,0,30,,6983,,,0,76,,6984,,,0,30,,6985,,,0,70,,6986,,,0,30,,6987,,,0,70,,6988,,,0,30,,6989,,,0,70,,6990,,,0,30,,6991,,,0,70,,6992,,,0,30,,6993,,,0,70,,6994,,,0,30,,6995,,,0,70,,6996,,,0,25,,6997,,,0,65,,6998,,,0,30,,6999,,,0,100,,7000,,,0,100,,7001,,,0,100,,7002,,,0,100,,7003,,,0,100,,7004,,,0
7201,'220.0.2',727,,7005,,,0,100,,7006,,,0,100,,7007,,,0,100,,7008,,,0,105,,7009,,,0,106,,7010,,,0,100,,7011,,,0,100,,7012,,,0,100,,7013,,,0,100,,7014,,,0,100,,7015,,,0,95,,7016,,,0,100,,7017,,,0,92,,7018,,,0,100,,7019,,,0,100,,7020,,,0,100,,7021,,,0
7201,'220.0.3',703,,7022,,,0,30,,7023,,,0,70,,7024,,,0,33,,7025,,,0,72,,7026,,,0,32,,7027,,,0,70,,7028,,,0,28,,7029,,,0,70,,7030,,,0,30,,7031,,,0,70,,7032,,,0,30,,7033,,,0,70,,7034,,,0,30,,7035,,,0,70,,7036,,,0,30,,7037,,,0,76,,7038,,,0,30,,7039,,,0,71,,7040,,,0,31,,7041,,,0,70,,7042,,,0,30,,7043,,,0,70,,7044,,,0,26,,7045,,,0,64,,7046,,,0,24,,7047,,,0,100,,7048,,,0,100,,7049,,,0,100,,7050,,,0,100,,7051,,,0
7201,'220.0.4',703,,7052,,,0,30,,7053,,,0,70,,7054,,,0,33,,7055,,,0,72,,7056,,,0,32,,7057,,,0,70,,7058,,,0,28,,7059,,,0,70,,7060,,,0,30,,7061,,,0,70,,7062,,,0,30,,7063,,,0,70,,7064,,,0,30,,7065,,,0,70,,7066,,,0,30,,7067,,,0,76,,7068,,,0,30,,7069,,,0,71,,7070,,,0,31,,7071,,,0,70,,7072,,,0,30,,7073,,,0,70,,7074,,,0,26,,7075,,,0,64,,7076,,,0,24,,7077,,,0,100,,7078,,,0,100,,7079,,,0,100,,7080,,,0,100,,7081,,,0,100,,7082,,,0,100,,7083,,,0
15800,'220.0.3',1617,,8901,,,0,32,,8902,,,0,72,,8903,,,0,27,,8904,,,0
15800,'220.0.4',1617,,8905,,,0,32,,8906,,,0,72,,8907,,,0,27,,8908,,,0
