13500,'220.0.3',646,,8788,,,0,70,,8789,,,0,28,,8790,,,0,15,,8791,,,0,55,,8792,,,0,15,,8793,,,0
13500,'220.0.4',646,,8794,,,0,70,,8795,,,0,13,,8796,,,0,15,,8797,,,0,15,,8798,,,0,55,,8799,,,0,15,,8800,,,0
13500,'220.1141.3',729,,8801,,,0
13500,'220.1143.3',729,,8802,,,0
13600,'220.0.3',637,,8817,,,0,68,,8818,,,0,15,,8819,,,0,14,,8820,,,0,15,,8821,,,0,56,,8822,,,0,9,,8823,,,0,19,,8824,,,0
13600,'220.0.4',637,,8825,,,0,68,,8826,,,0,15,,8827,,,0,14,,8828,,,0,15,,8829,,,0,56,,8830,,,0,9,,8831,,,0,19,,8832,,,0
13700,'220.0.3',642,,8853,,,0,69,,8849,,,0,18,,8854,,,0,10,,8850,,,0,70,,8851,,,0,30,,8852,,,0
13700,'220.0.4',642,,8859,,,0,69,,8855,,,0,18,,8860,,,0,10,,8856,,,0,70,,8857,,,0,30,,8858,,,0
13800,'220.0.3',627,,8873,,,0,29,,8874,,,0,54,,8875,,,0,14,,8876,,,0,30,,8877,,,0,5,,8878,,,0,64,,8879,,,0
13800,'220.0.4',627,,8880,,,0,29,,8881,,,0,54,,8882,,,0,14,,8883,,,0,30,,8884,,,0,5,,8885,,,0,64,,8886,,,0
