8200,'236.0.1',607,,4912,4,,,0,100,,4913,4,,,0,100,,4914,4,,,0,100,,4915,4,,,0,100,,4916,4,,,0,100,,4917,4,,,0,100,,4918,4,,,0,100,,4919,4,,,0,100,,4920,4,,,0,100,,4921,4,,,0,100,,4922,4,,,0,100,,4923,4,,,0,100,,4924,4,,,0,100,,4925,4,,,0,100,,4926,4,,,0,100,,4927,4,,,0,100,,4928,4,,,0
8200,'236.0.2',609,,4929,4,,,0,100,,4930,4,,,0,100,,4931,4,,,0,100,,4932,4,,,0,100,,4933,4,,,0,100,,4934,4,,,0,100,,4935,4,,,0,100,,4936,4,,,0,100,,4937,4,,,0,100,,4938,4,,,0,100,,4939,4,,,0,100,,4940,4,,,0,100,,4941,4,,,0,100,,4942,4,,,0,100,,4943,4,,,0,100,,4944,4,,,0
8200,'236.0.3',557,,4945,4,,,0,64,,4946,4,,,0,28,,4947,4,,,0,70,,4948,4,,,0,30,,4949,4,,,0,93,,4950,4,,,0,69,,4951,4,,,0,100,,4952,4,,,0,100,,4953,4,,,0,100,,4954,4,,,0,100,,4955,4,,,0,100,,4956,4,,,0,100,,4957,4,,,0,430,,4958,4,,,0,100,,4959,4,,,0,100,,4960,4,,,0,100,,4961,4,,,0
8400,'236.0.1',659,,5114,17,,,0,100,,5115,17,,,0,100,,5116,17,,,0,100,,5117,17,,,0,100,,5118,17,,,0,97,,5119,17,,,0,100,,5120,17,,,0,100,,5121,17,,,0,100,,5122,17,,,0,100,,5123,17,,,0,100,,5124,17,,,0,100,,5125,17,,,0,98,,5126,17,,,0,105,,5127,17,,,0,100,,5128,17,,,0,100,,5129,17,,,0,100,,5130,17,,,0
8400,'236.0.2',704,,5131,17,,,0,100,,5132,17,,,0,100,,5133,17,,,0,100,,5134,17,,,0,100,,5135,17,,,0,96,,5136,17,,,0,100,,5137,17,,,0,100,,5138,17,,,0,100,,5139,17,,,0,100,,5140,17,,,0,104,,5141,17,,,0,100,,5142,17,,,0,100,,5143,17,,,0,100,,5144,17,,,0,99,,5145,17,,,0,100,,5146,17,,,0,100,,5147,17,,,0
8400,'236.0.3',611,,5178,17,,,0,30,,5148,17,,,0,70,,5149,17,,,0,31,,5150,17,,,0,71,,5151,17,,,0,30,,5152,17,,,0,70,,5153,17,,,0,100,,5154,17,,,0,100,,5155,17,,,0,100,,5156,17,,,0,100,,5157,17,,,0,100,,5158,17,,,0,105,,5159,17,,,0,30,,5160,17,,,0,55,,5161,17,,,0,15,,5162,17,,,0,15,,5163,17,,,0,15,,5164,17,,,0,55,,5165,17,,,0,15,,5166,17,,,0,14,,5167,17,,,0,14,,5168,17,,,0,55,,5169,17,,,0,12,,5170,17,,,0,15,,5179,17,,,0,15,,5171,17,,,0,98,,5172,17,,,0,100,,5173,17,,,0,100,,5174,17,,,0,100,,5175,17,,,0,103,,5176,17,,,0,103,,5177,17,,,0
8800,'236.0.1',716,,5621,14,,,0,100,,5622,14,,,0,100,,5623,14,,,0,100,,5624,14,,,0,100,,5625,14,,,0,100,,5626,14,,,0,100,,5627,14,,,0,100,,5628,14,,,0,100,,5629,14,,,0,100,,5630,14,,,0,100,,5631,14,,,0,100,,5632,14,,,0,100,,5633,14,,,0,100,,5634,14,,,0,100,,5635,14,,,0,100,,5636,14,,,0
8800,'236.0.2',716,,5637,14,,,0,100,,5638,14,,,0,100,,5639,14,,,0,100,,5640,14,,,0,100,,5641,14,,,0,100,,5642,14,,,0,100,,5643,14,,,0,100,,5644,14,,,0,100,,5645,14,,,0,100,,5646,14,,,0,100,,5647,14,,,0,100,,5648,14,,,0,100,,5649,14,,,0,100,,5650,14,,,0,100,,5651,14,,,0
8800,'236.0.3',634,,5652,14,,,0,100,,5653,14,,,0,100,,5654,14,,,0,100,,5655,14,,,0,100,,5656,14,,,0,100,,5657,14,,,0,100,,5658,14,,,0,100,,5659,14,,,0,100,,5660,14,,,0,100,,5661,14,,,0,100,,5662,14,,,0,100,,5663,14,,,0,75,,5664,14,,,0,40,,5665,14,,,0,100,,5666,14,,,0,100,,5667,14,,,0,100,,5668,14,,,0
18200,'236.0.3',1531,,6179,23,,,0,15,,6180,23,,,0,57,,6181,23,,,0,18,,6182,23,,,0,14,,6183,23,,,0,17,,6184,23,,,0,55,,6185,23,,,0,13,,6186,23,,,0,13,,6187,23,,,0,15,,6188,23,,,0,11,,6189,23,,,0,55,,6190,23,,,0,15,,6192,23,,,0,14,,6191,23,,,0,16,,6193,23,,,0
