801,'236.0.1',548,,1843,38,,,0,70,,1844,38,,,0,30,,1845,38,,,0,70,,1846,38,,,0,30,,1847,38,,,0,73,,1848,38,,,0,30,,1849,38,,,0,70,,1850,38,,,0,30,,1851,38,,,0,73,,1852,38,,,0,30,,1853,38,,,0,70,,1854,38,,,0,30,,1855,38,,,0,70,,1856,38,,,0,30,,1857,38,,,0,71,,1858,38,,,0,30,,1859,38,,,0,70,,1860,38,,,0,30,,1861,38,,,0,70,,1862,38,,,0,30,,1863,38,,,0,70,,1864,38,,,0,30,,1865,38,,,0,70,,1866,38,,,0,29,,1867,38,,,0,69,,1868,38,,,0,30,,1869,38,,,0,70,,1870,38,,,0,26,,1871,38,,,0,69,,1872,38,,,0,30,,1873,38,,,0,70,,1874,38,,,0,30,,1875,38,,,0,70,,1876,38,,,0,30,,1877,38,,,0,70,,1878,38,,,0,30,,1879,38,,,0,100,,1880,38,,,0
801,'236.0.2',552,,1881,38,,,0,70,,1882,38,,,0,30,,1883,38,,,0,70,,1884,38,,,0,30,,1885,38,,,0,70,,1886,38,,,0,30,,1887,38,,,0,74,,1888,38,,,0,30,,1889,38,,,0,70,,1890,38,,,0,30,,1891,38,,,0,70,,1892,38,,,0,30,,1893,38,,,0,70,,1894,38,,,0,30,,1895,38,,,0,70,,1896,38,,,0,30,,1897,38,,,0,70,,1898,38,,,0,30,,1899,38,,,0,70,,1900,38,,,0,30,,1901,38,,,0,70,,1902,38,,,0,30,,1903,38,,,0,70,,1904,38,,,0,30,,1905,38,,,0,69,,1906,38,,,0,30,,1907,38,,,0,70,,1908,38,,,0,30,,1909,38,,,0,70,,1910,38,,,0,30,,1911,38,,,0,67,,1912,38,,,0,30,,1913,38,,,0,70,,1914,38,,,0,100,,1915,38,,,0,100,,1916,38,,,0
801,'236.0.3',537,,1917,38,,,0,70,,1918,38,,,0,30,,1919,38,,,0,20,,1920,38,,,0,62,,1921,38,,,0,20,,1922,38,,,0,20,,1923,38,,,0,60,,1924,38,,,0,20,,1925,38,,,0,20,,1926,38,,,0,58,,1927,38,,,0,20,,1928,38,,,0,20,,1929,38,,,0,60,,1930,38,,,0,20,,1931,38,,,0,20,,1932,38,,,0,60,,1933,38,,,0,20,,1934,38,,,0,20,,1935,38,,,0,60,,1936,38,,,0,20,,1937,38,,,0,20,,1938,38,,,0,60,,1939,38,,,0,20,,1940,38,,,0,20,,1941,38,,,0,60,,1942,38,,,0,20,,1943,38,,,0,20,,1944,38,,,0,62,,1945,38,,,0,33,,1946,38,,,0,70,,1947,38,,,0,30,,1948,38,,,0,70,,1949,38,,,0,30,,1950,38,,,0,67,,1951,38,,,0,28,,1952,38,,,0,70,,1953,38,,,0,30,,1954,38,,,0,70,,1955,38,,,0,30,,1956,38,,,0,67,,1957,38,,,0,29,,1958,38,,,0,70,,1959,38,,,0,30,,1960,38,,,0,70,,1961,38,,,0,30,,1962,38,,,0,70,,1963,38,,,0,30,,1964,38,,,0
9001,'236.0.1',611,,5813,24,,,0,30,,5814,24,,,0,70,,5815,24,,,0,25,,5816,24,,,0,70,,5817,24,,,0,30,,5818,24,,,0,70,,5819,24,,,0,25,,5820,24,,,0,71,,5821,24,,,0,31,,5822,24,,,0,70,,5823,24,,,0,30,,5824,24,,,0,70,,5825,24,,,0,30,,5826,24,,,0,70,,5827,24,,,0,30,,5828,24,,,0,70,,5829,24,,,0,30,,5830,24,,,0,70,,5831,24,,,0,30,,5832,24,,,0,70,,5833,24,,,0,30,,5834,24,,,0,70,,5835,24,,,0,35,,5836,24,,,0,69,,5837,24,,,0,29,,5838,24,,,0,70,,5839,24,,,0,30,,5840,24,,,0,70,,5841,24,,,0,100,,5842,24,,,0,100,,5843,24,,,0,100,,5844,24,,,0,100,,5845,24,,,0
9001,'236.0.2',559,,5846,24,,,0,100,,5847,24,,,0,100,,5848,24,,,0,100,,5849,24,,,0,95,,5850,24,,,0,102,,5851,24,,,0,100,,5852,24,,,0,102,,5853,24,,,0,100,,5854,24,,,0,98,,5855,24,,,0,100,,5856,24,,,0,100,,5857,24,,,0,99,,5858,24,,,0,103,,5859,24,,,0,145,,5860,24,,,0,98,,5861,24,,,0,100,,5862,24,,,0,99,,5863,24,,,0
9001,'236.0.3',542,,5864,24,,,0,70,,5865,24,,,0,30,,5866,24,,,0,15,,5898,24,,,0,53,,5867,24,,,0,15,,5899,24,,,0,10,,5868,24,,,0,15,,5900,24,,,0,55,,5869,24,,,0,17,,5901,24,,,0,17,,5870,24,,,0,15,,5902,24,,,0,55,,5871,24,,,0,30,,5872,24,,,0,65,,5873,24,,,0,30,,5874,24,,,0,70,,5875,24,,,0,30,,5876,24,,,0,70,,5877,24,,,0,30,,5878,24,,,0,70,,5879,24,,,0,30,,5880,24,,,0,70,,5881,24,,,0,30,,5882,24,,,0,70,,5883,24,,,0,33,,5884,24,,,0,21,,5903,24,,,0,62,,5885,24,,,0,8,,5904,24,,,0,25,,5886,24,,,0,55,,5905,24,,,0,15,,5887,24,,,0,15,,5906,24,,,0,13,,5888,24,,,0,53,,5907,24,,,0,13,,5889,24,,,0,12,,5908,24,,,0,13,,5890,24,,,0,12,,5909,24,,,0,53,,5891,24,,,0,30,,5892,24,,,0,70,,5893,24,,,0,30,,5894,24,,,0,100,,5895,24,,,0,100,,5896,24,,,0,100,,5897,24,,,0
9101,'236.0.1',805,,5964,27,,,0,100,,5965,27,,,0,100,,5966,27,,,0,100,,5967,27,,,0,100,,5968,27,,,0,100,,5969,27,,,0,100,,5970,27,,,0,100,,5971,27,,,0,100,,5972,27,,,0,100,,5973,27,,,0,100,,5974,27,,,0,100,,5975,27,,,0,100,,5976,27,,,0,100,,5977,27,,,0,100,,5978,27,,,0,100,,5979,27,,,0
9101,'236.0.2',834,,5980,27,,,0,100,,5981,27,,,0,100,,5982,27,,,0,100,,5983,27,,,0,100,,5984,27,,,0,100,,5985,27,,,0,100,,5986,27,,,0,100,,5987,27,,,0,100,,5988,27,,,0,100,,5989,27,,,0,100,,5990,27,,,0,100,,5991,27,,,0,100,,5992,27,,,0,100,,5993,27,,,0,100,,5994,27,,,0
9101,'236.0.3',609,,5995,27,,,0,30,,5996,27,,,0,75,,5997,27,,,0,24,,5998,27,,,0,70,,5999,27,,,0,37,,6000,27,,,0,68,,6001,27,,,0,29,,6002,27,,,0,100,,6003,27,,,0,103,,6004,27,,,0,100,,6005,27,,,0,99,,6006,27,,,0,107,,6007,27,,,0,101,,6008,27,,,0,71,,6009,27,,,0,30,,6010,27,,,0,73,,6011,27,,,0,30,,6012,27,,,0,65,,6013,27,,,0,94,,6014,27,,,0,100,,6015,27,,,0,100,,6016,27,,,0,100,,6017,27,,,0,100,,6018,27,,,0
9301,'236.0.3',614,,6026,24,,,0,30,,6027,24,,,0,69,,6028,24,,,0,30,,6029,24,,,0,71,,6030,24,,,0,30,,6031,24,,,0
