1001000,'220.0.3',646,,10445,4,,0,59,,10446,4,,0,19,,10447,4,,0,28,,10448,4,,0,59,,10449,4,,0,20,,10450,4,,0,20,,10451,4,,0,60,,10452,4,,0,20,,10453,4,,0,500,,10454,4,,0,19,,10455,4,,0,60,,10456,4,,0,20,,10457,4,,0,24,,10458,4,,0,64,,10459,4,,0,20,,10460,4,,0,20,,10461,4,,0,60,,10462,4,,0,8,,10463,4,,0,29,,10464,4,,0,56,,10465,4,,0,19,,10466,4,,0,16,,10467,4,,0
1001000,'220.0.4',646,,10468,4,,0,59,,10469,4,,0,19,,10470,4,,0,28,,10471,4,,0,59,,10472,4,,0,20,,10473,4,,0,20,,10474,4,,0,60,,10475,4,,0,20,,10476,4,,0,500,,10477,4,,0,19,,10478,4,,0,60,,10479,4,,0,20,,10480,4,,0,24,,10481,4,,0,64,,10482,4,,0,20,,10483,4,,0,20,,10484,4,,0,60,,10485,4,,0,8,,10486,4,,0,29,,10487,4,,0,56,,10488,4,,0,19,,10489,4,,0,16,,10490,4,,0
2001000,'220.0.1',654,,11927,,,0,85,,11928,,,0,70,,11929,,,0,30,,11930,,,0,70,,11931,,,0,30,,11932,,,0,73,,11933,,,0,30,,11934,,,0,70,,11935,,,0,33,,11936,,,0,70,,11937,,,0,30,,11938,,,0,70,,11939,,,0,30,,11940,,,0,70,,11941,,,0,30,,11942,,,0,70,,11943,,,0,30,,11944,,,0,70,,11945,,,0,30,,11946,,,0,70,,11947,,,0,30,,11948,,,0,70,,11949,,,0,30,,11950,,,0,68,,11951,,,0,30,,11952,,,0,70,,11953,,,0,45,,11954,,,0,97,,11955,,,0,100,,11956,,,0,100,,11957,,,0
2001000,'220.0.2',652,,11958,,,0,155,,11959,,,0,30,,11960,,,0,70,,11961,,,0,31,,11962,,,0,72,,11963,,,0,30,,11964,,,0,70,,11965,,,0,30,,11966,,,0,70,,11967,,,0,30,,11968,,,0,70,,11969,,,0,32,,11970,,,0,71,,11971,,,0,30,,11972,,,0,70,,11973,,,0,30,,11974,,,0,70,,11975,,,0,30,,11976,,,0,70,,11977,,,0,30,,11978,,,0,70,,11979,,,0,45,,11980,,,0,96,,11981,,,0,100,,11982,,,0,100,,11983,,,0,100,,11984,,,0,100,,11985,,,0,100,,11986,,,0
2001000,'220.0.3',608,,11987,,,0,51,,11988,,,0,60,,11989,,,0,20,,11990,,,0,20,,11991,,,0,64,,11992,,,0,21,,11993,,,0,60,,11994,,,0,20,,11995,,,0,77,,11996,,,0,30,,11997,,,0,70,,11998,,,0,30,,11999,,,0,70,,12000,,,0,30,,12001,,,0,70,,12002,,,0,30,,12003,,,0,70,,12004,,,0,25,,12005,,,0,17,,12006,,,0,60,,12007,,,0,20,,12008,,,0,20,,12009,,,0,68,,12010,,,0,20,,12011,,,0,20,,12012,,,0,60,,12013,,,0,18,,12014,,,0,19,,12015,,,0,60,,12016,,,0,15,,12017,,,0,16,,12018,,,0,63,,12019,,,0,20,,12020,,,0,24,,12021,,,0,70,,12022,,,0,30,,12023,,,0,70,,12024,,,0,30,,12025,,,0
2001000,'220.0.4',608,,12026,,,0,51,,12027,,,0,60,,12028,,,0,20,,12029,,,0,20,,12030,,,0,64,,12031,,,0,21,,12032,,,0,60,,12033,,,0,20,,12034,,,0,77,,12035,,,0,30,,12036,,,0,70,,12037,,,0,30,,12038,,,0,70,,12039,,,0,30,,12040,,,0,70,,12041,,,0,30,,12042,,,0,70,,12043,,,0,25,,12044,,,0,17,,12045,,,0,60,,12046,,,0,20,,12047,,,0,20,,12048,,,0,68,,12049,,,0,20,,12050,,,0,20,,12051,,,0,60,,12052,,,0,18,,12053,,,0,19,,12054,,,0,60,,12055,,,0,15,,12056,,,0,16,,12057,,,0,63,,12058,,,0,20,,12059,,,0,24,,12060,,,0,70,,12061,,,0,30,,12062,,,0,70,,12063,,,0,30,,12064,,,0
3001000,'220.0.1',624,,12728,,,0,100,,12729,,,0,30,,12730,,,0,70,,12731,,,0,30,,12732,,,0,70,,12733,,,0,33,,12734,,,0,70,,12735,,,0,30,,12736,,,0,70,,12737,,,0,73,,12738,,,0,30,,12739,,,0,70,,12740,,,0,30,,12741,,,0,70,,12742,,,0,30,,12743,,,0,70,,12744,,,0,30,,12745,,,0,70,,12746,,,0,30,,12747,,,0,70,,12748,,,0,30,,12749,,,0,70,,12750,,,0,30,,12751,,,0,28,,12752,,,0,70,,12753,,,0,100,,12754,,,0,100,,12755,,,0,97,,12756,,,0,100,,12757,,,0,100,,12758,,,0
3001000,'220.0.2',622,,12760,,,0,100,,12761,,,0,30,,12762,,,0,70,,12763,,,0,30,,12764,,,0,70,,12765,,,0,30,,12766,,,0,73,,12767,,,0,30,,12768,,,0,70,,12769,,,0,30,,12770,,,0,70,,12771,,,0,30,,12772,,,0,70,,12773,,,0,30,,12774,,,0,73,,12775,,,0,30,,12776,,,0,70,,12777,,,0,30,,12778,,,0,70,,12779,,,0,30,,12780,,,0,70,,12781,,,0,30,,12782,,,0,70,,12783,,,0,100,,12784,,,0,96,,12785,,,0,100,,12786,,,0,100,,12787,,,0,100,,12788,,,0
3001000,'220.0.3',613,,12792,,,0,19,,12793,,,0,20,,12794,,,0,59,,12795,,,0,18,,12796,,,0,17,,12797,,,0,59,,12798,,,0,33,,12799,,,0,20,,12800,,,0,60,,12801,,,0,28,,12802,,,0,70,,12803,,,0,30,,12804,,,0,70,,12805,,,0,30,,12806,,,0,70,,12807,,,0,30,,12808,,,0,70,,12809,,,0,30,,12810,,,0,70,,12811,,,0,20,,12812,,,0,20,,12813,,,0,60,,12814,,,0,20,,12815,,,0,65,,12816,,,0,23,,12817,,,0,20,,12818,,,0,60,,12819,,,0,18,,12820,,,0,19,,12821,,,0,60,,12822,,,0,15,,12823,,,0,16,,12824,,,0,20,,12825,,,0,60,,12826,,,0,19,,12827,,,0,70,,12828,,,0,30,,12829,,,0,70,,12830,,,0,30,,12831,,,0,70,,12832,,,0,27,,12833,,,0,30,,12834,,,0,70,,12835,,,0,30,,12836,,,0,70,,12837,,,0
3001000,'220.0.4',613,,12841,,,0,19,,12842,,,0,20,,12843,,,0,59,,12844,,,0,18,,12845,,,0,17,,12846,,,0,59,,12847,,,0,33,,12848,,,0,20,,12849,,,0,60,,12850,,,0,28,,12851,,,0,70,,12852,,,0,30,,12853,,,0,70,,12854,,,0,30,,12855,,,0,70,,12856,,,0,30,,12857,,,0,70,,12858,,,0,30,,12859,,,0,70,,12860,,,0,20,,12861,,,0,20,,12862,,,0,60,,12863,,,0,20,,12864,,,0,65,,12865,,,0,23,,12866,,,0,20,,12867,,,0,60,,12868,,,0,18,,12869,,,0,19,,12870,,,0,60,,12871,,,0,15,,12872,,,0,16,,12873,,,0,20,,12874,,,0,60,,12875,,,0,19,,12876,,,0,70,,12877,,,0,30,,12878,,,0,70,,12879,,,0,30,,12880,,,0,70,,12881,,,0,27,,12882,,,0,30,,12883,,,0,70,,12884,,,0,30,,12885,,,0,70,,12886,,,0,30,,12887,,,0,70,,12888,,,0
