8401,'220.0.1',614,,7468,,,0,100,,7469,,,0,100,,7470,,,0,100,,7471,,,0,101,,7472,,,0,100,,7473,,,0,100,,7474,,,0,101,,7475,,,0,100,,7476,,,0,100,,7477,,,0,100,,7478,,,0,99,,7479,,,0,100,,7480,,,0,100,,7481,,,0,99,,7482,,,0,100,,7483,,,0,100,,7484,,,0
8401,'220.0.2',618,,7485,,,0,100,,7486,,,0,100,,7487,,,0,102,,7488,,,0,100,,7489,,,0,100,,7490,,,0,100,,7491,,,0,100,,7492,,,0,100,,7493,,,0,100,,7494,,,0,100,,7495,,,0,100,,7496,,,0,99,,7497,,,0,100,,7498,,,0,100,,7499,,,0,100,,7500,,,0,100,,7501,,,0
8401,'220.0.3',520,,7502,,,0,30,,7503,,,0,70,,7504,,,0,15,,7505,,,0,15,,7533,,,0,55,,7506,,,0,15,,7507,,,0,15,,7508,,,0,15,,7509,,,0,55,,7510,,,0,15,,7511,,,0,15,,7512,,,0,15,,7513,,,0,56,,7534,,,0,15,,7514,,,0,100,,7515,,,0,100,,7516,,,0,100,,7517,,,0,100,,7518,,,0,100,,7519,,,0,100,,7520,,,0,30,,7521,,,0,71,,7522,,,0,30,,7523,,,0,70,,7524,,,0,30,,7525,,,0,68,,7526,,,0,100,,7527,,,0,99,,7528,,,0,100,,7529,,,0,100,,7530,,,0,100,,7531,,,0,100,,7532,,,0
8401,'220.0.4',520,,7535,,,0,30,,7536,,,0,70,,7537,,,0,15,,7538,,,0,15,,7566,,,0,55,,7539,,,0,15,,7540,,,0,15,,7541,,,0,15,,7542,,,0,55,,7543,,,0,15,,7544,,,0,15,,7545,,,0,15,,7546,,,0,56,,7567,,,0,15,,7547,,,0,100,,7548,,,0,100,,7549,,,0,100,,7550,,,0,100,,7551,,,0,100,,7552,,,0,100,,7553,,,0,30,,7554,,,0,71,,7555,,,0,30,,7556,,,0,70,,7557,,,0,30,,7558,,,0,68,,7559,,,0,100,,7560,,,0,99,,7561,,,0,100,,7562,,,0,100,,7563,,,0,100,,7564,,,0,100,,7565,,,0,100,,7568,,,0,30,,7569,,,0
8801,'220.0.1',730,,8172,,,0,100,,8173,,,0,100,,8174,,,0,100,,8175,,,0,101,,8176,,,0,100,,8177,,,0,100,,8178,,,0,100,,8179,,,0,100,,8180,,,0,100,,8181,,,0,100,,8182,,,0,99,,8183,,,0,99,,8184,,,0,100,,8185,,,0,100,,8186,,,0,100,,8187,,,0
8801,'220.0.2',730,,8188,,,0,100,,8189,,,0,100,,8190,,,0,100,,8191,,,0,101,,8192,,,0,100,,8193,,,0,100,,8194,,,0,100,,8195,,,0,100,,8196,,,0,100,,8197,,,0,100,,8198,,,0,100,,8199,,,0,99,,8200,,,0,100,,8201,,,0,100,,8202,,,0
8801,'220.0.3',652,,8203,,,0,100,,8204,,,0,100,,8205,,,0,100,,8206,,,0,100,,8207,,,0,100,,8208,,,0,100,,8209,,,0,100,,8210,,,0,101,,8211,,,0,100,,8212,,,0,100,,8213,,,0,99,,8214,,,0,73,,8215,,,0,92,,8216,,,0,100,,8217,,,0,100,,8218,,,0,100,,8219,,,0
8801,'220.0.4',652,,8220,,,0,100,,8221,,,0,100,,8222,,,0,100,,8223,,,0,100,,8224,,,0,100,,8225,,,0,100,,8226,,,0,100,,8227,,,0,101,,8228,,,0,100,,8229,,,0,100,,8230,,,0,99,,8231,,,0,73,,8232,,,0,92,,8233,,,0,100,,8234,,,0,100,,8235,,,0,100,,8236,,,0
18201,'220.0.3',545,,9031,,,0,55,,9032,,,0,15,,9033,,,0,15,,9034,,,0,15,,9035,,,0,55,,9036,,,0,15,,9037,,,0,15,,9043,,,0,15,,9038,,,0,55,,9039,,,0,15,,9040,,,0,15,,9042,,,0,15,,9041,,,0
18201,'220.0.4',545,,9044,,,0,55,,9045,,,0,15,,9046,,,0,15,,9047,,,0,15,,9048,,,0,55,,9049,,,0,15,,9050,,,0,15,,9056,,,0,15,,9051,,,0,55,,9052,,,0,15,,9053,,,0,15,,9055,,,0,15,,9054,,,0
