2400,'236.0.1',606,,15393,,,0,30,,15394,,,0,70,,15395,,,0,30,,15396,,,0,70,,15397,,,0,30,,15398,,,0,70,,15399,,,0,30,,15400,,,0,71,,15401,,,0,30,,15402,,,0,70,,15403,,,0,30,,15404,,,0,70,,15405,,,0,30,,15406,,,0,70,,15407,,,0,30,,15408,,,0,70,,15409,,,0,30,,15410,,,0,70,,15411,,,0,30,,15412,,,0,70,,15413,,,0,30,,15414,,,0,70,,15415,,,0,30,,15416,,,0,70,,15417,,,0,29,,15418,,,0,70,,15419,,,0,30,,15420,,,0,70,,15421,,,0,30,,15422,,,0,70,,15423,,,0,30,,15424,,,0,70,,15425,,,0,30,,15426,,,0,70,,15427,,,0,30,,15428,,,0
2400,'236.0.2',606,,15429,,,0,30,,15430,,,0,70,,15431,,,0,30,,15432,,,0,70,,15433,,,0,30,,15434,,,0,70,,15435,,,0,31,,15436,,,0,70,,15437,,,0,30,,15438,,,0,70,,15439,,,0,30,,15440,,,0,70,,15441,,,0,30,,15442,,,0,70,,15443,,,0,30,,15444,,,0,70,,15445,,,0,30,,15446,,,0,70,,15447,,,0,30,,15448,,,0,70,,15449,,,0,30,,15450,,,0,70,,15451,,,0,30,,15452,,,0,70,,15453,,,0,29,,15454,,,0,70,,15455,,,0,30,,15456,,,0,70,,15457,,,0,30,,15458,,,0,70,,15459,,,0,30,,15460,,,0,70,,15461,,,0,30,,15462,,,0,70,,15463,,,0,30,,15464,,,0
2400,'236.0.3',607,,15465,,,0,30,,15466,,,0,66,,15467,,,0,29,,15468,,,0,70,,15469,,,0,34,,15470,,,0,71,,15471,,,0,30,,15472,,,0,70,,15473,,,0,30,,15474,,,0,70,,15475,,,0,30,,15476,,,0,70,,15477,,,0,30,,15478,,,0,70,,15479,,,0,30,,15480,,,0,70,,15481,,,0,30,,15482,,,0,70,,15483,,,0,30,,15484,,,0,70,,15485,,,0,30,,15486,,,0,70,,15487,,,0,30,,15488,,,0,70,,15489,,,0,30,,15490,,,0,69,,15491,,,0,30,,15492,,,0,70,,15493,,,0,30,,15494,,,0,70,,15495,,,0,30,,15496,,,0,70,,15497,,,0,30,,15498,,,0,70,,15499,,,0,30,,15500,,,0
2501,'236.0.1',700,,15667,,,0,100,,15668,,,0,100,,15669,,,0,100,,15670,,,0,100,,15671,,,0,100,,15672,,,0,100,,15673,,,0,100,,15674,,,0,100,,15675,,,0,100,,15676,,,0,100,,15677,,,0,100,,15678,,,0,100,,15679,,,0,100,,15680,,,0,100,,15681,,,0,100,,15682,,,0
2501,'236.0.2',800,,15683,,,0,100,,15684,,,0,100,,15685,,,0,100,,15686,,,0,100,,15687,,,0,100,,15688,,,0,100,,15689,,,0,100,,15690,,,0,100,,15691,,,0,100,,15692,,,0,100,,15693,,,0,100,,15694,,,0,100,,15695,,,0,100,,15696,,,0
2501,'236.0.3',602,,15697,,,0,30,,15698,,,0,70,,15699,,,0,30,,15700,,,0,70,,15701,,,0,30,,15702,,,0,70,,15703,,,0,30,,15704,,,0,100,,15705,,,0,100,,15706,,,0,100,,15707,,,0,100,,15708,,,0,100,,15709,,,0,100,,15710,,,0,74,,15711,,,0,32,,15712,,,0,72,,15713,,,0,26,,15714,,,0,70,,15715,,,0,26,,15716,,,0,70,,15717,,,0,30,,15718,,,0,100,,15719,,,0,100,,15720,,,0,100,,15721,,,0,100,,15722,,,0
12700,'236.0.3',619,,19102,,,0,18,,19103,,,0,19,,19104,,,0,48,,19105,,,0,8,,19106,,,0,17,,19107,,,0,13,,19108,,,0,15,,19109,,,0,45,,19110,,,0
1000901,'236.0.1',649,,20023,,,0,100,,20024,,,0,100,,20025,,,0,100,,20026,,,0,100,,20027,,,0,100,,20028,,,0,100,,20029,,,0,100,,20030,,,0,100,,20031,,,0,100,,20032,,,0,100,,20033,,,0,99,,20034,,,0,100,,20035,,,0,100,,20036,,,0,100,,20037,,,0,100,,20038,,,0,100,,20039,,,0,100,,20040,,,0
1000901,'236.0.2',649,,20041,,,0,98,,20042,,,0,101,,20043,,,0,100,,20044,,,0,100,,20045,,,0,100,,20046,,,0,100,,20047,,,0,100,,20048,,,0,100,,20049,,,0,100,,20050,,,0,100,,20051,,,0,100,,20052,,,0,100,,20053,,,0,100,,20054,,,0,99,,20055,,,0,100,,20056,,,0,100,,20057,,,0,101,,20058,,,0
1000901,'236.0.3',534,,20059,,,0,67,,20060,,,0,25,,20061,,,0,10,,20062,,,0,5,,20063,,,0,15,,20064,,,0,50,,20065,,,0,5,,20066,,,0,15,,20067,,,0,10,,20068,,,0,20,,20069,,,0,50,,20070,,,0,20,,20071,,,0,9,,20072,,,0,20,,20073,,,0,50,,20074,,,0,25,,20075,,,0,15,,20076,,,0,55,,20077,,,0,30,,20078,,,0,15,,20079,,,0,55,,20080,,,0,30,,20081,,,0,15,,20082,,,0,55,,20083,,,0,30,,20084,,,0,15,,20085,,,0,55,,20086,,,0,30,,20087,,,0,15,,20088,,,0,55,,20089,,,0,30,,20090,,,0,15,,20091,,,0,55,,20092,,,0,30,,20093,,,0,25,,20094,,,0,45,,20095,,,0,25,,20096,,,0,10,,20097,,,0,20,,20098,,,0,50,,20099,,,0,20,,20100,,,0,10,,20101,,,0,20,,20102,,,0,50,,20103,,,0,19,,20104,,,0,10,,20105,,,0,25,,20106,,,0,70,,20107,,,0,71,,20108,,,0,29,,20109,,,0,30,,20110,,,0,70,,20111,,,0,30,,20112,,,0,75,,20113,,,0,20,,20114,,,0,80,,20115,,,0,20,,20116,,,0,80,,20117,,,0,20,,20118,,,0
2000901,'236.0.1',619,,21052,,,0,100,,21053,,,0,99,,21054,,,0,101,,21055,,,0,100,,21056,,,0,100,,21057,,,0,100,,21058,,,0,100,,21059,,,0,100,,21060,,,0,100,,21061,,,0,100,,21062,,,0,100,,21063,,,0,99,,21064,,,0,100,,21065,,,0,100,,21066,,,0,100,,21067,,,0,100,,21068,,,0,100,,21069,,,0,100,,21070,,,0
2000901,'236.0.2',619,,21071,,,0,100,,21072,,,0,98,,21073,,,0,101,,21074,,,0,100,,21075,,,0,100,,21076,,,0,100,,21077,,,0,100,,21078,,,0,100,,21079,,,0,100,,21080,,,0,100,,21081,,,0,100,,21082,,,0,100,,21083,,,0,100,,21084,,,0,99,,21085,,,0,100,,21086,,,0,100,,21087,,,0,100,,21088,,,0,100,,21089,,,0
2000901,'236.0.3',546,,21090,,,0,70,,21091,,,0,30,,21092,,,0,70,,21093,,,0,30,,21094,,,0,70,,21095,,,0,30,,21096,,,0,69,,21097,,,0,100,,21098,,,0,100,,21099,,,0,100,,21100,,,0,100,,21101,,,0,100,,21102,,,0,100,,21103,,,0,30,,21104,,,0,70,,21105,,,0,30,,21106,,,0,70,,21107,,,0,30,,21108,,,0,70,,21109,,,0,29,,21110,,,0,70,,21111,,,0,30,,21112,,,0,70,,21113,,,0,30,,21114,,,0,70,,21115,,,0,24,,21116,,,0,70,,21117,,,0,100,,21118,,,0,100,,21119,,,0
