400,'236.0.1',551,,1112,2,,,0,100,,1113,2,,,0,100,,1114,2,,,0,70,,1115,2,,,0,30,,1116,2,,,0,70,,1117,2,,,0,30,,1118,2,,,0,70,,1119,2,,,0,30,,1120,2,,,0,70,,1121,2,,,0,30,,1122,2,,,0,70,,1123,2,,,0,30,,1124,2,,,0,70,,1125,2,,,0,30,,1126,2,,,0,70,,1127,2,,,0,30,,1128,2,,,0,70,,1129,2,,,0,30,,1130,2,,,0,70,,1131,2,,,0,30,,1132,2,,,0,70,,1133,2,,,0,30,,1134,2,,,0,70,,1135,2,,,0,30,,1136,2,,,0,70,,1137,2,,,0,30,,1138,2,,,0,70,,1139,2,,,0,30,,1140,2,,,0,70,,1141,2,,,0,30,,1142,2,,,0,100,,1143,2,,,0,100,,1144,2,,,0
400,'236.0.2',646,,1145,2,,,0,70,,1146,2,,,0,30,,1147,2,,,0,70,,1148,2,,,0,30,,1149,2,,,0,70,,1150,2,,,0,30,,1151,2,,,0,70,,1152,2,,,0,30,,1153,2,,,0,70,,1154,2,,,0,30,,1155,2,,,0,70,,1156,2,,,0,30,,1157,2,,,0,70,,1158,2,,,0,30,,1159,2,,,0,70,,1160,2,,,0,30,,1161,2,,,0,70,,1162,2,,,0,30,,1163,2,,,0,70,,1164,2,,,0,30,,1165,2,,,0,70,,1166,2,,,0,30,,1167,2,,,0,70,,1168,2,,,0,30,,1169,2,,,0,70,,1170,2,,,0,30,,1171,2,,,0,100,,1172,2,,,0,100,,1173,2,,,0,100,,1174,2,,,0,100,,1175,2,,,0
400,'236.0.3',601,,1176,2,,,0,20,,1177,2,,,0,20,,1178,2,,,0,60,,1179,2,,,0,15,,1180,2,,,0,15,,1181,2,,,0,15,,1182,2,,,0,55,,1183,2,,,0,15,,1184,2,,,0,15,,1185,2,,,0,15,,1186,2,,,0,55,,1187,2,,,0,15,,1188,2,,,0,15,,1189,2,,,0,15,,1190,2,,,0,55,,1191,2,,,0,15,,1192,2,,,0,15,,1193,2,,,0,15,,1194,2,,,0,55,,1195,2,,,0,15,,1196,2,,,0,15,,1197,2,,,0,15,,1198,2,,,0,55,,1199,2,,,0,15,,1200,2,,,0,15,,1201,2,,,0,15,,1202,2,,,0,55,,1203,2,,,0,10,,1204,2,,,0,10,,1205,2,,,0,10,,1206,2,,,0,10,,1207,2,,,0,10,,1208,2,,,0,50,,1209,2,,,0,8,,1210,2,,,0,8,,1211,2,,,0,8,,1212,2,,,0,8,,1213,2,,,0,8,,1214,2,,,0,8,,1215,2,,,0,8,,1216,2,,,0,48,,1217,2,,,0,8,,1218,2,,,0,8,,1219,2,,,0,8,,1220,2,,,0,8,,1221,2,,,0,8,,1222,2,,,0,8,,1223,2,,,0,48,,1224,2,,,0,8,,1225,2,,,0,8,,1226,2,,,0,8,,1227,2,,,0,8,,1228,2,,,0,8,,1229,2,,,0,16,,1230,2,,,0,48,,1231,2,,,0,8,,1232,2,,,0,8,,1233,2,,,0,8,,1234,2,,,0,8,,1235,2,,,0,9,,1236,2,,,0,55,,1237,2,,,0,15,,1238,2,,,0,15,,1239,2,,,0,20,,1240,2,,,0,60,,1241,2,,,0,20,,1242,2,,,0,20,,1243,2,,,0,60,,1244,2,,,0,20,,1245,2,,,0,20,,1246,2,,,0,60,,1247,2,,,0,20,,1248,2,,,0,20,,1249,2,,,0,70,,1250,2,,,0,30,,1251,2,,,0,70,,1252,2,,,0,30,,1253,2,,,0,70,,1254,2,,,0,30,,1255,2,,,0
400,'236.1141.3',1649,,1256,2,,,0
400,'236.1143.3',1649,,1257,2,,,0
1001000,'236.0.3',621,,7069,2,,,0,19,,7070,2,,,0,19,,7071,2,,,0,68,,7072,2,,,0,18,,7073,2,,,0,56,,7074,2,,,0,20,,7075,2,,,0,20,,7076,2,,,0,60,,7077,2,,,0,500,,7078,2,,,0,19,,7079,2,,,0,20,,7080,2,,,0,60,,7081,2,,,0,20,,7082,2,,,0,20,,7083,2,,,0,60,,7084,2,,,0,20,,7085,2,,,0,20,,7086,2,,,0,10,,7087,2,,,0,70,,7088,2,,,0,20,,7089,2,,,0,60,,7090,2,,,0,20,,7091,2,,,0
2000701,'236.0.1',608,,7770,22,,,0,20,,7771,22,,,0,20,,7772,22,,,0,60,,7773,22,,,0,20,,7774,22,,,0,20,,7775,22,,,0,62,,7776,22,,,0,18,,7777,22,,,0,20,,7778,22,,,0,60,,7779,22,,,0,20,,7780,22,,,0,18,,7781,22,,,0,60,,7782,22,,,0,20,,7783,22,,,0,20,,7784,22,,,0,60,,7785,22,,,0,20,,7786,22,,,0,20,,7787,22,,,0,60,,7788,22,,,0,20,,7789,22,,,0,20,,7790,22,,,0,60,,7791,22,,,0,20,,7792,22,,,0,20,,7793,22,,,0,60,,7794,22,,,0,20,,7795,22,,,0,20,,7796,22,,,0,60,,7797,22,,,0,20,,7798,22,,,0,20,,7799,22,,,0,61,,7800,22,,,0,21,,7801,22,,,0,20,,7802,22,,,0,60,,7803,22,,,0,20,,7804,22,,,0,20,,7805,22,,,0,60,,7806,22,,,0,20,,7807,22,,,0,20,,7808,22,,,0,60,,7809,22,,,0,20,,7810,22,,,0,20,,7811,22,,,0,61,,7812,22,,,0,20,,7813,22,,,0,20,,7814,22,,,0,60,,7815,22,,,0,20,,7816,22,,,0,20,,7817,22,,,0,60,,7818,22,,,0,20,,7819,22,,,0,20,,7820,22,,,0,60,,7821,22,,,0,20,,7822,22,,,0,20,,7823,22,,,0
2000701,'236.0.2',609,,7824,22,,,0,30,,7825,22,,,0,70,,7826,22,,,0,30,,7827,22,,,0,70,,7828,22,,,0,30,,7829,22,,,0,70,,7830,22,,,0,28,,7831,22,,,0,70,,7832,22,,,0,30,,7833,22,,,0,70,,7834,22,,,0,30,,7835,22,,,0,70,,7836,22,,,0,30,,7837,22,,,0,70,,7838,22,,,0,30,,7839,22,,,0,70,,7840,22,,,0,30,,7841,22,,,0,70,,7842,22,,,0,30,,7843,22,,,0,70,,7844,22,,,0,30,,7845,22,,,0,70,,7846,22,,,0,30,,7847,22,,,0,70,,7848,22,,,0,30,,7849,22,,,0,70,,7850,22,,,0,31,,7851,22,,,0,70,,7852,22,,,0,30,,7853,22,,,0,70,,7854,22,,,0,30,,7855,22,,,0,70,,7856,22,,,0,30,,7857,22,,,0,70,,7858,22,,,0,30,,7859,22,,,0
2000701,'236.0.3',601,,7860,22,,,0,15,,7861,22,,,0,15,,7862,22,,,0,15,,7863,22,,,0,55,,7864,22,,,0,15,,7865,22,,,0,15,,7866,22,,,0,16,,7867,22,,,0,59,,7868,22,,,0,15,,7869,22,,,0,15,,7870,22,,,0,15,,7871,22,,,0,54,,7872,22,,,0,13,,7873,22,,,0,15,,7874,22,,,0,15,,7875,22,,,0,55,,7876,22,,,0,15,,7877,22,,,0,15,,7878,22,,,0,15,,7879,22,,,0,55,,7880,22,,,0,15,,7881,22,,,0,15,,7882,22,,,0,15,,7883,22,,,0,55,,7884,22,,,0,15,,7885,22,,,0,15,,7886,22,,,0,15,,7887,22,,,0,55,,7888,22,,,0,15,,7889,22,,,0,15,,7890,22,,,0,15,,7891,22,,,0,55,,7892,22,,,0,15,,7893,22,,,0,15,,7894,22,,,0,15,,7895,22,,,0,55,,7896,22,,,0,16,,7897,22,,,0,15,,7898,22,,,0,15,,7899,22,,,0,55,,7900,22,,,0,15,,7901,22,,,0,15,,7902,22,,,0,15,,7903,22,,,0,55,,7904,22,,,0,15,,7905,22,,,0,14,,7906,22,,,0,14,,7907,22,,,0,55,,7908,22,,,0,15,,7909,22,,,0,15,,7910,22,,,0,15,,7911,22,,,0,54,,7912,22,,,0,13,,7913,22,,,0,15,,7914,22,,,0,15,,7915,22,,,0,15,,7916,22,,,0,55,,7917,22,,,0,15,,7918,22,,,0,15,,7919,22,,,0,15,,7920,22,,,0,55,,7921,22,,,0,15,,7922,22,,,0,15,,7923,22,,,0,15,,7924,22,,,0,55,,7925,22,,,0,15,,7926,22,,,0,15,,7927,22,,,0,15,,7928,22,,,0,70,,7929,22,,,0,30,,7930,22,,,0,70,,7931,22,,,0,30,,7932,22,,,0
2001000,'236.0.1',631,,8072,2,,,0,85,,8073,2,,,0,30,,8074,2,,,0,70,,8075,2,,,0,30,,8076,2,,,0,70,,8077,2,,,0,30,,8078,2,,,0,70,,8079,2,,,0,30,,8080,2,,,0,70,,8081,2,,,0,30,,8082,2,,,0,70,,8083,2,,,0,30,,8084,2,,,0,70,,8085,2,,,0,30,,8086,2,,,0,70,,8087,2,,,0,30,,8088,2,,,0,70,,8089,2,,,0,30,,8090,2,,,0,70,,8091,2,,,0,30,,8092,2,,,0,70,,8093,2,,,0,30,,8094,2,,,0,70,,8095,2,,,0,30,,8096,2,,,0,70,,8097,2,,,0,30,,8098,2,,,0,85,,8099,2,,,0,100,,8100,2,,,0,100,,8101,2,,,0,100,,8102,2,,,0
2001000,'236.0.2',631,,8103,2,,,0,115,,8104,2,,,0,70,,8105,2,,,0,30,,8106,2,,,0,70,,8107,2,,,0,30,,8108,2,,,0,70,,8109,2,,,0,30,,8110,2,,,0,70,,8111,2,,,0,30,,8112,2,,,0,70,,8113,2,,,0,30,,8114,2,,,0,70,,8115,2,,,0,30,,8116,2,,,0,70,,8117,2,,,0,30,,8118,2,,,0,70,,8119,2,,,0,30,,8120,2,,,0,70,,8121,2,,,0,30,,8122,2,,,0,70,,8123,2,,,0,30,,8124,2,,,0,85,,8125,2,,,0,100,,8126,2,,,0,100,,8127,2,,,0,100,,8128,2,,,0,100,,8129,2,,,0,100,,8130,2,,,0,100,,8131,2,,,0
2001000,'236.0.3',543,,8132,2,,,0,91,,8133,2,,,0,20,,8134,2,,,0,60,,8135,2,,,0,20,,8136,2,,,0,20,,8137,2,,,0,60,,8138,2,,,0,20,,8139,2,,,0,20,,8140,2,,,0,77,,8141,2,,,0,70,,8142,2,,,0,30,,8143,2,,,0,70,,8144,2,,,0,30,,8145,2,,,0,70,,8146,2,,,0,30,,8147,2,,,0,70,,8148,2,,,0,30,,8149,2,,,0,25,,8150,2,,,0,57,,8151,2,,,0,20,,8152,2,,,0,20,,8153,2,,,0,60,,8154,2,,,0,20,,8155,2,,,0,20,,8156,2,,,0,60,,8157,2,,,0,20,,8158,2,,,0,20,,8159,2,,,0,60,,8160,2,,,0,20,,8161,2,,,0,20,,8162,2,,,0,60,,8163,2,,,0,23,,8164,2,,,0,20,,8165,2,,,0,64,,8166,2,,,0,30,,8167,2,,,0,70,,8168,2,,,0,30,,8169,2,,,0,70,,8170,2,,,0
3001000,'236.0.1',601,,8621,2,0,14,0,100,,8622,2,0,14,0,30,,8623,2,0,14,0,70,,8624,2,0,14,0,30,,8625,2,0,14,0,70,,8626,2,0,14,0,30,,8627,2,0,14,0,70,,8628,2,0,14,0,30,,8629,2,0,14,0,70,,8630,2,0,14,0,30,,8631,2,0,14,0,70,,8632,2,0,14,0,30,,8633,2,0,14,0,70,,8634,2,0,14,0,30,,8635,2,0,14,0,70,,8636,2,0,14,0,30,,8637,2,0,14,0,70,,8638,2,0,14,0,30,,8639,2,0,14,0,70,,8640,2,0,14,0,30,,8641,2,0,14,0,70,,8642,2,0,14,0,30,,8643,2,0,14,0,70,,8644,2,0,14,0,30,,8645,2,0,14,0,70,,8646,2,0,14,0,100,,8647,2,0,14,0,100,,8648,2,0,14,0,100,,8649,2,0,14,0,100,,8650,2,0,14,0,100,,8651,2,0,14,0
3001000,'236.0.2',601,,8653,2,0,14,0,100,,8654,2,0,14,0,30,,8655,2,0,14,0,70,,8656,2,0,14,0,30,,8657,2,0,14,0,70,,8658,2,0,14,0,30,,8659,2,0,14,0,70,,8660,2,0,14,0,30,,8661,2,0,14,0,70,,8662,2,0,14,0,30,,8663,2,0,14,0,70,,8664,2,0,14,0,30,,8665,2,0,14,0,70,,8666,2,0,14,0,30,,8667,2,0,14,0,70,,8668,2,0,14,0,30,,8669,2,0,14,0,70,,8670,2,0,14,0,30,,8671,2,0,14,0,70,,8672,2,0,14,0,30,,8673,2,0,14,0,70,,8674,2,0,14,0,30,,8675,2,0,14,0,70,,8676,2,0,14,0,100,,8677,2,0,14,0,100,,8678,2,0,14,0,100,,8679,2,0,14,0,100,,8680,2,0,14,0,100,,8681,2,0,14,0
3001000,'236.0.3',548,,8685,2,0,14,0,59,,8686,2,0,14,0,20,,8687,2,0,14,0,19,,8688,2,0,14,0,58,,8689,2,0,14,0,17,,8690,2,0,14,0,18,,8691,2,0,14,0,69,,8692,2,0,14,0,20,,8693,2,0,14,0,20,,8694,2,0,14,0,68,,8695,2,0,14,0,30,,8696,2,0,14,0,70,,8697,2,0,14,0,30,,8698,2,0,14,0,70,,8699,2,0,14,0,30,,8700,2,0,14,0,70,,8701,2,0,14,0,30,,8702,2,0,14,0,70,,8703,2,0,14,0,30,,8704,2,0,14,0,60,,8705,2,0,14,0,20,,8706,2,0,14,0,20,,8707,2,0,14,0,60,,8708,2,0,14,0,20,,8709,2,0,14,0,20,,8710,2,0,14,0,60,,8711,2,0,14,0,20,,8712,2,0,14,0,20,,8713,2,0,14,0,60,,8714,2,0,14,0,20,,8715,2,0,14,0,20,,8716,2,0,14,0,60,,8717,2,0,14,0,20,,8718,2,0,14,0,20,,8719,2,0,14,0,59,,8720,2,0,14,0,30,,8721,2,0,14,0,70,,8722,2,0,14,0,30,,8723,2,0,14,0,70,,8724,2,0,14,0,30,,8725,2,0,14,0,70,,8726,2,0,14,0,30,,8727,2,0,14,0,70,,8728,2,0,14,0,30,,8729,2,0,14,0,70,,8730,2,0,14,0
