2400,'236.0.1',607,,2343,14,,,0,30,,2344,14,,,0,70,,2345,14,,,0,30,,2346,14,,,0,70,,2347,14,,,0,30,,2348,14,,,0,70,,2349,14,,,0,30,,2350,14,,,0,70,,2351,14,,,0,30,,2352,14,,,0,70,,2353,14,,,0,30,,2354,14,,,0,70,,2355,14,,,0,30,,2356,14,,,0,70,,2357,14,,,0,30,,2358,14,,,0,70,,2359,14,,,0,30,,2360,14,,,0,70,,2361,14,,,0,30,,2362,14,,,0,70,,2363,14,,,0,30,,2364,14,,,0,70,,2365,14,,,0,30,,2366,14,,,0,70,,2367,14,,,0,30,,2368,14,,,0,70,,2369,14,,,0,30,,2370,14,,,0,70,,2371,14,,,0,30,,2372,14,,,0,70,,2373,14,,,0,30,,2374,14,,,0,70,,2375,14,,,0,30,,2376,14,,,0,70,,2377,14,,,0,30,,2378,14,,,0
2400,'236.0.2',607,,2379,14,,,0,30,,2380,14,,,0,70,,2381,14,,,0,30,,2382,14,,,0,70,,2383,14,,,0,30,,2384,14,,,0,70,,2385,14,,,0,30,,2386,14,,,0,70,,2387,14,,,0,30,,2388,14,,,0,70,,2389,14,,,0,30,,2390,14,,,0,70,,2391,14,,,0,30,,2392,14,,,0,70,,2393,14,,,0,30,,2394,14,,,0,70,,2395,14,,,0,30,,2396,14,,,0,70,,2397,14,,,0,30,,2398,14,,,0,70,,2399,14,,,0,30,,2400,14,,,0,70,,2401,14,,,0,30,,2402,14,,,0,70,,2403,14,,,0,30,,2404,14,,,0,70,,2405,14,,,0,30,,2406,14,,,0,70,,2407,14,,,0,30,,2408,14,,,0,70,,2409,14,,,0,30,,2410,14,,,0,70,,2411,14,,,0,30,,2412,14,,,0,70,,2413,14,,,0,30,,2414,14,,,0
2400,'236.0.3',608,,2415,14,,,0,30,,2416,14,,,0,66,,2417,14,,,0,29,,2418,14,,,0,70,,2419,14,,,0,34,,2420,14,,,0,70,,2421,14,,,0,30,,2422,14,,,0,70,,2423,14,,,0,30,,2424,14,,,0,70,,2425,14,,,0,30,,2426,14,,,0,70,,2427,14,,,0,30,,2428,14,,,0,70,,2429,14,,,0,30,,2430,14,,,0,70,,2431,14,,,0,30,,2432,14,,,0,70,,2433,14,,,0,30,,2434,14,,,0,70,,2435,14,,,0,30,,2436,14,,,0,70,,2437,14,,,0,30,,2438,14,,,0,70,,2439,14,,,0,30,,2440,14,,,0,70,,2441,14,,,0,30,,2442,14,,,0,70,,2443,14,,,0,30,,2444,14,,,0,70,,2445,14,,,0,30,,2446,14,,,0,70,,2447,14,,,0,30,,2448,14,,,0,70,,2449,14,,,0,30,,2450,14,,,0
12700,'236.0.3',620,,6052,8,,,0,18,,6053,8,,,0,19,,6054,8,,,0,48,,6055,8,,,0,8,,6056,8,,,0,17,,6057,8,,,0,13,,6058,8,,,0,15,,6059,8,,,0,45,,6060,8,,,0
1000901,'236.0.1',650,,6973,20,,,0,100,,6974,20,,,0,100,,6975,20,,,0,100,,6976,20,,,0,100,,6977,20,,,0,100,,6978,20,,,0,100,,6979,20,,,0,100,,6980,20,,,0,100,,6981,20,,,0,100,,6982,20,,,0,100,,6983,20,,,0,99,,6984,20,,,0,100,,6985,20,,,0,100,,6986,20,,,0,100,,6987,20,,,0,100,,6988,20,,,0,100,,6989,20,,,0,100,,6990,20,,,0
1000901,'236.0.2',650,,6991,20,,,0,98,,6992,20,,,0,101,,6993,20,,,0,100,,6994,20,,,0,100,,6995,20,,,0,100,,6996,20,,,0,100,,6997,20,,,0,100,,6998,20,,,0,100,,6999,20,,,0,100,,7000,20,,,0,100,,7001,20,,,0,100,,7002,20,,,0,100,,7003,20,,,0,100,,7004,20,,,0,98,,7005,20,,,0,100,,7006,20,,,0,100,,7007,20,,,0,101,,7008,20,,,0
1000901,'236.0.3',535,,7009,20,,,0,67,,7010,20,,,0,25,,7011,20,,,0,10,,7012,20,,,0,5,,7013,20,,,0,15,,7014,20,,,0,51,,7015,20,,,0,5,,7016,20,,,0,15,,7017,20,,,0,10,,7018,20,,,0,20,,7019,20,,,0,50,,7020,20,,,0,20,,7021,20,,,0,9,,7022,20,,,0,19,,7023,20,,,0,50,,7024,20,,,0,25,,7025,20,,,0,15,,7026,20,,,0,55,,7027,20,,,0,30,,7028,20,,,0,15,,7029,20,,,0,55,,7030,20,,,0,30,,7031,20,,,0,15,,7032,20,,,0,55,,7033,20,,,0,30,,7034,20,,,0,15,,7035,20,,,0,55,,7036,20,,,0,30,,7037,20,,,0,15,,7038,20,,,0,55,,7039,20,,,0,30,,7040,20,,,0,15,,7041,20,,,0,55,,7042,20,,,0,30,,7043,20,,,0,25,,7044,20,,,0,45,,7045,20,,,0,25,,7046,20,,,0,10,,7047,20,,,0,20,,7048,20,,,0,50,,7049,20,,,0,20,,7050,20,,,0,10,,7051,20,,,0,20,,7052,20,,,0,50,,7053,20,,,0,19,,7054,20,,,0,10,,7055,20,,,0,65,,7056,20,,,0,30,,7057,20,,,0,71,,7058,20,,,0,29,,7059,20,,,0,70,,7060,20,,,0,29,,7061,20,,,0,30,,7062,20,,,0,75,,7063,20,,,0,20,,7064,20,,,0,80,,7065,20,,,0,20,,7066,20,,,0,80,,7067,20,,,0,20,,7068,20,,,0
2000901,'236.0.1',620,,8002,36,0,13,0,100,,8003,36,0,13,0,99,,8004,36,0,13,0,101,,8005,36,0,13,0,100,,8006,36,0,13,0,100,,8007,36,0,13,0,100,,8008,36,0,13,0,100,,8009,36,0,13,0,100,,8010,36,0,13,0,100,,8011,36,0,13,0,100,,8012,36,0,13,0,100,,8013,36,0,13,0,99,,8014,36,0,13,0,100,,8015,36,0,13,0,100,,8016,36,0,13,0,100,,8017,36,0,13,0,100,,8018,36,0,13,0,100,,8019,36,0,13,0,100,,8020,36,0,13,0
2000901,'236.0.2',620,,8021,36,0,13,0,100,,8022,36,0,13,0,98,,8023,36,0,13,0,101,,8024,36,0,13,0,100,,8025,36,0,13,0,100,,8026,36,0,13,0,100,,8027,36,0,13,0,100,,8028,36,0,13,0,100,,8029,36,0,13,0,100,,8030,36,0,13,0,100,,8031,36,0,13,0,100,,8032,36,0,13,0,100,,8033,36,0,13,0,100,,8034,36,0,13,0,98,,8035,36,0,13,0,100,,8036,36,0,13,0,100,,8037,36,0,13,0,100,,8038,36,0,13,0,100,,8039,36,0,13,0
2000901,'236.0.3',547,,8040,36,0,13,0,70,,8041,36,0,13,0,30,,8042,36,0,13,0,71,,8043,36,0,13,0,30,,8044,36,0,13,0,70,,8045,36,0,13,0,29,,8046,36,0,13,0,69,,8047,36,0,13,0,100,,8048,36,0,13,0,100,,8049,36,0,13,0,100,,8050,36,0,13,0,100,,8051,36,0,13,0,100,,8052,36,0,13,0,100,,8053,36,0,13,0,30,,8054,36,0,13,0,70,,8055,36,0,13,0,30,,8056,36,0,13,0,70,,8057,36,0,13,0,30,,8058,36,0,13,0,70,,8059,36,0,13,0,29,,8060,36,0,13,0,70,,8061,36,0,13,0,30,,8062,36,0,13,0,70,,8063,36,0,13,0,30,,8064,36,0,13,0,70,,8065,36,0,13,0,23,,8066,36,0,13,0,70,,8067,36,0,13,0,100,,8068,36,0,13,0,100,,8069,36,0,13,0
