1000600,'236.0.3',537,,6503,17,4,,0,70,,6504,17,4,,0,30,,6505,17,4,,0,70,,6506,17,4,,0,31,,6507,17,4,,0,70,,6508,17,4,,0,30,,6509,17,4,,0,70,,6510,17,4,,0,30,,6511,17,4,,0,17,,6512,17,4,,0,70,,6513,17,4,,0,30,,6514,17,4,,0,70,,6515,17,4,,0,30,,6516,17,4,,0,70,,6517,17,4,,0,30,,6518,17,4,,0,70,,6519,17,4,,0,30,,6520,17,4,,0,70,,6521,17,4,,0,30,,6522,17,4,,0,70,,6523,17,4,,0,15,,6524,17,4,,0,70,,6525,17,4,,0,30,,6526,17,4,,0,69,,6527,17,4,,0,30,,6528,17,4,,0,69,,6529,17,4,,0,30,,6530,17,4,,0
1000601,'236.0.3',533,,6531,1,,,0,70,,6532,1,,,0,30,,6533,1,,,0,70,,6534,1,,,0,29,,6535,1,,,0,70,,6536,1,,,0,30,,6537,1,,,0,70,,6538,1,,,0,15,,6539,1,,,0,30,,6540,1,,,0,70,,6541,1,,,0,30,,6542,1,,,0,70,,6543,1,,,0,30,,6544,1,,,0,70,,6545,1,,,0,30,,6546,1,,,0,70,,6547,1,,,0,30,,6548,1,,,0,70,,6549,1,,,0,30,,6550,1,,,0,54,,6551,1,,,0,30,,6552,1,,,0,70,,6553,1,,,0,30,,6554,1,,,0,70,,6555,1,,,0,30,,6556,1,,,0,72,,6557,1,,,0,30,,6558,1,,,0
2000600,'236.0.1',557,,7471,45,4,,0,100,,7472,45,4,,0,100,,7473,45,4,,0,100,,7474,45,4,,0,100,,7475,45,4,,0,143,,7476,45,4,,0,100,,7477,45,4,,0,102,,7478,45,4,,0,100,,7479,45,4,,0,100,,7480,45,4,,0,100,,7481,45,4,,0,98,,7482,45,4,,0,100,,7483,45,4,,0,59,,7484,45,4,,0,98,,7485,45,4,,0,100,,7486,45,4,,0,100,,7487,45,4,,0,97,,7488,45,4,,0,100,,7489,45,4,,0,100,,7490,45,4,,0
2000600,'236.0.2',552,,7491,45,4,,0,103,,7492,45,4,,0,100,,7493,45,4,,0,100,,7494,45,4,,0,100,,7495,45,4,,0,102,,7496,45,4,,0,101,,7497,45,4,,0,100,,7498,45,4,,0,101,,7499,45,4,,0,100,,7500,45,4,,0,99,,7501,45,4,,0,100,,7502,45,4,,0,100,,7503,45,4,,0,100,,7504,45,4,,0,100,,7505,45,4,,0,98,,7506,45,4,,0,100,,7507,45,4,,0,96,,7508,45,4,,0,100,,7509,45,4,,0,100,,7510,45,4,,0
2000600,'236.0.3',605,,7511,45,4,,0,11,,7512,45,4,,0,26,,7513,47,4,,0,71,,7514,47,4,,0,32,,7515,47,4,,0,72,,7516,47,4,,0,29,,7517,47,4,,0,70,,7518,47,4,,0,30,,7519,47,4,,0,65,,7520,47,4,,0,100,,7521,47,4,,0,100,,7522,47,4,,0,101,,7523,47,4,,0,100,,7524,47,4,,0,100,,7525,47,4,,0,105,,7526,47,4,,0,30,,7527,47,4,,0,68,,7528,47,4,,0,30,,7529,47,4,,0,69,,7530,47,4,,0,29,,7531,47,4,,0,69,,7532,47,4,,0,96,,7533,47,4,,0,100,,7534,47,4,,0,98,,7535,45,4,,0,97,,7536,45,4,,0,100,,7537,45,4,,0,100,,7538,45,4,,0
2000601,'236.0.1',600,,7540,1,,,0,100,,7541,1,,,0,100,,7542,1,,,0,100,,7543,1,,,0,100,,7544,1,,,0,100,,7545,1,,,0,100,,7546,1,,,0,100,,7547,1,,,0,100,,7548,1,,,0,100,,7549,1,,,0,100,,7550,1,,,0,100,,7551,1,,,0,100,,7552,1,,,0,100,,7553,1,,,0,100,,7554,1,,,0,100,,7555,1,,,0,100,,7556,1,,,0,100,,7557,1,,,0,100,,7558,1,,,0
2000601,'236.0.2',600,,7560,1,,,0,100,,7561,1,,,0,100,,7562,1,,,0,100,,7563,1,,,0,100,,7564,1,,,0,100,,7565,1,,,0,100,,7566,1,,,0,100,,7567,1,,,0,100,,7568,1,,,0,100,,7569,1,,,0,100,,7570,1,,,0,100,,7571,1,,,0,100,,7572,1,,,0,100,,7573,1,,,0,100,,7574,1,,,0,100,,7575,1,,,0,100,,7576,1,,,0,100,,7577,1,,,0,100,,7578,1,,,0
2000601,'236.0.3',540,,7581,1,,,0,70,,7582,1,,,0,30,,7583,1,,,0,70,,7584,1,,,0,30,,7585,1,,,0,70,,7586,1,,,0,30,,7587,1,,,0,65,,7588,1,,,0,100,,7589,1,,,0,100,,7590,1,,,0,100,,7591,1,,,0,100,,7592,1,,,0,100,,7593,1,,,0,104,,7594,1,,,0,30,,7595,1,,,0,70,,7596,1,,,0,30,,7597,1,,,0,70,,7598,1,,,0,30,,7599,1,,,0,70,,7600,1,,,0,100,,7601,1,,,0,100,,7602,1,,,0,100,,7603,1,,,0,100,,7604,1,,,0,100,,7605,1,,,0,100,,7606,1,,,0
3000600,'236.0.1',628,,8486,45,4,,0,103,,8487,45,4,,0,100,,8488,45,4,,0,102,,8489,45,4,,0,101,,8490,45,4,,0,101,,8491,45,4,,0,100,,8492,45,4,,0,102,,8493,45,4,,0,100,,8494,45,4,,0,100,,8495,45,4,,0,98,,8496,45,4,,0,100,,8497,45,4,,0,99,,8498,45,4,,0,100,,8499,45,4,,0,98,,8500,45,4,,0,98,,8501,45,4,,0,99,,8502,45,4,,0,100,,8503,45,4,,0,100,,8504,45,4,,0,100,,8505,45,4,,0
3000600,'236.0.2',627,,8506,45,4,,0,103,,8507,45,4,,0,100,,8508,45,4,,0,100,,8509,45,4,,0,100,,8510,45,4,,0,102,,8511,45,4,,0,102,,8512,45,4,,0,101,,8513,45,4,,0,100,,8514,45,4,,0,100,,8515,45,4,,0,98,,8516,45,4,,0,100,,8517,45,4,,0,100,,8518,45,4,,0,100,,8519,45,4,,0,100,,8520,45,4,,0,98,,8521,45,4,,0,97,,8522,45,4,,0,100,,8523,45,4,,0,100,,8524,45,4,,0,100,,8525,45,4,,0
3000600,'236.0.3',631,,8526,47,4,,0,70,,8527,47,4,,0,30,,8528,47,4,,0,70,,8529,47,4,,0,30,,8530,47,4,,0,70,,8531,47,4,,0,33,,8532,47,4,,0,70,,8533,47,4,,0,41,,8534,47,4,,0,100,,8535,47,4,,0,100,,8536,47,4,,0,101,,8537,47,4,,0,100,,8538,47,4,,0,100,,8539,47,4,,0,90,,8540,47,4,,0,68,,8541,47,4,,0,30,,8542,47,4,,0,70,,8543,47,4,,0,28,,8544,47,4,,0,27,,8545,47,4,,0,69,,8546,47,4,,0,116,,8547,47,4,,0,100,,8548,47,4,,0,100,,8549,47,4,,0,95,,8550,45,4,,0,100,,8551,45,4,,0,100,,8552,45,4,,0
3000601,'236.0.1',630,,8554,1,,,0,100,,8555,1,,,0,100,,8556,1,,,0,100,,8557,1,,,0,100,,8558,1,,,0,100,,8559,1,,,0,100,,8560,1,,,0,100,,8561,1,,,0,100,,8562,1,,,0,100,,8563,1,,,0,100,,8564,1,,,0,100,,8565,1,,,0,100,,8566,1,,,0,100,,8567,1,,,0,100,,8568,1,,,0,100,,8569,1,,,0,100,,8570,1,,,0,100,,8571,1,,,0,100,,8572,1,,,0
3000601,'236.0.2',630,,8574,1,,,0,100,,8575,1,,,0,100,,8576,1,,,0,100,,8577,1,,,0,100,,8578,1,,,0,100,,8579,1,,,0,100,,8580,1,,,0,100,,8581,1,,,0,100,,8582,1,,,0,100,,8583,1,,,0,100,,8584,1,,,0,100,,8585,1,,,0,100,,8586,1,,,0,100,,8587,1,,,0,100,,8588,1,,,0,100,,8589,1,,,0,100,,8590,1,,,0,100,,8591,1,,,0,100,,8592,1,,,0
3000601,'236.0.3',555,,8594,1,,,0,70,,8595,1,,,0,30,,8596,1,,,0,70,,8597,1,,,0,30,,8598,1,,,0,70,,8599,1,,,0,30,,8600,1,,,0,80,,8601,1,,,0,100,,8602,1,,,0,100,,8603,1,,,0,100,,8604,1,,,0,100,,8605,1,,,0,100,,8606,1,,,0,89,,8607,1,,,0,30,,8608,1,,,0,70,,8609,1,,,0,30,,8610,1,,,0,70,,8611,1,,,0,30,,8612,1,,,0,70,,8613,1,,,0,116,,8614,1,,,0,100,,8615,1,,,0,100,,8616,1,,,0,100,,8617,1,,,0,100,,8618,1,,,0,100,,8619,1,,,0
