12700,'220.0.3',627,,8750,,,0,18,,8751,,,0,59,,8752,,,0,8,,8753,,,0,9,,8754,,,0,17,,8755,,,0,13,,8756,,,0,55,,8757,,,0,5,,8758,,,0
12700,'220.0.4',627,,8759,,,0,18,,8760,,,0,59,,8761,,,0,8,,8762,,,0,9,,8763,,,0,17,,8764,,,0,13,,8765,,,0,55,,8766,,,0,5,,8767,,,0
1000901,'220.0.1',655,,10287,,,0,100,,10288,,,0,101,,10289,,,0,100,,10290,,,0,100,,10291,,,0,100,,10292,,,0,100,,10293,,,0,100,,10294,,,0,100,,10295,,,0,100,,10296,,,0,100,,10297,,,0,98,,10298,,,0,100,,10299,,,0,100,,10300,,,0,99,,10301,,,0,100,,10302,,,0,100,,10303,,,0,100,,10304,,,0
1000901,'220.0.2',654,,10305,,,0,98,,10306,,,0,102,,10307,,,0,100,,10308,,,0,100,,10309,,,0,100,,10310,,,0,100,,10311,,,0,100,,10312,,,0,100,,10313,,,0,100,,10314,,,0,100,,10315,,,0,100,,10316,,,0,100,,10317,,,0,100,,10318,,,0,97,,10319,,,0,100,,10320,,,0,100,,10321,,,0,101,,10322,,,0
1000901,'220.0.3',540,,10323,,,0,67,,10324,,,0,25,,10325,,,0,10,,10326,,,0,5,,10327,,,0,55,,10328,,,0,16,,10329,,,0,5,,10330,,,0,15,,10331,,,0,10,,10332,,,0,60,,10333,,,0,10,,10334,,,0,20,,10335,,,0,9,,10336,,,0,54,,10337,,,0,10,,10338,,,0,25,,10339,,,0,15,,10340,,,0,55,,10341,,,0,30,,10342,,,0,15,,10343,,,0,55,,10344,,,0,30,,10345,,,0,15,,10346,,,0,55,,10347,,,0,30,,10348,,,0,15,,10349,,,0,55,,10350,,,0,30,,10351,,,0,15,,10352,,,0,55,,10353,,,0,30,,10354,,,0,15,,10355,,,0,55,,10356,,,0,30,,10357,,,0,65,,10358,,,0,5,,10359,,,0,25,,10360,,,0,10,,10361,,,0,60,,10362,,,0,10,,10363,,,0,20,,10364,,,0,10,,10365,,,0,60,,10366,,,0,10,,10367,,,0,18,,10368,,,0,10,,10369,,,0,65,,10370,,,0,30,,10371,,,0,71,,10372,,,0,29,,10373,,,0,70,,10374,,,0,29,,10375,,,0,70,,10376,,,0,35,,10377,,,0,20,,10378,,,0,80,,10379,,,0,20,,10380,,,0,80,,10381,,,0,20,,10382,,,0
1000901,'220.0.4',540,,10383,,,0,67,,10384,,,0,25,,10385,,,0,10,,10386,,,0,5,,10387,,,0,55,,10388,,,0,16,,10389,,,0,5,,10390,,,0,15,,10391,,,0,10,,10392,,,0,60,,10393,,,0,10,,10394,,,0,20,,10395,,,0,9,,10396,,,0,54,,10397,,,0,10,,10398,,,0,25,,10399,,,0,15,,10400,,,0,55,,10401,,,0,30,,10402,,,0,15,,10403,,,0,55,,10404,,,0,30,,10405,,,0,15,,10406,,,0,55,,10407,,,0,30,,10408,,,0,15,,10409,,,0,55,,10410,,,0,30,,10411,,,0,15,,10412,,,0,55,,10413,,,0,30,,10414,,,0,15,,10415,,,0,55,,10416,,,0,30,,10417,,,0,65,,10418,,,0,5,,10419,,,0,25,,10420,,,0,10,,10421,,,0,60,,10422,,,0,10,,10423,,,0,20,,10424,,,0,10,,10425,,,0,60,,10426,,,0,10,,10427,,,0,18,,10428,,,0,10,,10429,,,0,65,,10430,,,0,30,,10431,,,0,71,,10432,,,0,29,,10433,,,0,70,,10434,,,0,29,,10435,,,0,70,,10436,,,0,35,,10437,,,0,20,,10438,,,0,80,,10439,,,0,20,,10440,,,0,80,,10441,,,0,20,,10442,,,0,70,,10443,,,0,30,,10444,,,0
2000901,'220.0.1',625,,11825,,,0,100,,11826,,,0,99,,11827,,,0,102,,11828,,,0,100,,11829,,,0,100,,11830,,,0,100,,11831,,,0,100,,11832,,,0,100,,11833,,,0,100,,11834,,,0,100,,11835,,,0,100,,11836,,,0,98,,11837,,,0,100,,11838,,,0,99,,11839,,,0,100,,11840,,,0,100,,11841,,,0,100,,11842,,,0,100,,11843,,,0
2000901,'220.0.2',624,,11844,,,0,100,,11845,,,0,98,,11846,,,0,102,,11847,,,0,100,,11848,,,0,100,,11849,,,0,100,,11850,,,0,100,,11851,,,0,100,,11852,,,0,100,,11853,,,0,100,,11854,,,0,100,,11855,,,0,100,,11856,,,0,100,,11857,,,0,97,,11858,,,0,100,,11859,,,0,100,,11860,,,0,100,,11861,,,0,100,,11862,,,0
2000901,'220.0.3',552,,11863,,,0,70,,11864,,,0,30,,11865,,,0,77,,11866,,,0,30,,11867,,,0,70,,11868,,,0,23,,11869,,,0,69,,11870,,,0,100,,11871,,,0,100,,11872,,,0,100,,11873,,,0,100,,11874,,,0,100,,11875,,,0,100,,11876,,,0,30,,11877,,,0,70,,11878,,,0,30,,11879,,,0,70,,11880,,,0,30,,11881,,,0,69,,11882,,,0,29,,11883,,,0,70,,11884,,,0,30,,11885,,,0,70,,11886,,,0,30,,11887,,,0,70,,11888,,,0,23,,11889,,,0,70,,11890,,,0,100,,11891,,,0,100,,11892,,,0
2000901,'220.0.4',552,,11895,,,0,70,,11896,,,0,30,,11897,,,0,77,,11898,,,0,30,,11899,,,0,70,,11900,,,0,23,,11901,,,0,69,,11902,,,0,100,,11903,,,0,100,,11904,,,0,100,,11905,,,0,100,,11906,,,0,100,,11907,,,0,100,,11908,,,0,30,,11909,,,0,70,,11910,,,0,30,,11911,,,0,70,,11912,,,0,30,,11913,,,0,69,,11914,,,0,29,,11915,,,0,70,,11916,,,0,30,,11917,,,0,70,,11918,,,0,30,,11919,,,0,70,,11920,,,0,23,,11921,,,0,70,,11922,,,0,100,,11923,,,0,100,,11924,,,0,93,,11925,,,0,100,,11926,,,0
