5400,'236.0.1',614,,3417,21,,,0,100,,3418,21,,,0,100,,3419,21,,,0,100,,3420,21,,,0,102,,3421,21,,,0,100,,3422,21,,,0,100,,3423,21,,,0,100,,3424,21,,,0,100,,3425,21,,,0,100,,3426,21,,,0,100,,3427,21,,,0,100,,3428,21,,,0,98,,3429,21,,,0,100,,3430,21,,,0,100,,3431,21,,,0,100,,3432,21,,,0,100,,3433,21,,,0
5400,'236.0.2',814,,3434,21,,,0,100,,3435,21,,,0,102,,3436,21,,,0,100,,3437,21,,,0,100,,3438,21,,,0,100,,3439,21,,,0,100,,3440,21,,,0,100,,3441,21,,,0,100,,3442,21,,,0,100,,3443,21,,,0,98,,3444,21,,,0,100,,3445,21,,,0,100,,3446,21,,,0,100,,3447,21,,,0
5400,'236.0.3',615,,3448,21,,,0,28,,3449,21,,,0,70,,3450,21,,,0,30,,3451,21,,,0,70,,3452,21,,,0,31,,3453,21,,,0,75,,3454,21,,,0,100,,3455,21,,,0,100,,3456,21,,,0,103,,3457,21,,,0,100,,3458,21,,,0,100,,3459,21,,,0,100,,3460,21,,,0,30,,3461,21,,,0,70,,3462,21,,,0,29,,3463,21,,,0,70,,3464,21,,,0,27,,3465,21,,,0,71,,3466,21,,,0,30,,3467,21,,,0,70,,3468,21,,,0,30,,3469,21,,,0,70,,3470,21,,,0,100,,3471,21,,,0
6700,'236.0.1',800,,4539,7,,,0,100,,4540,7,,,0,104,,4541,7,,,0,101,,4542,7,,,0,100,,4543,7,,,0,100,,4544,7,,,0,100,,4545,7,,,0,100,,4546,7,,,0,100,,4547,7,,,0,100,,4548,7,,,0,100,,4549,7,,,0,96,,4550,7,,,0,99,,4551,7,,,0,100,,4552,7,,,0,100,,4553,7,,,0,100,,4554,7,,,0
6700,'236.0.2',758,,4555,7,,,0,100,,4556,7,,,0,100,,4557,7,,,0,146,,4558,7,,,0,100,,4559,7,,,0,100,,4560,7,,,0,100,,4561,7,,,0,100,,4562,7,,,0,100,,4563,7,,,0,100,,4564,7,,,0,97,,4565,7,,,0,100,,4566,7,,,0,100,,4567,7,,,0,100,,4568,7,,,0,57,,4569,7,,,0,100,,4570,7,,,0
6700,'236.0.3',611,,4571,7,,,0,30,,4572,7,,,0,70,,4573,7,,,0,30,,4574,7,,,0,70,,4575,7,,,0,30,,4576,7,,,0,70,,4577,7,,,0,100,,4578,7,,,0,98,,4579,7,,,0,100,,4580,7,,,0,100,,4581,7,,,0,100,,4582,7,,,0,99,,4583,7,,,0,30,,4584,7,,,0,70,,4585,7,,,0,30,,4586,7,,,0,70,,4587,7,,,0,31,,4588,7,,,0,73,,4589,7,,,0,30,,4590,7,,,0,100,,4591,7,,,0,100,,4592,7,,,0,100,,4593,7,,,0,100,,4594,7,,,0
7201,'236.0.1',648,,4834,17,,,0,77,,4835,37,,,0,30,,4836,37,,,0,70,,4837,37,,,0,30,,4838,37,,,0,70,,4839,37,,,0,30,,4840,37,,,0,77,,4841,37,,,0,70,,4842,37,,,0,30,,4843,37,,,0,76,,4844,37,,,0,30,,4845,37,,,0,70,,4846,37,,,0,30,,4847,37,,,0,70,,4848,37,,,0,30,,4849,37,,,0,70,,4850,37,,,0,30,,4851,37,,,0,70,,4852,37,,,0,30,,4853,37,,,0,70,,4854,37,,,0,30,,4855,37,,,0,70,,4856,37,,,0,25,,4857,37,,,0,25,,4858,37,,,0,70,,4859,37,,,0,100,,4860,37,,,0,100,,4861,37,,,0,100,,4862,37,,,0,100,,4863,37,,,0,100,,4864,37,,,0
7201,'236.0.2',724,,4865,17,,,0,100,,4866,37,,,0,100,,4867,37,,,0,100,,4868,37,,,0,105,,4869,37,,,0,106,,4870,37,,,0,100,,4871,37,,,0,100,,4872,37,,,0,100,,4873,37,,,0,100,,4874,37,,,0,100,,4875,37,,,0,95,,4876,37,,,0,100,,4877,37,,,0,92,,4878,37,,,0,100,,4879,37,,,0,100,,4880,37,,,0,100,,4881,37,,,0
7201,'236.0.3',700,,4882,37,,,0,30,,4883,37,,,0,70,,4884,37,,,0,33,,4885,37,,,0,72,,4886,37,,,0,32,,4887,37,,,0,70,,4888,37,,,0,28,,4889,37,,,0,70,,4890,37,,,0,30,,4891,37,,,0,70,,4892,37,,,0,30,,4893,37,,,0,70,,4894,37,,,0,30,,4895,37,,,0,70,,4896,37,,,0,30,,4897,37,,,0,74,,4898,37,,,0,30,,4899,37,,,0,71,,4900,37,,,0,31,,4901,37,,,0,70,,4902,37,,,0,30,,4903,37,,,0,70,,4904,37,,,0,28,,4905,37,,,0,64,,4906,37,,,0,24,,4907,37,,,0,100,,4908,37,,,0,100,,4909,37,,,0,100,,4910,37,,,0,100,,4911,37,,,0
3001000,'236.0.1',548,,8620,2,0,5,0,89,,8621,41,0,14,0,100,,8622,41,0,14,0,70,,8623,41,0,14,0,30,,8624,41,0,14,0,70,,8625,41,0,14,0,31,,8626,41,0,14,0,73,,8627,41,0,14,0,30,,8628,41,0,14,0,70,,8629,41,0,14,0,31,,8630,41,0,14,0,73,,8631,41,0,14,0,30,,8632,41,0,14,0,70,,8633,41,0,14,0,30,,8634,41,0,14,0,70,,8635,41,0,14,0,30,,8636,41,0,14,0,70,,8637,41,0,14,0,30,,8638,41,0,14,0,70,,8639,41,0,14,0,30,,8640,41,0,14,0,70,,8641,41,0,14,0,30,,8642,41,0,14,0,70,,8643,41,0,14,0,29,,8644,41,0,14,0,68,,8645,41,0,14,0,30,,8646,41,0,14,0,100,,8647,41,0,14,0,99,,8648,41,0,14,0,96,,8649,41,0,14,0,100,,8650,41,0,14,0,100,,8651,41,0,14,0
3001000,'236.0.2',549,,8652,2,0,5,0,85,,8653,41,0,14,0,100,,8654,41,0,14,0,70,,8655,41,0,14,0,30,,8656,41,0,14,0,70,,8657,41,0,14,0,30,,8658,41,0,14,0,71,,8659,41,0,14,0,34,,8660,41,0,14,0,70,,8661,41,0,14,0,30,,8662,41,0,14,0,70,,8663,41,0,14,0,30,,8664,41,0,14,0,70,,8665,41,0,14,0,30,,8666,41,0,14,0,70,,8667,41,0,14,0,33,,8668,41,0,14,0,70,,8669,41,0,14,0,30,,8670,41,0,14,0,70,,8671,41,0,14,0,30,,8672,41,0,14,0,70,,8673,41,0,14,0,30,,8674,41,0,14,0,70,,8675,41,0,14,0,30,,8676,41,0,14,0,100,,8677,41,0,14,0,95,,8678,41,0,14,0,100,,8679,41,0,14,0,100,,8680,41,0,14,0,100,,8681,41,0,14,0
3001000,'236.0.3',512,,8682,2,0,5,0,30,,8683,2,0,5,0,70,,8684,2,0,5,0,15,,8685,41,0,14,0,19,,8686,41,0,14,0,60,,8687,41,0,14,0,19,,8688,41,0,14,0,18,,8689,41,0,14,0,57,,8690,41,0,14,0,20,,8691,41,0,14,0,33,,8692,41,0,14,0,60,,8693,41,0,14,0,20,,8694,41,0,14,0,68,,8695,41,0,14,0,30,,8696,41,0,14,0,70,,8697,41,0,14,0,30,,8698,41,0,14,0,70,,8699,41,0,14,0,30,,8700,41,0,14,0,70,,8701,41,0,14,0,30,,8702,41,0,14,0,70,,8703,41,0,14,0,30,,8704,41,0,14,0,20,,8705,41,0,14,0,60,,8706,41,0,14,0,20,,8707,41,0,14,0,21,,8708,41,0,14,0,67,,8709,41,0,14,0,23,,8710,41,0,14,0,60,,8711,41,0,14,0,20,,8712,41,0,14,0,18,,8713,41,0,14,0,19,,8714,41,0,14,0,58,,8715,41,0,14,0,13,,8716,41,0,14,0,16,,8717,41,0,14,0,60,,8718,41,0,14,0,20,,8719,41,0,14,0,19,,8720,41,0,14,0,70,,8721,41,0,14,0,30,,8722,41,0,14,0,70,,8723,41,0,14,0,30,,8724,41,0,14,0,68,,8725,41,0,14,0,27,,8726,41,0,14,0,70,,8727,41,0,14,0,30,,8728,41,0,14,0,70,,8729,41,0,14,0,30,,8730,41,0,14,0
