9001,'236.0.1',636,,5813,61,,,0,70,,5814,61,,,0,30,,5815,61,,,0,66,,5816,61,,,0,31,,5817,61,,,0,70,,5818,61,,,0,30,,5819,61,,,0,26,,5820,61,,,0,74,,5821,61,,,0,71,,5822,61,,,0,30,,5823,61,,,0,70,,5824,61,,,0,30,,5825,61,,,0,70,,5826,61,,,0,30,,5827,61,,,0,70,,5828,61,,,0,30,,5829,61,,,0,70,,5830,61,,,0,30,,5831,61,,,0,70,,5832,61,,,0,30,,5833,61,,,0,70,,5834,61,,,0,30,,5835,61,,,0,74,,5836,61,,,0,25,,5837,61,,,0,69,,5838,61,,,0,30,,5839,61,,,0,70,,5840,61,,,0,30,,5841,61,,,0,98,,5842,61,,,0,100,,5843,61,,,0,100,,5844,61,,,0,100,,5845,61,,,0
9001,'236.0.2',624,,5846,61,,,0,100,,5847,61,,,0,100,,5848,61,,,0,100,,5849,61,,,0,100,,5850,61,,,0,102,,5851,61,,,0,100,,5852,61,,,0,102,,5853,61,,,0,100,,5854,61,,,0,98,,5855,61,,,0,100,,5856,61,,,0,99,,5857,61,,,0,98,,5858,61,,,0,103,,5859,61,,,0,105,,5860,61,,,0,98,,5861,61,,,0,97,,5862,61,,,0,99,,5863,61,,,0
9001,'236.0.3',611,,5864,61,,,0,30,,5865,61,,,0,74,,5866,61,,,0,24,,5898,61,,,0,13,,5867,61,,,0,55,,5899,61,,,0,10,,5868,61,,,0,16,,5900,61,,,0,15,,5869,61,,,0,53,,5901,61,,,0,11,,5870,61,,,0,15,,5902,61,,,0,15,,5871,61,,,0,70,,5872,61,,,0,25,,5873,61,,,0,70,,5874,61,,,0,30,,5875,61,,,0,70,,5876,61,,,0,30,,5877,61,,,0,70,,5878,61,,,0,30,,5879,61,,,0,70,,5880,61,,,0,30,,5881,61,,,0,70,,5882,61,,,0,33,,5883,61,,,0,73,,5884,61,,,0,21,,5903,61,,,0,22,,5885,61,,,0,48,,5904,61,,,0,25,,5886,61,,,0,15,,5905,61,,,0,12,,5887,61,,,0,52,,5906,61,,,0,12,,5888,61,,,0,13,,5907,61,,,0,13,,5889,61,,,0,12,,5908,61,,,0,53,,5890,61,,,0,12,,5909,61,,,0,13,,5891,61,,,0,70,,5892,61,,,0,26,,5893,61,,,0,70,,5894,61,,,0,100,,5895,61,,,0,100,,5896,61,,,0,100,,5897,61,,,0
13501,'236.0.3',1518,,6080,4,,,0,30,,6081,4,,,0,70,,6082,4,,,0,30,,6083,4,,,0,70,,6084,4,,,0,31,,6085,4,,,0,70,,6086,4,,,0
13601,'236.0.3',1508,,6095,4,,,0,30,,6096,4,,,0,70,,6097,4,,,0,14,,6098,4,,,0,15,,6099,4,,,0,70,,6100,4,,,0,32,,6101,4,,,0,70,,6102,4,,,0
13701,'236.0.3',1528,,6109,4,,,0,30,,6110,4,,,0,70,,6111,4,,,0,30,,6112,4,,,0,70,,6113,4,,,0,31,,6114,4,,,0
13801,'236.0.3',1533,,6122,4,,,0,70,,6123,4,,,0,29,,6124,4,,,0,70,,6125,4,,,0,32,,6126,4,,,0,70,,6127,4,,,0,20,,6128,4,,,0
15800,'236.0.3',1542,,6129,4,,,0,70,,6130,4,,,0,31,,6131,4,,,0,70,,6132,4,,,0
15900,'236.0.3',1505,,6137,4,,,0,20,,6138,4,,,0,20,,6139,4,,,0,60,,6140,4,,,0,20,,6141,4,,,0,21,,6144,4,,,0,59,,6145,4,,,0,20,,6142,4,,,0,20,,6143,4,,,0
16101,'236.0.3',1509,,6166,4,,,0,30,,6161,4,,,0,70,,6162,4,,,0,31,,6163,4,,,0,70,,6164,4,,,0,29,,6165,4,,,0
16500,'236.0.3',1522,,6167,4,,,0,30,,6168,4,,,0,70,,6169,4,,,0,31,,6170,4,,,0,70,,6171,4,,,0,30,,6172,4,,,0
1016800,'236.0.3',1501,,7458,4,,,0,30,,7459,4,,,0,70,,7460,4,,,0,31,,7461,4,,,0,70,,7462,4,,,0,29,,7463,4,,,0,70,,7464,4,,,0
2016800,'236.0.3',1518,,8474,4,,,0,30,,8475,4,,,0,70,,8476,4,,,0,31,,8477,4,,,0,70,,8478,4,,,0,29,,8479,4,,,0
