9000,'236.0.1',608,,5717,7,,,0,25,,5718,7,,,0,70,,5719,7,,,0,30,,5720,7,,,0,70,,5721,7,,,0,25,,5722,7,,,0,30,,5723,7,,,0,70,,5724,7,,,0,25,,5725,7,,,0,71,,5726,7,,,0,30,,5727,7,,,0,70,,5728,7,,,0,30,,5729,7,,,0,67,,5730,7,,,0,30,,5731,7,,,0,70,,5732,7,,,0,30,,5733,7,,,0,70,,5734,7,,,0,30,,5735,7,,,0,70,,5736,7,,,0,30,,5737,7,,,0,73,,5738,7,,,0,30,,5739,7,,,0,70,,5740,7,,,0,30,,5741,7,,,0,70,,5742,7,,,0,30,,5743,7,,,0,70,,5744,7,,,0,30,,5745,7,,,0,105,,5746,7,,,0,100,,5747,7,,,0,100,,5748,7,,,0,100,,5749,7,,,0
9000,'236.0.2',557,,5750,7,,,0,100,,5751,7,,,0,100,,5752,7,,,0,95,,5753,7,,,0,97,,5754,7,,,0,99,,5755,7,,,0,101,,5756,7,,,0,100,,5757,7,,,0,98,,5758,7,,,0,100,,5759,7,,,0,100,,5760,7,,,0,100,,5761,7,,,0,103,,5762,7,,,0,105,,5763,7,,,0,102,,5764,7,,,0,100,,5765,7,,,0,100,,5766,7,,,0,100,,5767,7,,,0
9000,'236.0.3',552,,5801,7,,,0,55,,5800,7,,,0,15,,5768,7,,,0,15,,5802,7,,,0,15,,5769,7,,,0,55,,5803,7,,,0,15,,5770,7,,,0,15,,5804,7,,,0,20,,5771,7,,,0,70,,5772,7,,,0,25,,5773,7,,,0,71,,5774,7,,,0,29,,5775,7,,,0,70,,5776,7,,,0,30,,5777,7,,,0,67,,5778,7,,,0,31,,5779,7,,,0,70,,5780,7,,,0,30,,5781,7,,,0,70,,5782,7,,,0,30,,5783,7,,,0,70,,5784,7,,,0,16,,5805,7,,,0,15,,5785,7,,,0,55,,5806,7,,,0,15,,5786,7,,,0,15,,5807,7,,,0,15,,5787,7,,,0,55,,5808,7,,,0,15,,5812,7,,,0,15,,5809,7,,,0,15,,5788,7,,,0,55,,5810,7,,,0,15,,5789,7,,,0,15,,5811,7,,,0,13,,5790,7,,,0,75,,5791,7,,,0,30,,5792,7,,,0,70,,5793,7,,,0,30,,5794,7,,,0,70,,5795,7,,,0,100,,5796,7,,,0,99,,5797,7,,,0,100,,5798,7,,,0,100,,5799,7,,,0
13500,'236.0.3',702,,6072,33,,,0,30,,6073,33,,,0,70,,6074,33,,,0,15,,6075,33,,,0,16,,6076,33,,,0,15,,6077,33,,,0
13500,'236.1141.3',747,,6078,33,,,0
13500,'236.1143.3',747,,6079,33,,,0
13600,'236.0.3',650,,6087,37,,,0,71,,6088,37,,,0,16,,6089,37,,,0,15,,6090,37,,,0,55,,6091,37,,,0,16,,6092,37,,,0,11,,6093,37,,,0,20,,6094,37,,,0
13700,'236.0.3',656,,6107,31,,,0,70,,6103,31,,,0,21,,6108,31,,,0,10,,6104,31,,,0,70,,6105,31,,,0,30,,6106,31,,,0
13800,'236.0.3',640,,6115,40,,,0,71,,6116,40,,,0,15,,6117,40,,,0,16,,6118,40,,,0,70,,6119,40,,,0,5,,6120,40,,,0,27,,6121,40,,,0
15801,'236.0.3',740,,6133,31,,,0,71,,6136,31,,,0,29,,6134,31,,,0,69,,6135,31,,,0
15901,'236.0.3',626,,6146,31,,,0,25,,6154,31,,,0,55,,6147,31,,,0,24,,6148,31,,,0,23,,6149,31,,,0,62,,6150,31,,,0,19,,6151,31,,,0,21,,6152,31,,,0,57,,6153,31,,,0
16100,'236.0.3',630,,6155,44,,,0,70,,6156,44,,,0,35,,6157,44,,,0,73,,6158,44,,,0,30,,6159,44,,,0,69,,6160,44,,,0
16501,'236.0.3',647,,6173,33,,,0,71,,6174,33,,,0,36,,6175,33,,,0,73,,6176,33,,,0,30,,6177,33,,,0,70,,6178,33,,,0
1016801,'236.0.3',652,,7465,34,,,0,72,,7466,34,,,0,76,,7467,34,,,0,30,,7468,34,,,0,29,,7469,34,,,0,66,,7470,34,,,0
2016801,'236.0.3',639,,8480,39,,,0,70,,8481,39,,,0,36,,8482,39,,,0,73,,8483,39,,,0,30,,8484,39,,,0,70,,8485,39,,,0
