301,'220.0.1',647,,1393,,,0,100,,1394,,,0,100,,1395,,,0,70,,1396,,,0,30,,1397,,,0,70,,1398,,,0,33,,1399,,,0,74,,1400,,,0,30,,1401,,,0,70,,1402,,,0,30,,1403,,,0,70,,1404,,,0,30,,1405,,,0,70,,1406,,,0,30,,1407,,,0,70,,1408,,,0,30,,1409,,,0,70,,1410,,,0,30,,1411,,,0,70,,1412,,,0,30,,1413,,,0,67,,1414,,,0,26,,1415,,,0,70,,1416,,,0,30,,1417,,,0,70,,1418,,,0,30,,1419,,,0,70,,1420,,,0,30,,1421,,,0,70,,1422,,,0,30,,1423,,,0,70,,1424,,,0,30,,1425,,,0,70,,1426,,,0,30,,1427,,,0,70,,1428,,,0
301,'220.0.2',643,,1429,,,0,100,,1430,,,0,100,,1431,,,0,70,,1432,,,0,30,,1433,,,0,60,,1434,,,0,20,,1435,,,0,24,,1436,,,0,62,,1437,,,0,20,,1438,,,0,20,,1439,,,0,60,,1440,,,0,20,,1441,,,0,20,,1442,,,0,60,,1443,,,0,20,,1444,,,0,20,,1445,,,0,60,,1446,,,0,20,,1447,,,0,20,,1448,,,0,60,,1449,,,0,20,,1450,,,0,20,,1451,,,0,60,,1452,,,0,20,,1453,,,0,20,,1454,,,0,60,,1455,,,0,20,,1456,,,0,20,,1457,,,0,60,,1458,,,0,20,,1459,,,0,20,,1460,,,0,70,,1461,,,0,30,,1462,,,0,70,,1463,,,0,30,,1464,,,0,67,,1465,,,0,27,,1466,,,0,70,,1467,,,0,30,,1468,,,0,70,,1469,,,0,30,,1470,,,0,70,,1471,,,0,30,,1472,,,0
301,'220.0.3',620,,1473,,,0,30,,1474,,,0,55,,1475,,,0,15,,1476,,,0,15,,1477,,,0,17,,1478,,,0,59,,1479,,,0,18,,1480,,,0,15,,1481,,,0,15,,1482,,,0,55,,1483,,,0,15,,1484,,,0,15,,1485,,,0,13,,1486,,,0,56,,1487,,,0,20,,1488,,,0,20,,1489,,,0,60,,1490,,,0,20,,1491,,,0,20,,1492,,,0,60,,1493,,,0,20,,1494,,,0,20,,1495,,,0,60,,1496,,,0,20,,1497,,,0,20,,1498,,,0,60,,1499,,,0,20,,1500,,,0,20,,1501,,,0,63,,1502,,,0,25,,1503,,,0,62,,1504,,,0,15,,1505,,,0,15,,1506,,,0,15,,1507,,,0,55,,1508,,,0,15,,1509,,,0,15,,1510,,,0,15,,1511,,,0,53,,1512,,,0,11,,1513,,,0,11,,1514,,,0,13,,1515,,,0,14,,1516,,,0,55,,1517,,,0,15,,1518,,,0,20,,1519,,,0,60,,1520,,,0,20,,1521,,,0,20,,1522,,,0,60,,1523,,,0,20,,1524,,,0,20,,1525,,,0,10,,1526,,,0,70,,1527,,,0,25,,1528,,,0,67,,1529,,,0,30,,1530,,,0,73,,1531,,,0,30,,1532,,,0,70,,1533,,,0
301,'220.0.4',620,,1534,,,0,30,,1535,,,0,55,,1536,,,0,15,,1537,,,0,15,,1538,,,0,17,,1539,,,0,59,,1540,,,0,18,,1541,,,0,15,,1542,,,0,15,,1543,,,0,55,,1544,,,0,15,,1545,,,0,15,,1546,,,0,13,,1547,,,0,56,,1548,,,0,20,,1549,,,0,20,,1550,,,0,60,,1551,,,0,20,,1552,,,0,20,,1553,,,0,60,,1554,,,0,20,,1555,,,0,20,,1556,,,0,60,,1557,,,0,20,,1558,,,0,20,,1559,,,0,60,,1560,,,0,20,,1561,,,0,20,,1562,,,0,63,,1563,,,0,25,,1564,,,0,62,,1565,,,0,15,,1566,,,0,15,,1567,,,0,15,,1568,,,0,55,,1569,,,0,15,,1570,,,0,15,,1571,,,0,15,,1572,,,0,53,,1573,,,0,11,,1574,,,0,11,,1575,,,0,13,,1576,,,0,14,,1577,,,0,55,,1578,,,0,15,,1579,,,0,20,,1580,,,0,60,,1581,,,0,20,,1582,,,0,20,,1583,,,0,60,,1584,,,0,20,,1585,,,0,20,,1586,,,0,10,,1587,,,0,70,,1588,,,0,25,,1589,,,0,67,,1590,,,0,30,,1591,,,0,73,,1592,,,0,30,,1593,,,0,70,,1594,,,0,30,,1595,,,0,70,,1596,,,0
6400,'220.0.3',604,,6277,,,0,15,,6278,,,0,15,,6279,,,0,15,,6280,,,0,55,,6281,,,0,15,,6282,,,0,15,,6283,,,0,15,,6284,,,0,55,,6285,,,0,15,,6286,,,0,15,,6287,,,0,15,,6288,,,0,55,,6289,,,0,16,,6290,,,0,100,,6291,,,0,100,,6292,,,0,100,,6293,,,0,100,,6294,,,0,100,,6295,,,0,100,,6296,,,0,29,,6297,,,0,55,,6298,,,0,15,,6299,,,0,15,,6300,,,0,15,,6301,,,0,55,,6302,,,0,15,,6303,,,0,15,,6304,,,0,15,,6305,,,0,55,,6306,,,0,15,,6307,,,0,15,,6308,,,0,100,,6309,,,0
6400,'220.0.4',604,,6310,,,0,15,,6311,,,0,15,,6312,,,0,15,,6313,,,0,55,,6314,,,0,15,,6315,,,0,15,,6316,,,0,15,,6317,,,0,55,,6318,,,0,15,,6319,,,0,15,,6320,,,0,15,,6321,,,0,55,,6322,,,0,16,,6323,,,0,100,,6324,,,0,100,,6325,,,0,100,,6326,,,0,100,,6327,,,0,100,,6328,,,0,100,,6329,,,0,29,,6330,,,0,55,,6331,,,0,15,,6332,,,0,15,,6333,,,0,15,,6334,,,0,55,,6335,,,0,15,,6336,,,0,15,,6337,,,0,15,,6338,,,0,55,,6339,,,0,15,,6340,,,0,15,,6341,,,0,100,,6342,,,0
7200,'220.0.1',630,,6865,,,0,70,,6866,,,0,30,,6867,,,0,70,,6868,,,0,30,,6869,,,0,70,,6870,,,0,30,,6871,,,0,70,,6872,,,0,30,,6873,,,0,73,,6874,,,0,30,,6875,,,0,70,,6876,,,0,30,,6877,,,0,70,,6878,,,0,30,,6879,,,0,70,,6880,,,0,30,,6881,,,0,70,,6882,,,0,30,,6883,,,0,70,,6884,,,0,30,,6885,,,0,70,,6886,,,0,30,,6887,,,0,67,,6888,,,0,30,,6889,,,0,100,,6890,,,0,100,,6891,,,0,100,,6892,,,0,100,,6893,,,0,100,,6894,,,0
7200,'220.0.2',730,,6895,,,0,100,,6896,,,0,100,,6897,,,0,100,,6898,,,0,103,,6899,,,0,100,,6900,,,0,100,,6901,,,0,100,,6902,,,0,100,,6903,,,0,100,,6904,,,0,100,,6905,,,0,100,,6906,,,0,95,,6907,,,0,100,,6908,,,0,100,,6909,,,0,100,,6910,,,0
7200,'220.0.3',631,,6911,,,0,70,,6912,,,0,30,,6913,,,0,71,,6914,,,0,30,,6915,,,0,70,,6916,,,0,28,,6917,,,0,70,,6918,,,0,30,,6919,,,0,70,,6920,,,0,30,,6921,,,0,70,,6922,,,0,30,,6923,,,0,70,,6924,,,0,30,,6925,,,0,70,,6926,,,0,30,,6927,,,0,71,,6928,,,0,30,,6929,,,0,70,,6930,,,0,30,,6931,,,0,70,,6932,,,0,30,,6933,,,0,70,,6934,,,0,29,,6935,,,0,70,,6936,,,0,30,,6937,,,0,100,,6938,,,0,100,,6939,,,0,100,,6940,,,0,100,,6941,,,0
7200,'220.0.4',631,,6942,,,0,70,,6943,,,0,30,,6944,,,0,71,,6945,,,0,30,,6946,,,0,70,,6947,,,0,28,,6948,,,0,70,,6949,,,0,30,,6950,,,0,70,,6951,,,0,30,,6952,,,0,70,,6953,,,0,30,,6954,,,0,70,,6955,,,0,30,,6956,,,0,70,,6957,,,0,30,,6958,,,0,71,,6959,,,0,30,,6960,,,0,70,,6961,,,0,30,,6962,,,0,70,,6963,,,0,30,,6964,,,0,70,,6965,,,0,29,,6966,,,0,70,,6967,,,0,30,,6968,,,0,100,,6969,,,0,100,,6970,,,0,100,,6971,,,0,100,,6972,,,0,100,,6973,,,0
