3901,'236.0.1',619,,16209,,,0,30,,16210,,,0,70,,16211,,,0,30,,16212,,,0,70,,16213,,,0,30,,16214,,,0,70,,16215,,,0,30,,16216,,,0,70,,16217,,,0,30,,16218,,,0,70,,16219,,,0,30,,16220,,,0,70,,16221,,,0,30,,16222,,,0,70,,16223,,,0,30,,16224,,,0,70,,16225,,,0,30,,16226,,,0,70,,16227,,,0,30,,16228,,,0,70,,16229,,,0,30,,16230,,,0,70,,16231,,,0,30,,16232,,,0,70,,16233,,,0,30,,16234,,,0,70,,16235,,,0,30,,16236,,,0,70,,16237,,,0,30,,16238,,,0,70,,16239,,,0,30,,16240,,,0,70,,16241,,,0,30,,16242,,,0,70,,16243,,,0
3901,'236.0.2',649,,16244,,,0,100,,16245,,,0,100,,16246,,,0,100,,16247,,,0,100,,16248,,,0,100,,16249,,,0,100,,16250,,,0,100,,16251,,,0,100,,16252,,,0,100,,16253,,,0,100,,16254,,,0,100,,16255,,,0,100,,16256,,,0,100,,16257,,,0,100,,16258,,,0,100,,16259,,,0
3901,'236.0.3',601,,16260,,,0,30,,16261,,,0,70,,16262,,,0,30,,16263,,,0,70,,16264,,,0,30,,16265,,,0,70,,16266,,,0,30,,16267,,,0,70,,16268,,,0,30,,16269,,,0,70,,16270,,,0,30,,16271,,,0,70,,16272,,,0,30,,16273,,,0,70,,16274,,,0,30,,16275,,,0,70,,16276,,,0,30,,16277,,,0,70,,16278,,,0,31,,16279,,,0,70,,16280,,,0,30,,16281,,,0,70,,16282,,,0,30,,16283,,,0,69,,16284,,,0,100,,16285,,,0,100,,16286,,,0,100,,16287,,,0,100,,16288,,,0,100,,16289,,,0
8700,'236.0.1',637,,18515,,,0,70,,18516,,,0,30,,18517,,,0,70,,18518,,,0,30,,18519,,,0,70,,18520,,,0,26,,18521,,,0,70,,18522,,,0,30,,18523,,,0,70,,18524,,,0,30,,18525,,,0,70,,18526,,,0,30,,18527,,,0,70,,18528,,,0,30,,18529,,,0,70,,18530,,,0,29,,18531,,,0,70,,18532,,,0,30,,18533,,,0,71,,18534,,,0,30,,18535,,,0,70,,18536,,,0,30,,18537,,,0,70,,18538,,,0,30,,18539,,,0,104,,18540,,,0,100,,18541,,,0,100,,18542,,,0,100,,18543,,,0,100,,18544,,,0
8700,'236.0.2',642,,18545,,,0,100,,18546,,,0,100,,18547,,,0,100,,18548,,,0,100,,18549,,,0,100,,18550,,,0,98,,18551,,,0,100,,18552,,,0,100,,18553,,,0,100,,18554,,,0,100,,18555,,,0,102,,18556,,,0,100,,18557,,,0,100,,18558,,,0,100,,18559,,,0,100,,18560,,,0,100,,18561,,,0
8700,'236.0.3',642,,18562,,,0,70,,18563,,,0,30,,18564,,,0,70,,18565,,,0,30,,18566,,,0,70,,18567,,,0,30,,18568,,,0,70,,18569,,,0,30,,18570,,,0,70,,18571,,,0,30,,18572,,,0,70,,18573,,,0,30,,18574,,,0,70,,18575,,,0,30,,18576,,,0,70,,18577,,,0,30,,18578,,,0,70,,18579,,,0,31,,18580,,,0,73,,18581,,,0,30,,18582,,,0,67,,18583,,,0,30,,18584,,,0,69,,18585,,,0,90,,18586,,,0,100,,18587,,,0,100,,18588,,,0,100,,18589,,,0,100,,18590,,,0,100,,18591,,,0
2001000,'236.0.1',655,,21122,,,0,85,,21123,,,0,70,,21124,,,0,30,,21125,,,0,70,,21126,,,0,31,,21127,,,0,73,,21128,,,0,30,,21129,,,0,70,,21130,,,0,33,,21131,,,0,70,,21132,,,0,30,,21133,,,0,70,,21134,,,0,30,,21135,,,0,70,,21136,,,0,30,,21137,,,0,70,,21138,,,0,30,,21139,,,0,70,,21140,,,0,30,,21141,,,0,70,,21142,,,0,30,,21143,,,0,70,,21144,,,0,30,,21145,,,0,68,,21146,,,0,30,,21147,,,0,70,,21148,,,0,85,,21149,,,0,56,,21150,,,0,100,,21151,,,0,100,,21152,,,0
2001000,'236.0.2',653,,21153,,,0,155,,21154,,,0,30,,21155,,,0,70,,21156,,,0,32,,21157,,,0,72,,21158,,,0,30,,21159,,,0,70,,21160,,,0,30,,21161,,,0,70,,21162,,,0,30,,21163,,,0,70,,21164,,,0,32,,21165,,,0,71,,21166,,,0,30,,21167,,,0,70,,21168,,,0,30,,21169,,,0,70,,21170,,,0,30,,21171,,,0,70,,21172,,,0,30,,21173,,,0,70,,21174,,,0,85,,21175,,,0,56,,21176,,,0,100,,21177,,,0,100,,21178,,,0,100,,21179,,,0,100,,21180,,,0,100,,21181,,,0
2001000,'236.0.3',609,,21182,,,0,91,,21183,,,0,20,,21184,,,0,20,,21185,,,0,61,,21186,,,0,24,,21187,,,0,21,,21188,,,0,60,,21189,,,0,20,,21190,,,0,77,,21191,,,0,30,,21192,,,0,70,,21193,,,0,30,,21194,,,0,70,,21195,,,0,30,,21196,,,0,70,,21197,,,0,30,,21198,,,0,70,,21199,,,0,25,,21200,,,0,17,,21201,,,0,60,,21202,,,0,20,,21203,,,0,20,,21204,,,0,68,,21205,,,0,20,,21206,,,0,20,,21207,,,0,60,,21208,,,0,18,,21209,,,0,19,,21210,,,0,60,,21211,,,0,15,,21212,,,0,16,,21213,,,0,63,,21214,,,0,20,,21215,,,0,24,,21216,,,0,70,,21217,,,0,30,,21218,,,0,70,,21219,,,0,30,,21220,,,0
3001000,'236.0.1',625,,21671,,,0,100,,21672,,,0,30,,21673,,,0,70,,21674,,,0,30,,21675,,,0,71,,21676,,,0,33,,21677,,,0,70,,21678,,,0,30,,21679,,,0,70,,21680,,,0,73,,21681,,,0,30,,21682,,,0,70,,21683,,,0,30,,21684,,,0,70,,21685,,,0,30,,21686,,,0,70,,21687,,,0,30,,21688,,,0,70,,21689,,,0,30,,21690,,,0,70,,21691,,,0,30,,21692,,,0,70,,21693,,,0,30,,21694,,,0,68,,21695,,,0,30,,21696,,,0,100,,21697,,,0,100,,21698,,,0,96,,21699,,,0,100,,21700,,,0,100,,21701,,,0
3001000,'236.0.2',623,,21703,,,0,100,,21704,,,0,30,,21705,,,0,70,,21706,,,0,30,,21707,,,0,70,,21708,,,0,30,,21709,,,0,74,,21710,,,0,30,,21711,,,0,70,,21712,,,0,30,,21713,,,0,70,,21714,,,0,30,,21715,,,0,70,,21716,,,0,30,,21717,,,0,73,,21718,,,0,70,,21719,,,0,30,,21720,,,0,70,,21721,,,0,30,,21722,,,0,70,,21723,,,0,30,,21724,,,0,70,,21725,,,0,30,,21726,,,0,100,,21727,,,0,96,,21728,,,0,100,,21729,,,0,100,,21730,,,0,100,,21731,,,0
3001000,'236.0.3',614,,21735,,,0,19,,21736,,,0,20,,21737,,,0,59,,21738,,,0,18,,21739,,,0,17,,21740,,,0,60,,21741,,,0,33,,21742,,,0,60,,21743,,,0,20,,21744,,,0,28,,21745,,,0,70,,21746,,,0,30,,21747,,,0,70,,21748,,,0,30,,21749,,,0,70,,21750,,,0,30,,21751,,,0,70,,21752,,,0,30,,21753,,,0,70,,21754,,,0,20,,21755,,,0,20,,21756,,,0,60,,21757,,,0,20,,21758,,,0,65,,21759,,,0,23,,21760,,,0,20,,21761,,,0,60,,21762,,,0,18,,21763,,,0,19,,21764,,,0,60,,21765,,,0,15,,21766,,,0,16,,21767,,,0,20,,21768,,,0,60,,21769,,,0,19,,21770,,,0,70,,21771,,,0,30,,21772,,,0,70,,21773,,,0,30,,21774,,,0,69,,21775,,,0,27,,21776,,,0,30,,21777,,,0,70,,21778,,,0,30,,21779,,,0,70,,21780,,,0
