13801,'220.0.3',1622,,8887,,,0,34,,8888,,,0,71,,8889,,,0,22,,8890,,,0,64,,8891,,,0,30,,8892,,,0,60,,8893,,,0
13801,'220.0.4',1622,,8894,,,0,34,,8895,,,0,71,,8896,,,0,22,,8897,,,0,64,,8898,,,0,30,,8899,,,0,60,,8900,,,0
1003000,'220.0.1',630,,10535,4,,0,70,,10536,4,,0,30,,10537,4,,0,70,,10538,4,,0,30,,10539,4,,0,70,,10540,4,,0,30,,10541,4,,0,71,,10542,4,,0,30,,10543,4,,0,70,,10544,4,,0,30,,10545,4,,0,70,,10546,4,,0,30,,10547,4,,0,70,,10548,4,,0,30,,10549,4,,0,70,,10550,4,,0,30,,10551,4,,0,70,,10552,4,,0,30,,10553,4,,0,70,,10554,4,,0,30,,10555,4,,0,70,,10556,4,,0,30,,10557,4,,0,70,,10558,4,,0,30,,10559,4,,0,70,,10560,4,,0,30,,10561,4,,0,70,,10562,4,,0,30,,10563,4,,0,70,,10564,4,,0,29,,10565,4,,0,70,,10566,4,,0,30,,10567,4,,0,70,,10568,4,,0,30,,10569,4,,0
1003000,'220.0.2',612,,10570,4,,0,100,,10571,4,,0,100,,10572,4,,0,100,,10573,4,,0,100,,10574,4,,0,101,,10575,4,,0,100,,10576,4,,0,100,,10577,4,,0,100,,10578,4,,0,100,,10579,4,,0,100,,10580,4,,0,100,,10581,4,,0,100,,10582,4,,0,100,,10583,4,,0,100,,10584,4,,0,100,,10585,4,,0,100,,10586,4,,0,100,,10587,4,,0
1003000,'220.0.3',542,,10588,4,,0,70,,10589,4,,0,30,,10590,4,,0,70,,10591,4,,0,30,,10592,4,,0,70,,10593,4,,0,30,,10594,4,,0,70,,10595,4,,0,29,,10596,4,,0,70,,10597,4,,0,30,,10598,4,,0,70,,10599,4,,0,30,,10600,4,,0,70,,10601,4,,0,30,,10602,4,,0,70,,10603,4,,0,30,,10604,4,,0,70,,10605,4,,0,30,,10606,4,,0,71,,10607,4,,0,30,,10608,4,,0,70,,10609,4,,0,30,,10610,4,,0,70,,10611,4,,0,30,,10612,4,,0,70,,10613,4,,0,30,,10614,4,,0,70,,10615,4,,0,30,,10616,4,,0,69,,10617,4,,0,30,,10618,4,,0,70,,10619,4,,0,30,,10620,4,,0,70,,10621,4,,0,30,,10622,4,,0,70,,10623,4,,0
1003000,'220.0.4',542,,10624,4,,0,70,,10625,4,,0,30,,10626,4,,0,70,,10627,4,,0,30,,10628,4,,0,70,,10629,4,,0,30,,10630,4,,0,70,,10631,4,,0,29,,10632,4,,0,70,,10633,4,,0,30,,10634,4,,0,70,,10635,4,,0,30,,10636,4,,0,70,,10637,4,,0,30,,10638,4,,0,70,,10639,4,,0,30,,10640,4,,0,70,,10641,4,,0,30,,10642,4,,0,71,,10643,4,,0,30,,10644,4,,0,70,,10645,4,,0,30,,10646,4,,0,70,,10647,4,,0,30,,10648,4,,0,70,,10649,4,,0,30,,10650,4,,0,70,,10651,4,,0,30,,10652,4,,0,69,,10653,4,,0,30,,10654,4,,0,70,,10655,4,,0,30,,10656,4,,0,70,,10657,4,,0,30,,10658,4,,0,70,,10659,4,,0,30,,10660,4,,0,70,,10661,4,,0,30,,10662,4,,0,70,,10663,4,,0,30,,10664,4,,0
1003001,'220.0.1',630,,10665,,,0,70,,10666,,,0,30,,10667,,,0,70,,10668,,,0,30,,10669,,,0,70,,10670,,,0,30,,10671,,,0,71,,10672,,,0,30,,10673,,,0,70,,10674,,,0,30,,10675,,,0,70,,10676,,,0,30,,10677,,,0,70,,10678,,,0,30,,10679,,,0,70,,10680,,,0,30,,10681,,,0,70,,10682,,,0,30,,10683,,,0,70,,10684,,,0,30,,10685,,,0,70,,10686,,,0,30,,10687,,,0,70,,10688,,,0,30,,10689,,,0,70,,10690,,,0,30,,10691,,,0,70,,10692,,,0,30,,10693,,,0,70,,10694,,,0,29,,10695,,,0,70,,10696,,,0,30,,10697,,,0,70,,10698,,,0,30,,10699,,,0
1003001,'220.0.2',612,,10700,,,0,100,,10701,,,0,100,,10702,,,0,100,,10703,,,0,100,,10704,,,0,101,,10705,,,0,100,,10706,,,0,100,,10707,,,0,100,,10708,,,0,100,,10709,,,0,100,,10710,,,0,100,,10711,,,0,100,,10712,,,0,100,,10713,,,0,100,,10714,,,0,100,,10715,,,0,100,,10716,,,0,100,,10717,,,0
1003001,'220.0.3',542,,10718,,,0,70,,10719,,,0,30,,10720,,,0,70,,10721,,,0,30,,10722,,,0,70,,10723,,,0,30,,10724,,,0,70,,10725,,,0,29,,10726,,,0,70,,10727,,,0,30,,10728,,,0,70,,10729,,,0,30,,10730,,,0,70,,10731,,,0,30,,10732,,,0,70,,10733,,,0,30,,10734,,,0,70,,10735,,,0,30,,10736,,,0,71,,10737,,,0,30,,10738,,,0,70,,10739,,,0,30,,10740,,,0,70,,10741,,,0,30,,10742,,,0,70,,10743,,,0,30,,10744,,,0,70,,10745,,,0,30,,10746,,,0,69,,10747,,,0,30,,10748,,,0,70,,10749,,,0,30,,10750,,,0,70,,10751,,,0,30,,10752,,,0,70,,10753,,,0
1003001,'220.0.4',542,,10754,,,0,70,,10755,,,0,30,,10756,,,0,70,,10757,,,0,30,,10758,,,0,70,,10759,,,0,30,,10760,,,0,70,,10761,,,0,29,,10762,,,0,70,,10763,,,0,30,,10764,,,0,70,,10765,,,0,30,,10766,,,0,70,,10767,,,0,30,,10768,,,0,70,,10769,,,0,30,,10770,,,0,70,,10771,,,0,30,,10772,,,0,71,,10773,,,0,30,,10774,,,0,70,,10775,,,0,30,,10776,,,0,70,,10777,,,0,30,,10778,,,0,70,,10779,,,0,30,,10780,,,0,70,,10781,,,0,30,,10782,,,0,69,,10783,,,0,30,,10784,,,0,70,,10785,,,0,30,,10786,,,0,70,,10787,,,0,30,,10788,,,0,70,,10789,,,0,30,,10790,,,0,70,,10791,,,0,30,,10792,,,0,70,,10793,,,0,30,,10794,,,0
