8200,'236.0.1',628,,4912,33,,,0,100,,4913,33,,,0,100,,4914,33,,,0,100,,4915,33,,,0,100,,4916,33,,,0,100,,4917,33,,,0,100,,4918,33,,,0,100,,4919,33,,,0,100,,4920,33,,,0,100,,4921,33,,,0,100,,4922,33,,,0,100,,4923,33,,,0,100,,4924,33,,,0,100,,4925,33,,,0,100,,4926,33,,,0,100,,4927,33,,,0,100,,4928,33,,,0
8200,'236.0.2',630,,4929,33,,,0,100,,4930,33,,,0,100,,4931,33,,,0,100,,4932,33,,,0,100,,4933,33,,,0,100,,4934,33,,,0,100,,4935,33,,,0,100,,4936,33,,,0,100,,4937,33,,,0,100,,4938,33,,,0,100,,4939,33,,,0,100,,4940,33,,,0,100,,4941,33,,,0,100,,4942,33,,,0,100,,4943,33,,,0,100,,4944,33,,,0
8200,'236.0.3',616,,4945,33,,,0,26,,4946,33,,,0,69,,4947,33,,,0,30,,4948,33,,,0,70,,4949,33,,,0,93,,4950,33,,,0,28,,4951,33,,,0,100,,4952,33,,,0,100,,4953,33,,,0,100,,4954,33,,,0,100,,4955,33,,,0,100,,4956,33,,,0,103,,4957,33,,,0,466,,4958,33,,,0,100,,4959,33,,,0,100,,4960,33,,,0,100,,4961,33,,,0
8400,'236.0.1',709,,5114,32,,,0,100,,5115,32,,,0,100,,5116,32,,,0,100,,5117,32,,,0,103,,5118,32,,,0,97,,5119,32,,,0,100,,5120,32,,,0,100,,5121,32,,,0,100,,5122,32,,,0,100,,5123,32,,,0,100,,5124,32,,,0,100,,5125,32,,,0,96,,5126,32,,,0,105,,5127,32,,,0,100,,5128,32,,,0,100,,5129,32,,,0,100,,5130,32,,,0
8400,'236.0.2',714,,5131,32,,,0,100,,5132,32,,,0,100,,5133,32,,,0,100,,5134,32,,,0,102,,5135,32,,,0,96,,5136,32,,,0,100,,5137,32,,,0,100,,5138,32,,,0,100,,5139,32,,,0,100,,5140,32,,,0,103,,5141,32,,,0,100,,5142,32,,,0,100,,5143,32,,,0,100,,5144,32,,,0,98,,5145,32,,,0,100,,5146,32,,,0,100,,5147,32,,,0
8400,'236.0.3',622,,5178,32,,,0,30,,5148,32,,,0,70,,5149,32,,,0,31,,5150,32,,,0,71,,5151,32,,,0,30,,5152,32,,,0,70,,5153,32,,,0,102,,5154,32,,,0,100,,5155,32,,,0,100,,5156,32,,,0,100,,5157,32,,,0,100,,5158,32,,,0,108,,5159,32,,,0,70,,5160,32,,,0,15,,5161,32,,,0,15,,5162,32,,,0,15,,5163,32,,,0,55,,5164,32,,,0,15,,5165,32,,,0,15,,5166,32,,,0,11,,5167,32,,,0,14,,5168,32,,,0,55,,5169,32,,,0,12,,5170,32,,,0,15,,5179,32,,,0,13,,5171,32,,,0,98,,5172,32,,,0,100,,5173,32,,,0,100,,5174,32,,,0,100,,5175,32,,,0,103,,5176,32,,,0,103,,5177,32,,,0
8501,'236.0.1',636,,5304,21,,,0,100,,5305,21,,,0,101,,5306,21,,,0,100,,5307,21,,,0,101,,5308,21,,,0,102,,5309,21,,,0,100,,5310,21,,,0,100,,5311,21,,,0,100,,5312,21,,,0,98,,5313,21,,,0,100,,5314,21,,,0,100,,5315,21,,,0,99,,5316,21,,,0,99,,5317,21,,,0,100,,5318,21,,,0,100,,5319,21,,,0,100,,5320,21,,,0
8501,'236.0.2',640,,5321,21,,,0,100,,5322,21,,,0,101,,5323,21,,,0,100,,5324,21,,,0,100,,5325,21,,,0,101,,5326,21,,,0,100,,5327,21,,,0,100,,5328,21,,,0,100,,5329,21,,,0,101,,5330,21,,,0,99,,5331,21,,,0,100,,5332,21,,,0,100,,5333,21,,,0,98,,5334,21,,,0,100,,5335,21,,,0,100,,5336,21,,,0
8501,'236.0.3',854,,5337,21,,,0,100,,5338,21,,,0,101,,5339,21,,,0,101,,5340,21,,,0,100,,5341,21,,,0,100,,5342,21,,,0,100,,5343,21,,,0,100,,5344,21,,,0,53,,5345,21,,,0,16,,5346,21,,,0,15,,5347,21,,,0,61,,5348,21,,,0,15,,5349,21,,,0,20,,5350,21,,,0,15,,5351,21,,,0,55,,5352,21,,,0,7,,5353,21,,,0,13,,5360,21,,,0,9,,5354,21,,,0,15,,5361,21,,,0,55,,5355,21,,,0,14,,5362,21,,,0,92,,5356,21,,,0,100,,5357,21,,,0,100,,5358,21,,,0,100,,5359,21,,,0
8601,'236.0.1',645,,5414,20,,,0,100,,5415,20,,,0,100,,5416,20,,,0,102,,5417,20,,,0,100,,5418,20,,,0,100,,5419,20,,,0,100,,5420,20,,,0,101,,5421,20,,,0,100,,5422,20,,,0,100,,5423,20,,,0,98,,5424,20,,,0,100,,5425,20,,,0,100,,5426,20,,,0,100,,5427,20,,,0,100,,5428,20,,,0,100,,5429,20,,,0,100,,5430,20,,,0
8601,'236.0.2',651,,5431,20,,,0,100,,5432,20,,,0,100,,5433,20,,,0,101,,5434,20,,,0,100,,5435,20,,,0,100,,5436,20,,,0,100,,5437,20,,,0,100,,5438,20,,,0,99,,5439,20,,,0,100,,5440,20,,,0,100,,5441,20,,,0,100,,5442,20,,,0,100,,5443,20,,,0,100,,5444,20,,,0,100,,5445,20,,,0,100,,5446,20,,,0
8601,'236.0.3',855,,5447,20,,,0,100,,5448,20,,,0,100,,5449,20,,,0,100,,5450,20,,,0,100,,5451,20,,,0,100,,5452,20,,,0,100,,5453,20,,,0,145,,5454,20,,,0,31,,5455,20,,,0,75,,5456,20,,,0,34,,5457,20,,,0,67,,5458,20,,,0,22,,5459,20,,,0,25,,5460,20,,,0,160,,5461,20,,,0,100,,5462,20,,,0,100,,5463,20,,,0,100,,5464,20,,,0
18200,'236.0.3',1555,,6179,54,,,0,55,,6180,54,,,0,17,,6181,54,,,0,18,,6182,54,,,0,14,,6183,54,,,0,57,,6184,54,,,0,14,,6185,54,,,0,11,,6186,54,,,0,12,,6187,54,,,0,55,,6188,54,,,0,11,,6189,54,,,0,15,,6190,54,,,0,15,,6192,54,,,0,54,,6191,54,,,0,16,,6193,54,,,0
18501,'236.0.3',556,,6234,21,,,0,55,,6244,21,,,0,15,,6235,21,,,0,15,,6236,21,,,0,15,,6237,21,,,0,55,,6243,21,,,0,15,,6238,21,,,0,15,,6239,21,,,0,15,,6240,21,,,0,55,,6241,21,,,0,15,,6242,21,,,0,15,,6245,21,,,0
18601,'236.0.3',604,,6252,20,,,0,30,,6253,20,,,0,70,,6254,20,,,0,30,,6255,20,,,0,70,,6256,20,,,0,30,,6257,20,,,0
