801,'236.0.1',550,,1843,42,,,0,70,,1844,42,,,0,30,,1845,42,,,0,70,,1846,42,,,0,30,,1847,42,,,0,72,,1848,42,,,0,30,,1849,42,,,0,70,,1850,42,,,0,30,,1851,42,,,0,74,,1852,42,,,0,30,,1853,42,,,0,70,,1854,42,,,0,30,,1855,42,,,0,70,,1856,42,,,0,31,,1857,42,,,0,71,,1858,42,,,0,30,,1859,42,,,0,70,,1860,42,,,0,30,,1861,42,,,0,70,,1862,42,,,0,30,,1863,42,,,0,70,,1864,42,,,0,30,,1865,42,,,0,70,,1866,42,,,0,28,,1867,42,,,0,69,,1868,42,,,0,30,,1869,42,,,0,70,,1870,42,,,0,26,,1871,42,,,0,69,,1872,42,,,0,30,,1873,42,,,0,70,,1874,42,,,0,30,,1875,42,,,0,70,,1876,42,,,0,30,,1877,42,,,0,70,,1878,42,,,0,30,,1879,42,,,0,100,,1880,42,,,0
801,'236.0.2',554,,1881,42,,,0,70,,1882,42,,,0,30,,1883,42,,,0,70,,1884,42,,,0,30,,1885,42,,,0,70,,1886,42,,,0,30,,1887,42,,,0,74,,1888,42,,,0,30,,1889,42,,,0,70,,1890,42,,,0,30,,1891,42,,,0,70,,1892,42,,,0,30,,1893,42,,,0,70,,1894,42,,,0,30,,1895,42,,,0,70,,1896,42,,,0,30,,1897,42,,,0,70,,1898,42,,,0,30,,1899,42,,,0,70,,1900,42,,,0,30,,1901,42,,,0,70,,1902,42,,,0,30,,1903,42,,,0,70,,1904,42,,,0,30,,1905,42,,,0,68,,1906,42,,,0,30,,1907,42,,,0,70,,1908,42,,,0,30,,1909,42,,,0,70,,1910,42,,,0,30,,1911,42,,,0,68,,1912,42,,,0,30,,1913,42,,,0,70,,1914,42,,,0,100,,1915,42,,,0,100,,1916,42,,,0
801,'236.0.3',539,,1917,42,,,0,70,,1918,42,,,0,30,,1919,42,,,0,20,,1920,42,,,0,63,,1921,42,,,0,20,,1922,42,,,0,60,,1923,42,,,0,20,,1924,42,,,0,20,,1925,42,,,0,60,,1926,42,,,0,17,,1927,42,,,0,20,,1928,42,,,0,20,,1929,42,,,0,60,,1930,42,,,0,20,,1931,42,,,0,20,,1932,42,,,0,60,,1933,42,,,0,20,,1934,42,,,0,20,,1935,42,,,0,60,,1936,42,,,0,20,,1937,42,,,0,20,,1938,42,,,0,60,,1939,42,,,0,20,,1940,42,,,0,20,,1941,42,,,0,60,,1942,42,,,0,20,,1943,42,,,0,20,,1944,42,,,0,63,,1945,42,,,0,33,,1946,42,,,0,70,,1947,42,,,0,30,,1948,42,,,0,70,,1949,42,,,0,30,,1950,42,,,0,65,,1951,42,,,0,28,,1952,42,,,0,70,,1953,42,,,0,30,,1954,42,,,0,70,,1955,42,,,0,30,,1956,42,,,0,68,,1957,42,,,0,29,,1958,42,,,0,70,,1959,42,,,0,30,,1960,42,,,0,70,,1961,42,,,0,30,,1962,42,,,0,70,,1963,42,,,0,30,,1964,42,,,0
9001,'236.0.1',613,,5813,28,,,0,30,,5814,28,,,0,70,,5815,28,,,0,25,,5816,28,,,0,70,,5817,28,,,0,30,,5818,28,,,0,70,,5819,28,,,0,25,,5820,28,,,0,71,,5821,28,,,0,31,,5822,28,,,0,70,,5823,28,,,0,30,,5824,28,,,0,70,,5825,28,,,0,30,,5826,28,,,0,70,,5827,28,,,0,30,,5828,28,,,0,70,,5829,28,,,0,30,,5830,28,,,0,70,,5831,28,,,0,30,,5832,28,,,0,70,,5833,28,,,0,30,,5834,28,,,0,70,,5835,28,,,0,35,,5836,28,,,0,69,,5837,28,,,0,29,,5838,28,,,0,70,,5839,28,,,0,30,,5840,28,,,0,70,,5841,28,,,0,100,,5842,28,,,0,100,,5843,28,,,0,100,,5844,28,,,0,100,,5845,28,,,0
9001,'236.0.2',601,,5846,28,,,0,100,,5847,28,,,0,100,,5848,28,,,0,100,,5849,28,,,0,55,,5850,28,,,0,102,,5851,28,,,0,100,,5852,28,,,0,142,,5853,28,,,0,100,,5854,28,,,0,58,,5855,28,,,0,100,,5856,28,,,0,100,,5857,28,,,0,99,,5858,28,,,0,143,,5859,28,,,0,105,,5860,28,,,0,98,,5861,28,,,0,100,,5862,28,,,0,99,,5863,28,,,0
9001,'236.0.3',544,,5864,28,,,0,70,,5865,28,,,0,30,,5866,28,,,0,58,,5898,28,,,0,13,,5867,28,,,0,15,,5899,28,,,0,10,,5868,28,,,0,15,,5900,28,,,0,55,,5869,28,,,0,17,,5901,28,,,0,15,,5870,28,,,0,15,,5902,28,,,0,55,,5871,28,,,0,30,,5872,28,,,0,65,,5873,28,,,0,30,,5874,28,,,0,70,,5875,28,,,0,30,,5876,28,,,0,70,,5877,28,,,0,30,,5878,28,,,0,70,,5879,28,,,0,30,,5880,28,,,0,70,,5881,28,,,0,30,,5882,28,,,0,70,,5883,28,,,0,32,,5884,28,,,0,61,,5903,28,,,0,22,,5885,28,,,0,8,,5904,28,,,0,25,,5886,28,,,0,55,,5905,28,,,0,15,,5887,28,,,0,15,,5906,28,,,0,13,,5888,28,,,0,53,,5907,28,,,0,13,,5889,28,,,0,12,,5908,28,,,0,13,,5890,28,,,0,12,,5909,28,,,0,53,,5891,28,,,0,30,,5892,28,,,0,70,,5893,28,,,0,30,,5894,28,,,0,100,,5895,28,,,0,100,,5896,28,,,0,100,,5897,28,,,0
9101,'236.0.1',807,,5964,31,,,0,100,,5965,31,,,0,100,,5966,31,,,0,100,,5967,31,,,0,100,,5968,31,,,0,100,,5969,31,,,0,100,,5970,31,,,0,100,,5971,31,,,0,100,,5972,31,,,0,100,,5973,31,,,0,100,,5974,31,,,0,100,,5975,31,,,0,100,,5976,31,,,0,100,,5977,31,,,0,100,,5978,31,,,0,100,,5979,31,,,0
9101,'236.0.2',836,,5980,31,,,0,100,,5981,31,,,0,100,,5982,31,,,0,100,,5983,31,,,0,100,,5984,31,,,0,100,,5985,31,,,0,100,,5986,31,,,0,100,,5987,31,,,0,100,,5988,31,,,0,100,,5989,31,,,0,100,,5990,31,,,0,100,,5991,31,,,0,100,,5992,31,,,0,100,,5993,31,,,0,100,,5994,31,,,0
9101,'236.0.3',611,,5995,31,,,0,30,,5996,31,,,0,75,,5997,31,,,0,24,,5998,31,,,0,70,,5999,31,,,0,37,,6000,31,,,0,68,,6001,31,,,0,29,,6002,31,,,0,100,,6003,31,,,0,103,,6004,31,,,0,100,,6005,31,,,0,99,,6006,31,,,0,108,,6007,31,,,0,101,,6008,31,,,0,71,,6009,31,,,0,30,,6010,31,,,0,72,,6011,31,,,0,30,,6012,31,,,0,65,,6013,31,,,0,94,,6014,31,,,0,100,,6015,31,,,0,100,,6016,31,,,0,100,,6017,31,,,0,100,,6018,31,,,0
9301,'236.0.3',616,,6026,28,,,0,30,,6027,28,,,0,70,,6028,28,,,0,29,,6029,28,,,0,71,,6030,28,,,0,30,,6031,28,,,0
