100,'236.0.1',610,,2,26,,,0,15,,3,26,,,0,15,,4,26,,,0,15,,5,26,,,0,55,,6,26,,,0,15,,7,26,,,0,15,,8,26,,,0,15,,9,26,,,0,58,,10,26,,,0,15,,11,26,,,0,15,,12,26,,,0,15,,13,26,,,0,55,,14,26,,,0,16,,15,26,,,0,17,,16,26,,,0,55,,17,26,,,0,15,,18,26,,,0,15,,19,26,,,0,15,,20,26,,,0,57,,21,26,,,0,16,,22,26,,,0,15,,23,26,,,0,15,,24,26,,,0,55,,25,26,,,0,15,,26,26,,,0,15,,27,26,,,0,15,,28,26,,,0,55,,29,26,,,0,15,,30,26,,,0,15,,31,26,,,0,15,,32,26,,,0,55,,33,26,,,0,15,,34,26,,,0,15,,35,26,,,0,15,,36,26,,,0,55,,37,26,,,0,15,,38,26,,,0,15,,39,26,,,0,15,,40,26,,,0,55,,41,26,,,0,15,,42,26,,,0,15,,43,26,,,0,15,,44,26,,,0,55,,45,26,,,0,15,,46,26,,,0,15,,47,26,,,0,15,,48,26,,,0,55,,49,26,,,0,15,,50,26,,,0,15,,51,26,,,0,15,,52,26,,,0,55,,53,26,,,0,13,,54,26,,,0,14,,55,26,,,0,15,,56,26,,,0,55,,57,26,,,0,15,,58,26,,,0,15,,59,26,,,0,15,,60,26,,,0,55,,61,26,,,0,15,,62,26,,,0,15,,63,26,,,0,15,,64,26,,,0,55,,65,26,,,0,14,,66,26,,,0,13,,67,26,,,0,15,,68,26,,,0,15,,69,26,,,0,55,,70,26,,,0,15,,71,26,,,0,15,,72,26,,,0,15,,73,26,,,0,55,,74,26,,,0,15,,75,26,,,0,15,,76,26,,,0,15,,77,26,,,0
100,'236.0.2',611,,78,26,,,0,15,,79,26,,,0,15,,80,26,,,0,15,,81,26,,,0,55,,82,26,,,0,15,,83,26,,,0,15,,84,26,,,0,15,,85,26,,,0,55,,86,26,,,0,15,,87,26,,,0,18,,88,26,,,0,15,,89,26,,,0,55,,90,26,,,0,15,,91,26,,,0,15,,92,26,,,0,15,,93,26,,,0,56,,94,26,,,0,17,,95,26,,,0,15,,96,26,,,0,55,,97,26,,,0,15,,98,26,,,0,15,,99,26,,,0,15,,100,26,,,0,56,,101,26,,,0,16,,102,26,,,0,15,,103,26,,,0,15,,104,26,,,0,55,,105,26,,,0,15,,106,26,,,0,15,,107,26,,,0,15,,108,26,,,0,55,,109,26,,,0,15,,110,26,,,0,15,,111,26,,,0,15,,112,26,,,0,55,,113,26,,,0,15,,114,26,,,0,15,,115,26,,,0,15,,116,26,,,0,55,,117,26,,,0,15,,118,26,,,0,15,,119,26,,,0,15,,120,26,,,0,55,,121,26,,,0,15,,122,26,,,0,15,,123,26,,,0,15,,124,26,,,0,55,,125,26,,,0,15,,126,26,,,0,13,,127,26,,,0,13,,128,26,,,0,55,,129,26,,,0,15,,130,26,,,0,15,,131,26,,,0,15,,132,26,,,0,55,,133,26,,,0,15,,134,26,,,0,15,,135,26,,,0,70,,136,26,,,0,30,,137,26,,,0,70,,138,26,,,0,28,,139,26,,,0,30,,140,26,,,0,70,,141,26,,,0,30,,142,26,,,0
100,'236.0.3',621,,144,26,,,0,10,,145,26,,,0,10,,146,26,,,0,10,,147,26,,,0,50,,148,26,,,0,10,,149,26,,,0,10,,150,26,,,0,11,,151,26,,,0,12,,152,26,,,0,13,,153,26,,,0,50,,154,26,,,0,10,,155,26,,,0,10,,156,26,,,0,10,,157,26,,,0,10,,158,26,,,0,10,,159,26,,,0,50,,160,26,,,0,10,,161,26,,,0,9,,162,26,,,0,9,,163,26,,,0,9,,164,26,,,0,10,,165,26,,,0,50,,166,26,,,0,10,,167,26,,,0,10,,168,26,,,0,10,,169,26,,,0,10,,170,26,,,0,10,,171,26,,,0,50,,172,26,,,0,10,,173,26,,,0,10,,174,26,,,0,10,,175,26,,,0,10,,176,26,,,0,10,,177,26,,,0,50,,178,26,,,0,10,,179,26,,,0,10,,180,26,,,0,10,,181,26,,,0,10,,182,26,,,0,10,,183,26,,,0,50,,184,26,,,0,10,,185,26,,,0,10,,186,26,,,0,10,,187,26,,,0,10,,188,26,,,0,10,,189,26,,,0,50,,190,26,,,0,10,,191,26,,,0,10,,192,26,,,0,10,,193,26,,,0,10,,194,26,,,0,10,,195,26,,,0,50,,196,26,,,0,11,,197,26,,,0,10,,198,26,,,0,12,,199,26,,,0,10,,200,26,,,0,10,,201,26,,,0,50,,202,26,,,0,10,,203,26,,,0,10,,204,26,,,0,10,,205,26,,,0,10,,206,26,,,0,10,,207,26,,,0,50,,208,26,,,0,10,,209,26,,,0,10,,210,26,,,0,10,,211,26,,,0,10,,212,26,,,0,10,,213,26,,,0,48,,214,26,,,0,8,,215,26,,,0,8,,216,26,,,0,10,,217,26,,,0,10,,218,26,,,0,10,,219,26,,,0,50,,220,26,,,0,10,,221,26,,,0,10,,222,26,,,0,10,,223,26,,,0,10,,224,26,,,0,10,,225,26,,,0,50,,226,26,,,0,10,,227,26,,,0,10,,228,26,,,0,10,,229,26,,,0,10,,230,26,,,0,10,,231,26,,,0,50,,232,26,,,0,10,,233,26,,,0,10,,234,26,,,0,10,,235,26,,,0,10,,236,26,,,0,10,,237,26,,,0,50,,238,26,,,0,10,,239,26,,,0,8,,240,26,,,0,15,,241,26,,,0,15,,242,26,,,0,55,,243,26,,,0,15,,244,26,,,0,15,,245,26,,,0,15,,246,26,,,0,55,,247,26,,,0,15,,248,26,,,0,15,,249,26,,,0,15,,250,26,,,0
801,'236.0.1',620,,1843,81,,,0,30,,1844,81,,,0,70,,1845,81,,,0,30,,1846,81,,,0,73,,1847,81,,,0,33,,1848,81,,,0,70,,1849,81,,,0,31,,1850,81,,,0,74,,1851,81,,,0,74,,1852,81,,,0,30,,1853,81,,,0,70,,1854,81,,,0,30,,1855,81,,,0,72,,1856,81,,,0,31,,1857,81,,,0,71,,1858,81,,,0,30,,1859,81,,,0,70,,1860,81,,,0,30,,1861,81,,,0,70,,1862,81,,,0,30,,1863,81,,,0,70,,1864,81,,,0,30,,1865,81,,,0,67,,1866,81,,,0,28,,1867,81,,,0,69,,1868,81,,,0,30,,1869,81,,,0,25,,1870,81,,,0,65,,1871,81,,,0,29,,1872,81,,,0,70,,1873,81,,,0,30,,1874,81,,,0,70,,1875,81,,,0,30,,1876,81,,,0,70,,1877,81,,,0,30,,1878,81,,,0,70,,1879,81,,,0,100,,1880,81,,,0
801,'236.0.2',626,,1881,81,,,0,30,,1882,81,,,0,70,,1883,81,,,0,30,,1884,81,,,0,70,,1885,81,,,0,30,,1886,81,,,0,72,,1887,81,,,0,75,,1888,81,,,0,30,,1889,81,,,0,72,,1890,81,,,0,33,,1891,81,,,0,70,,1892,81,,,0,30,,1893,81,,,0,70,,1894,81,,,0,30,,1895,81,,,0,70,,1896,81,,,0,30,,1897,81,,,0,70,,1898,81,,,0,30,,1899,81,,,0,70,,1900,81,,,0,30,,1901,81,,,0,70,,1902,81,,,0,30,,1903,81,,,0,70,,1904,81,,,0,25,,1905,81,,,0,68,,1906,81,,,0,30,,1907,81,,,0,70,,1908,81,,,0,30,,1909,81,,,0,70,,1910,81,,,0,26,,1911,81,,,0,27,,1912,81,,,0,70,,1913,81,,,0,30,,1914,81,,,0,100,,1915,81,,,0,100,,1916,81,,,0
801,'236.0.3',615,,1917,81,,,0,30,,1918,81,,,0,73,,1919,81,,,0,24,,1920,81,,,0,70,,1921,81,,,0,20,,1922,81,,,0,20,,1923,81,,,0,60,,1924,81,,,0,16,,1925,81,,,0,16,,1926,81,,,0,57,,1927,81,,,0,20,,1928,81,,,0,20,,1929,81,,,0,60,,1930,81,,,0,20,,1931,81,,,0,20,,1932,81,,,0,60,,1933,81,,,0,20,,1934,81,,,0,20,,1935,81,,,0,60,,1936,81,,,0,20,,1937,81,,,0,20,,1938,81,,,0,60,,1939,81,,,0,20,,1940,81,,,0,20,,1941,81,,,0,60,,1942,81,,,0,24,,1943,81,,,0,20,,1944,81,,,0,63,,1945,81,,,0,33,,1946,81,,,0,70,,1947,81,,,0,30,,1948,81,,,0,70,,1949,81,,,0,17,,1950,81,,,0,25,,1951,81,,,0,68,,1952,81,,,0,30,,1953,81,,,0,70,,1954,81,,,0,30,,1955,81,,,0,70,,1956,81,,,0,26,,1957,81,,,0,69,,1958,81,,,0,30,,1959,81,,,0,70,,1960,81,,,0,30,,1961,81,,,0,70,,1962,81,,,0,30,,1963,81,,,0,70,,1964,81,,,0
12300,'236.0.3',644,,6032,38,,,0,70,,6034,38,,,0,111,,6035,38,,,0,29,,6036,38,,,0,66,,6033,38,,,0
12300,'236.1141.3',752,,6037,38,,,0
12300,'236.1143.3',752,,6038,38,,,0
12700,'236.0.3',647,,6052,28,,,0,58,,6053,28,,,0,22,,6054,28,,,0,11,,6055,28,,,0,9,,6056,28,,,0,60,,6057,28,,,0,15,,6058,28,,,0,15,,6059,28,,,0,5,,6060,28,,,0
13501,'236.0.3',1522,,6080,7,,,0,30,,6081,7,,,0,70,,6082,7,,,0,30,,6083,7,,,0,70,,6084,7,,,0,30,,6085,7,,,0,70,,6086,7,,,0
13601,'236.0.3',1512,,6095,7,,,0,30,,6096,7,,,0,70,,6097,7,,,0,14,,6098,7,,,0,15,,6099,7,,,0,70,,6100,7,,,0,31,,6101,7,,,0,70,,6102,7,,,0
13701,'236.0.3',1532,,6109,7,,,0,70,,6110,7,,,0,30,,6111,7,,,0,70,,6112,7,,,0,30,,6113,7,,,0,70,,6114,7,,,0
13801,'236.0.3',1537,,6122,7,,,0,70,,6123,7,,,0,29,,6124,7,,,0,70,,6125,7,,,0,31,,6126,7,,,0,70,,6127,7,,,0,20,,6128,7,,,0
15800,'236.0.3',1546,,6129,7,,,0,71,,6130,7,,,0,31,,6131,7,,,0,70,,6132,7,,,0
15900,'236.0.3',1509,,6137,7,,,0,20,,6138,7,,,0,20,,6139,7,,,0,61,,6140,7,,,0,20,,6141,7,,,0,21,,6144,7,,,0,59,,6145,7,,,0,20,,6142,7,,,0,19,,6143,7,,,0
16101,'236.0.3',1513,,6166,7,,,0,30,,6161,7,,,0,71,,6162,7,,,0,31,,6163,7,,,0,70,,6164,7,,,0,28,,6165,7,,,0
16500,'236.0.3',1526,,6167,7,,,0,31,,6168,7,,,0,70,,6169,7,,,0,31,,6170,7,,,0,70,,6171,7,,,0,30,,6172,7,,,0
18200,'236.0.3',1456,,6179,5,,,0,55,,6180,5,,,0,15,,6181,5,,,0,15,,6182,5,,,0,15,,6183,5,,,0,55,,6184,5,,,0,14,,6185,5,,,0,15,,6186,5,,,0,15,,6187,5,,,0,56,,6188,5,,,0,15,,6189,5,,,0,16,,6190,5,,,0,15,,6192,5,,,0,54,,6191,5,,,0,16,,6193,5,,,0
18300,'236.0.3',1500,,6207,5,,,0,30,,6208,5,,,0,72,,6209,5,,,0,30,,6210,5,,,0,69,,6211,5,,,0,28,,6212,5,,,0,30,,6213,5,,,0
18500,'236.0.3',1508,,6220,5,,,0,15,,6221,5,,,0,15,,6222,5,,,0,17,,6223,5,,,0,55,,6224,5,,,0,15,,6225,5,,,0,15,,6226,5,,,0,15,,6227,5,,,0,52,,6228,5,,,0,15,,6231,5,,,0,15,,6229,5,,,0,15,,6232,5,,,0,55,,6230,5,,,0,15,,6233,5,,,0
18600,'236.0.3',1515,,6246,5,,,0,31,,6247,5,,,0,71,,6248,5,,,0,30,,6251,5,,,0,67,,6249,5,,,0,30,,6250,5,,,0
19200,'236.0.3',1518,,6258,5,,,0,30,,6259,5,,,0,70,,6260,5,,,0,30,,6261,5,,,0,70,,6262,5,,,0,30,,6263,5,,,0
19401,'236.0.3',1539,,6274,5,,,0,70,,6275,5,,,0,31,,6276,5,,,0,70,,6277,5,,,0
19600,'236.0.3',1541,,6278,5,,,0,70,,6279,5,,,0,30,,6280,5,,,0,71,,6281,5,,,0
1000901,'236.0.1',720,,6973,55,,,0,100,,6974,55,,,0,104,,6975,55,,,0,100,,6976,55,,,0,100,,6977,55,,,0,100,,6978,55,,,0,100,,6979,55,,,0,100,,6980,55,,,0,100,,6981,55,,,0,100,,6982,55,,,0,100,,6983,55,,,0,95,,6984,55,,,0,100,,6985,55,,,0,100,,6986,55,,,0,97,,6987,55,,,0,100,,6988,55,,,0,100,,6989,55,,,0,100,,6990,55,,,0
1000901,'236.0.2',714,,6991,55,,,0,98,,6992,55,,,0,105,,6993,55,,,0,100,,6994,55,,,0,104,,6995,55,,,0,100,,6996,55,,,0,100,,6997,55,,,0,100,,6998,55,,,0,100,,6999,55,,,0,100,,7000,55,,,0,100,,7001,55,,,0,100,,7002,55,,,0,100,,7003,55,,,0,96,,7004,55,,,0,96,,7005,55,,,0,100,,7006,55,,,0,99,,7007,55,,,0,99,,7008,55,,,0
1000901,'236.0.3',604,,7009,55,,,0,27,,7010,55,,,0,25,,7011,55,,,0,50,,7012,55,,,0,7,,7013,55,,,0,17,,7014,55,,,0,23,,7015,55,,,0,5,,7016,55,,,0,55,,7017,55,,,0,10,,7018,55,,,0,20,,7019,55,,,0,10,,7020,55,,,0,59,,7021,55,,,0,9,,7022,55,,,0,8,,7023,55,,,0,10,,7024,55,,,0,65,,7025,55,,,0,15,,7026,55,,,0,15,,7027,55,,,0,70,,7028,55,,,0,15,,7029,55,,,0,15,,7030,55,,,0,70,,7031,55,,,0,15,,7032,55,,,0,15,,7033,55,,,0,70,,7034,55,,,0,15,,7035,55,,,0,15,,7036,55,,,0,70,,7037,55,,,0,15,,7038,55,,,0,15,,7039,55,,,0,70,,7040,55,,,0,17,,7041,55,,,0,15,,7042,55,,,0,69,,7043,55,,,0,25,,7044,55,,,0,5,,7045,55,,,0,65,,7046,55,,,0,10,,7047,55,,,0,20,,7048,55,,,0,10,,7049,55,,,0,60,,7050,55,,,0,10,,7051,55,,,0,18,,7052,55,,,0,9,,7053,55,,,0,17,,7054,55,,,0,50,,7055,55,,,0,25,,7056,55,,,0,30,,7057,55,,,0,71,,7058,55,,,0,29,,7059,55,,,0,66,,7060,55,,,0,25,,7061,55,,,0,70,,7062,55,,,0,35,,7063,55,,,0,60,,7064,55,,,0,40,,7065,55,,,0,60,,7066,55,,,0,40,,7067,55,,,0,60,,7068,55,,,0
1001000,'236.0.3',631,,7069,15,,,0,19,,7070,15,,,0,59,,7071,15,,,0,28,,7072,15,,,0,18,,7073,15,,,0,60,,7074,15,,,0,20,,7075,15,,,0,20,,7076,15,,,0,60,,7077,15,,,0,500,,7078,15,,,0,19,,7079,15,,,0,20,,7080,15,,,0,60,,7081,15,,,0,20,,7082,15,,,0,22,,7083,15,,,0,60,,7084,15,,,0,20,,7085,15,,,0,20,,7086,15,,,0,50,,7087,15,,,0,29,,7088,15,,,0,20,,7089,15,,,0,60,,7090,15,,,0,17,,7091,15,,,0
1016800,'236.0.3',1505,,7458,7,,,0,30,,7459,7,,,0,71,,7460,7,,,0,31,,7461,7,,,0,70,,7462,7,,,0,29,,7463,7,,,0,70,,7464,7,,,0
2000701,'236.0.1',616,,7770,32,,,0,20,,7771,32,,,0,20,,7772,32,,,0,60,,7773,32,,,0,20,,7774,32,,,0,20,,7775,32,,,0,61,,7776,32,,,0,19,,7777,32,,,0,20,,7778,32,,,0,60,,7779,32,,,0,21,,7780,32,,,0,19,,7781,32,,,0,60,,7782,32,,,0,20,,7783,32,,,0,20,,7784,32,,,0,60,,7785,32,,,0,20,,7786,32,,,0,20,,7787,32,,,0,60,,7788,32,,,0,20,,7789,32,,,0,20,,7790,32,,,0,60,,7791,32,,,0,20,,7792,32,,,0,20,,7793,32,,,0,60,,7794,32,,,0,20,,7795,32,,,0,20,,7796,32,,,0,60,,7797,32,,,0,20,,7798,32,,,0,20,,7799,32,,,0,60,,7800,32,,,0,20,,7801,32,,,0,20,,7802,32,,,0,60,,7803,32,,,0,20,,7804,32,,,0,20,,7805,32,,,0,60,,7806,32,,,0,20,,7807,32,,,0,20,,7808,32,,,0,60,,7809,32,,,0,20,,7810,32,,,0,20,,7811,32,,,0,61,,7812,32,,,0,20,,7813,32,,,0,20,,7814,32,,,0,60,,7815,32,,,0,20,,7816,32,,,0,20,,7817,32,,,0,60,,7818,32,,,0,20,,7819,32,,,0,20,,7820,32,,,0,60,,7821,32,,,0,20,,7822,32,,,0,20,,7823,32,,,0
2000701,'236.0.2',617,,7824,32,,,0,30,,7825,32,,,0,70,,7826,32,,,0,30,,7827,32,,,0,70,,7828,32,,,0,30,,7829,32,,,0,70,,7830,32,,,0,29,,7831,32,,,0,70,,7832,32,,,0,30,,7833,32,,,0,70,,7834,32,,,0,30,,7835,32,,,0,70,,7836,32,,,0,30,,7837,32,,,0,70,,7838,32,,,0,30,,7839,32,,,0,70,,7840,32,,,0,30,,7841,32,,,0,70,,7842,32,,,0,30,,7843,32,,,0,70,,7844,32,,,0,30,,7845,32,,,0,70,,7846,32,,,0,30,,7847,32,,,0,70,,7848,32,,,0,30,,7849,32,,,0,70,,7850,32,,,0,30,,7851,32,,,0,70,,7852,32,,,0,30,,7853,32,,,0,70,,7854,32,,,0,30,,7855,32,,,0,70,,7856,32,,,0,30,,7857,32,,,0,70,,7858,32,,,0,30,,7859,32,,,0
2000701,'236.0.3',609,,7860,32,,,0,15,,7861,32,,,0,15,,7862,32,,,0,15,,7863,32,,,0,55,,7864,32,,,0,15,,7865,32,,,0,15,,7866,32,,,0,18,,7867,32,,,0,59,,7868,32,,,0,15,,7869,32,,,0,15,,7870,32,,,0,55,,7871,32,,,0,14,,7872,32,,,0,13,,7873,32,,,0,15,,7874,32,,,0,15,,7875,32,,,0,55,,7876,32,,,0,15,,7877,32,,,0,15,,7878,32,,,0,15,,7879,32,,,0,55,,7880,32,,,0,15,,7881,32,,,0,15,,7882,32,,,0,15,,7883,32,,,0,55,,7884,32,,,0,15,,7885,32,,,0,15,,7886,32,,,0,15,,7887,32,,,0,55,,7888,32,,,0,15,,7889,32,,,0,15,,7890,32,,,0,15,,7891,32,,,0,55,,7892,32,,,0,15,,7893,32,,,0,15,,7894,32,,,0,15,,7895,32,,,0,55,,7896,32,,,0,17,,7897,32,,,0,15,,7898,32,,,0,55,,7899,32,,,0,15,,7900,32,,,0,15,,7901,32,,,0,15,,7902,32,,,0,55,,7903,32,,,0,15,,7904,32,,,0,15,,7905,32,,,0,12,,7906,32,,,0,14,,7907,32,,,0,55,,7908,32,,,0,15,,7909,32,,,0,15,,7910,32,,,0,15,,7911,32,,,0,53,,7912,32,,,0,13,,7913,32,,,0,15,,7914,32,,,0,15,,7915,32,,,0,55,,7916,32,,,0,15,,7917,32,,,0,15,,7918,32,,,0,15,,7919,32,,,0,55,,7920,32,,,0,15,,7921,32,,,0,15,,7922,32,,,0,15,,7923,32,,,0,55,,7924,32,,,0,15,,7925,32,,,0,15,,7926,32,,,0,15,,7927,32,,,0,55,,7928,32,,,0,30,,7929,32,,,0,70,,7930,32,,,0,30,,7931,32,,,0,70,,7932,32,,,0
2000901,'236.0.1',651,,8002,71,0,13,0,100,,8003,71,0,13,0,99,,8004,71,0,13,0,104,,8005,71,0,13,0,100,,8006,71,0,13,0,100,,8007,71,0,13,0,100,,8008,71,0,13,0,100,,8009,71,0,13,0,100,,8010,71,0,13,0,100,,8011,71,0,13,0,100,,8012,71,0,13,0,100,,8013,71,0,13,0,96,,8014,71,0,13,0,100,,8015,71,0,13,0,97,,8016,71,0,13,0,100,,8017,71,0,13,0,100,,8018,71,0,13,0,100,,8019,71,0,13,0,100,,8020,71,0,13,0
2000901,'236.0.2',644,,8021,71,0,13,0,100,,8022,71,0,13,0,98,,8023,71,0,13,0,106,,8024,71,0,13,0,100,,8025,71,0,13,0,103,,8026,71,0,13,0,100,,8027,71,0,13,0,100,,8028,71,0,13,0,100,,8029,71,0,13,0,100,,8030,71,0,13,0,100,,8031,71,0,13,0,100,,8032,71,0,13,0,100,,8033,71,0,13,0,100,,8034,71,0,13,0,93,,8035,71,0,13,0,100,,8036,71,0,13,0,100,,8037,71,0,13,0,96,,8038,71,0,13,0,100,,8039,71,0,13,0
2000901,'236.0.3',617,,8040,71,0,13,0,30,,8041,71,0,13,0,71,,8042,71,0,13,0,85,,8043,71,0,13,0,30,,8044,71,0,13,0,69,,8045,71,0,13,0,18,,8046,71,0,13,0,29,,8047,71,0,13,0,100,,8048,71,0,13,0,100,,8049,71,0,13,0,100,,8050,71,0,13,0,100,,8051,71,0,13,0,100,,8052,71,0,13,0,102,,8053,71,0,13,0,70,,8054,71,0,13,0,30,,8055,71,0,13,0,70,,8056,71,0,13,0,30,,8057,71,0,13,0,70,,8058,71,0,13,0,24,,8059,71,0,13,0,69,,8060,71,0,13,0,30,,8061,71,0,13,0,70,,8062,71,0,13,0,30,,8063,71,0,13,0,70,,8064,71,0,13,0,25,,8065,71,0,13,0,62,,8066,71,0,13,0,30,,8067,71,0,13,0,100,,8068,71,0,13,0,100,,8069,71,0,13,0
2001000,'236.0.1',640,,8072,15,,,0,85,,8073,15,,,0,30,,8074,15,,,0,70,,8075,15,,,0,30,,8076,15,,,0,70,,8077,15,,,0,33,,8078,15,,,0,70,,8079,15,,,0,30,,8080,15,,,0,71,,8081,15,,,0,30,,8082,15,,,0,70,,8083,15,,,0,30,,8084,15,,,0,70,,8085,15,,,0,30,,8086,15,,,0,70,,8087,15,,,0,30,,8088,15,,,0,70,,8089,15,,,0,30,,8090,15,,,0,70,,8091,15,,,0,30,,8092,15,,,0,70,,8093,15,,,0,30,,8094,15,,,0,70,,8095,15,,,0,29,,8096,15,,,0,70,,8097,15,,,0,30,,8098,15,,,0,85,,8099,15,,,0,98,,8100,15,,,0,100,,8101,15,,,0,100,,8102,15,,,0
2001000,'236.0.2',640,,8103,15,,,0,115,,8104,15,,,0,70,,8105,15,,,0,30,,8106,15,,,0,70,,8107,15,,,0,32,,8108,15,,,0,70,,8109,15,,,0,30,,8110,15,,,0,70,,8111,15,,,0,30,,8112,15,,,0,70,,8113,15,,,0,30,,8114,15,,,0,70,,8115,15,,,0,31,,8116,15,,,0,70,,8117,15,,,0,30,,8118,15,,,0,70,,8119,15,,,0,30,,8120,15,,,0,70,,8121,15,,,0,30,,8122,15,,,0,70,,8123,15,,,0,30,,8124,15,,,0,85,,8125,15,,,0,97,,8126,15,,,0,100,,8127,15,,,0,100,,8128,15,,,0,100,,8129,15,,,0,100,,8130,15,,,0,100,,8131,15,,,0
2001000,'236.0.3',553,,8132,15,,,0,91,,8133,15,,,0,60,,8134,15,,,0,20,,8135,15,,,0,20,,8136,15,,,0,63,,8137,15,,,0,21,,8138,15,,,0,20,,8139,15,,,0,60,,8140,15,,,0,37,,8141,15,,,0,70,,8142,15,,,0,30,,8143,15,,,0,70,,8144,15,,,0,30,,8145,15,,,0,70,,8146,15,,,0,30,,8147,15,,,0,70,,8148,15,,,0,30,,8149,15,,,0,65,,8150,15,,,0,17,,8151,15,,,0,20,,8152,15,,,0,60,,8153,15,,,0,20,,8154,15,,,0,22,,8155,15,,,0,60,,8156,15,,,0,20,,8157,15,,,0,20,,8158,15,,,0,60,,8159,15,,,0,19,,8160,15,,,0,20,,8161,15,,,0,60,,8162,15,,,0,17,,8163,15,,,0,23,,8164,15,,,0,60,,8165,15,,,0,24,,8166,15,,,0,70,,8167,15,,,0,30,,8168,15,,,0,70,,8169,15,,,0,30,,8170,15,,,0
2016800,'236.0.3',1522,,8474,7,,,0,31,,8475,7,,,0,70,,8476,7,,,0,31,,8477,7,,,0,70,,8478,7,,,0,28,,8479,7,,,0
3001000,'236.0.1',610,,8621,15,0,14,0,100,,8622,15,0,14,0,30,,8623,15,0,14,0,70,,8624,15,0,14,0,30,,8625,15,0,14,0,70,,8626,15,0,14,0,33,,8627,15,0,14,0,70,,8628,15,0,14,0,30,,8629,15,0,14,0,70,,8630,15,0,14,0,31,,8631,15,0,14,0,70,,8632,15,0,14,0,30,,8633,15,0,14,0,70,,8634,15,0,14,0,30,,8635,15,0,14,0,70,,8636,15,0,14,0,30,,8637,15,0,14,0,70,,8638,15,0,14,0,30,,8639,15,0,14,0,70,,8640,15,0,14,0,30,,8641,15,0,14,0,70,,8642,15,0,14,0,30,,8643,15,0,14,0,70,,8644,15,0,14,0,29,,8645,15,0,14,0,70,,8646,15,0,14,0,100,,8647,15,0,14,0,100,,8648,15,0,14,0,98,,8649,15,0,14,0,100,,8650,15,0,14,0,100,,8651,15,0,14,0
3001000,'236.0.2',610,,8653,15,0,14,0,100,,8654,15,0,14,0,30,,8655,15,0,14,0,70,,8656,15,0,14,0,30,,8657,15,0,14,0,70,,8658,15,0,14,0,30,,8659,15,0,14,0,72,,8660,15,0,14,0,30,,8661,15,0,14,0,70,,8662,15,0,14,0,30,,8663,15,0,14,0,70,,8664,15,0,14,0,30,,8665,15,0,14,0,70,,8666,15,0,14,0,30,,8667,15,0,14,0,71,,8668,15,0,14,0,30,,8669,15,0,14,0,70,,8670,15,0,14,0,30,,8671,15,0,14,0,70,,8672,15,0,14,0,30,,8673,15,0,14,0,70,,8674,15,0,14,0,30,,8675,15,0,14,0,70,,8676,15,0,14,0,100,,8677,15,0,14,0,97,,8678,15,0,14,0,100,,8679,15,0,14,0,100,,8680,15,0,14,0,100,,8681,15,0,14,0
3001000,'236.0.3',558,,8685,15,0,14,0,59,,8686,15,0,14,0,20,,8687,15,0,14,0,19,,8688,15,0,14,0,58,,8689,15,0,14,0,17,,8690,15,0,14,0,18,,8691,15,0,14,0,73,,8692,15,0,14,0,20,,8693,15,0,14,0,60,,8694,15,0,14,0,28,,8695,15,0,14,0,70,,8696,15,0,14,0,30,,8697,15,0,14,0,70,,8698,15,0,14,0,30,,8699,15,0,14,0,70,,8700,15,0,14,0,30,,8701,15,0,14,0,70,,8702,15,0,14,0,30,,8703,15,0,14,0,70,,8704,15,0,14,0,20,,8705,15,0,14,0,20,,8706,15,0,14,0,60,,8707,15,0,14,0,20,,8708,15,0,14,0,20,,8709,15,0,14,0,62,,8710,15,0,14,0,20,,8711,15,0,14,0,20,,8712,15,0,14,0,60,,8713,15,0,14,0,19,,8714,15,0,14,0,20,,8715,15,0,14,0,60,,8716,15,0,14,0,17,,8717,15,0,14,0,20,,8718,15,0,14,0,20,,8719,15,0,14,0,59,,8720,15,0,14,0,30,,8721,15,0,14,0,70,,8722,15,0,14,0,30,,8723,15,0,14,0,70,,8724,15,0,14,0,30,,8725,15,0,14,0,67,,8726,15,0,14,0,30,,8727,15,0,14,0,70,,8728,15,0,14,0,30,,8729,15,0,14,0,70,,8730,15,0,14,0
