5601,'236.0.1',636,,3730,22,,,0,70,,3731,22,,,0,30,,3732,22,,,0,70,,3733,22,,,0,30,,3734,22,,,0,70,,3735,22,,,0,30,,3736,22,,,0,70,,3737,22,,,0,36,,3738,22,,,0,70,,3739,22,,,0,30,,3740,22,,,0,70,,3741,22,,,0,30,,3742,22,,,0,70,,3743,22,,,0,30,,3744,22,,,0,70,,3745,22,,,0,30,,3746,22,,,0,70,,3747,22,,,0,30,,3748,22,,,0,70,,3749,22,,,0,30,,3750,22,,,0,68,,3751,22,,,0,30,,3752,22,,,0,70,,3753,22,,,0,30,,3754,22,,,0,70,,3755,22,,,0,30,,3756,22,,,0,70,,3757,22,,,0,30,,3758,22,,,0,66,,3759,22,,,0,30,,3760,22,,,0,70,,3761,22,,,0,30,,3762,22,,,0,70,,3763,22,,,0,30,,3764,22,,,0,70,,3765,22,,,0
5601,'236.0.2',759,,3766,22,,,0,70,,3767,22,,,0,30,,3768,22,,,0,70,,3769,22,,,0,30,,3770,22,,,0,70,,3771,22,,,0,30,,3772,22,,,0,70,,3773,22,,,0,74,,3774,22,,,0,30,,3775,22,,,0,70,,3776,22,,,0,30,,3777,22,,,0,70,,3778,22,,,0,30,,3779,22,,,0,70,,3780,22,,,0,30,,3781,22,,,0,70,,3782,22,,,0,30,,3783,22,,,0,70,,3784,22,,,0,30,,3785,22,,,0,70,,3786,22,,,0,30,,3787,22,,,0,70,,3788,22,,,0,27,,3789,22,,,0,70,,3790,22,,,0,30,,3791,22,,,0,70,,3792,22,,,0,30,,3793,22,,,0,70,,3794,22,,,0,30,,3795,22,,,0
5601,'236.0.3',638,,3796,22,,,0,70,,3797,22,,,0,30,,3798,22,,,0,70,,3799,22,,,0,30,,3800,22,,,0,70,,3801,22,,,0,30,,3802,22,,,0,70,,3803,22,,,0,34,,3804,22,,,0,70,,3805,22,,,0,30,,3806,22,,,0,70,,3807,22,,,0,30,,3808,22,,,0,70,,3809,22,,,0,30,,3810,22,,,0,70,,3811,22,,,0,30,,3812,22,,,0,70,,3813,22,,,0,31,,3814,22,,,0,70,,3815,22,,,0,30,,3816,22,,,0,70,,3817,22,,,0,30,,3818,22,,,0,70,,3819,22,,,0,30,,3820,22,,,0,69,,3821,22,,,0,27,,3822,22,,,0,70,,3823,22,,,0,30,,3824,22,,,0,70,,3825,22,,,0,29,,3826,22,,,0,69,,3827,22,,,0,30,,3828,22,,,0,70,,3829,22,,,0,30,,3830,22,,,0,70,,3831,22,,,0
7201,'236.0.1',640,,4834,9,,,0,77,,4835,29,,,0,30,,4836,29,,,0,70,,4837,29,,,0,30,,4838,29,,,0,70,,4839,29,,,0,30,,4840,29,,,0,75,,4841,29,,,0,30,,4842,29,,,0,70,,4843,29,,,0,36,,4844,29,,,0,70,,4845,29,,,0,30,,4846,29,,,0,70,,4847,29,,,0,30,,4848,29,,,0,70,,4849,29,,,0,30,,4850,29,,,0,70,,4851,29,,,0,30,,4852,29,,,0,70,,4853,29,,,0,30,,4854,29,,,0,70,,4855,29,,,0,30,,4856,29,,,0,67,,4857,29,,,0,25,,4858,29,,,0,70,,4859,29,,,0,100,,4860,29,,,0,100,,4861,29,,,0,100,,4862,29,,,0,100,,4863,29,,,0,100,,4864,29,,,0
7201,'236.0.2',716,,4865,9,,,0,100,,4866,29,,,0,100,,4867,29,,,0,100,,4868,29,,,0,104,,4869,29,,,0,106,,4870,29,,,0,100,,4871,29,,,0,100,,4872,29,,,0,100,,4873,29,,,0,100,,4874,29,,,0,100,,4875,29,,,0,96,,4876,29,,,0,100,,4877,29,,,0,92,,4878,29,,,0,100,,4879,29,,,0,100,,4880,29,,,0,100,,4881,29,,,0
7201,'236.0.3',652,,4882,29,,,0,70,,4883,29,,,0,30,,4884,29,,,0,73,,4885,29,,,0,32,,4886,29,,,0,72,,4887,29,,,0,30,,4888,29,,,0,68,,4889,29,,,0,30,,4890,29,,,0,70,,4891,29,,,0,30,,4892,29,,,0,70,,4893,29,,,0,30,,4894,29,,,0,70,,4895,29,,,0,30,,4896,29,,,0,70,,4897,29,,,0,32,,4898,29,,,0,70,,4899,29,,,0,71,,4900,29,,,0,31,,4901,29,,,0,70,,4902,29,,,0,30,,4903,29,,,0,70,,4904,29,,,0,30,,4905,29,,,0,24,,4906,29,,,0,64,,4907,29,,,0,100,,4908,29,,,0,100,,4909,29,,,0,100,,4910,29,,,0,100,,4911,29,,,0
2001000,'236.0.1',659,,8072,33,,,0,85,,8073,33,,,0,70,,8074,33,,,0,30,,8075,33,,,0,70,,8076,33,,,0,31,,8077,33,,,0,73,,8078,33,,,0,30,,8079,33,,,0,70,,8080,33,,,0,33,,8081,33,,,0,70,,8082,33,,,0,30,,8083,33,,,0,70,,8084,33,,,0,30,,8085,33,,,0,70,,8086,33,,,0,30,,8087,33,,,0,70,,8088,33,,,0,30,,8089,33,,,0,70,,8090,33,,,0,30,,8091,33,,,0,70,,8092,33,,,0,30,,8093,33,,,0,70,,8094,33,,,0,30,,8095,33,,,0,68,,8096,33,,,0,30,,8097,33,,,0,70,,8098,33,,,0,85,,8099,33,,,0,96,,8100,33,,,0,100,,8101,33,,,0,100,,8102,33,,,0
2001000,'236.0.2',657,,8103,33,,,0,155,,8104,33,,,0,30,,8105,33,,,0,70,,8106,33,,,0,32,,8107,33,,,0,72,,8108,33,,,0,30,,8109,33,,,0,70,,8110,33,,,0,30,,8111,33,,,0,70,,8112,33,,,0,30,,8113,33,,,0,70,,8114,33,,,0,32,,8115,33,,,0,71,,8116,33,,,0,30,,8117,33,,,0,70,,8118,33,,,0,30,,8119,33,,,0,70,,8120,33,,,0,30,,8121,33,,,0,70,,8122,33,,,0,30,,8123,33,,,0,70,,8124,33,,,0,85,,8125,33,,,0,96,,8126,33,,,0,100,,8127,33,,,0,100,,8128,33,,,0,100,,8129,33,,,0,100,,8130,33,,,0,100,,8131,33,,,0
2001000,'236.0.3',613,,8132,33,,,0,91,,8133,33,,,0,20,,8134,33,,,0,20,,8135,33,,,0,61,,8136,33,,,0,24,,8137,33,,,0,21,,8138,33,,,0,60,,8139,33,,,0,20,,8140,33,,,0,77,,8141,33,,,0,30,,8142,33,,,0,70,,8143,33,,,0,30,,8144,33,,,0,70,,8145,33,,,0,30,,8146,33,,,0,70,,8147,33,,,0,30,,8148,33,,,0,70,,8149,33,,,0,25,,8150,33,,,0,17,,8151,33,,,0,60,,8152,33,,,0,20,,8153,33,,,0,21,,8154,33,,,0,68,,8155,33,,,0,20,,8156,33,,,0,20,,8157,33,,,0,60,,8158,33,,,0,18,,8159,33,,,0,19,,8160,33,,,0,59,,8161,33,,,0,15,,8162,33,,,0,16,,8163,33,,,0,63,,8164,33,,,0,20,,8165,33,,,0,24,,8166,33,,,0,70,,8167,33,,,0,30,,8168,33,,,0,70,,8169,33,,,0,30,,8170,33,,,0
3001000,'236.0.1',629,,8621,33,0,14,0,100,,8622,33,0,14,0,30,,8623,33,0,14,0,70,,8624,33,0,14,0,30,,8625,33,0,14,0,71,,8626,33,0,14,0,73,,8627,33,0,14,0,30,,8628,33,0,14,0,70,,8629,33,0,14,0,30,,8630,33,0,14,0,73,,8631,33,0,14,0,30,,8632,33,0,14,0,70,,8633,33,0,14,0,30,,8634,33,0,14,0,70,,8635,33,0,14,0,30,,8636,33,0,14,0,70,,8637,33,0,14,0,30,,8638,33,0,14,0,70,,8639,33,0,14,0,30,,8640,33,0,14,0,70,,8641,33,0,14,0,30,,8642,33,0,14,0,70,,8643,33,0,14,0,30,,8644,33,0,14,0,68,,8645,33,0,14,0,30,,8646,33,0,14,0,100,,8647,33,0,14,0,100,,8648,33,0,14,0,96,,8649,33,0,14,0,100,,8650,33,0,14,0,100,,8651,33,0,14,0
3001000,'236.0.2',627,,8653,33,0,14,0,100,,8654,33,0,14,0,30,,8655,33,0,14,0,70,,8656,33,0,14,0,30,,8657,33,0,14,0,70,,8658,33,0,14,0,30,,8659,33,0,14,0,74,,8660,33,0,14,0,70,,8661,33,0,14,0,30,,8662,33,0,14,0,70,,8663,33,0,14,0,30,,8664,33,0,14,0,70,,8665,33,0,14,0,30,,8666,33,0,14,0,70,,8667,33,0,14,0,33,,8668,33,0,14,0,70,,8669,33,0,14,0,30,,8670,33,0,14,0,70,,8671,33,0,14,0,30,,8672,33,0,14,0,70,,8673,33,0,14,0,30,,8674,33,0,14,0,70,,8675,33,0,14,0,30,,8676,33,0,14,0,100,,8677,33,0,14,0,96,,8678,33,0,14,0,100,,8679,33,0,14,0,100,,8680,33,0,14,0,100,,8681,33,0,14,0
3001000,'236.0.3',618,,8685,33,0,14,0,19,,8686,33,0,14,0,20,,8687,33,0,14,0,59,,8688,33,0,14,0,18,,8689,33,0,14,0,17,,8690,33,0,14,0,60,,8691,33,0,14,0,33,,8692,33,0,14,0,60,,8693,33,0,14,0,20,,8694,33,0,14,0,28,,8695,33,0,14,0,70,,8696,33,0,14,0,30,,8697,33,0,14,0,70,,8698,33,0,14,0,30,,8699,33,0,14,0,70,,8700,33,0,14,0,30,,8701,33,0,14,0,70,,8702,33,0,14,0,30,,8703,33,0,14,0,70,,8704,33,0,14,0,20,,8705,33,0,14,0,60,,8706,33,0,14,0,20,,8707,33,0,14,0,20,,8708,33,0,14,0,66,,8709,33,0,14,0,23,,8710,33,0,14,0,20,,8711,33,0,14,0,60,,8712,33,0,14,0,18,,8713,33,0,14,0,19,,8714,33,0,14,0,60,,8715,33,0,14,0,14,,8716,33,0,14,0,16,,8717,33,0,14,0,20,,8718,33,0,14,0,60,,8719,33,0,14,0,19,,8720,33,0,14,0,70,,8721,33,0,14,0,30,,8722,33,0,14,0,70,,8723,33,0,14,0,30,,8724,33,0,14,0,69,,8725,33,0,14,0,27,,8726,33,0,14,0,70,,8727,33,0,14,0,30,,8728,33,0,14,0,70,,8729,33,0,14,0,30,,8730,33,0,14,0
