13500,'236.0.3',650,,6072,29,,,0,70,,6073,29,,,0,29,,6074,29,,,0,55,,6075,29,,,0,15,,6076,29,,,0,15,,6077,29,,,0
13500,'236.1141.3',734,,6078,29,,,0
13500,'236.1143.3',734,,6079,29,,,0
13800,'236.0.3',630,,6115,36,,,0,70,,6116,36,,,0,14,,6117,36,,,0,15,,6118,36,,,0,30,,6119,36,,,0,45,,6120,36,,,0,24,,6121,36,,,0
19201,'236.0.3',639,,6269,17,,,0,70,,6264,17,,,0,30,,6265,17,,,0,70,,6266,17,,,0,30,,6267,17,,,0,70,,6268,17,,,0
19400,'236.0.3',708,,6270,14,,,0,30,,6271,14,,,0,69,,6272,14,,,0,30,,6273,14,,,0
19601,'236.0.3',712,,6282,28,,,0,29,,6283,28,,,0,65,,6284,28,,,0,34,,6285,28,,,0
1000700,'236.0.1',613,,6559,17,,,0,20,,6560,17,,,0,20,,6561,17,,,0,60,,6562,17,,,0,20,,6563,17,,,0,21,,6564,17,,,0,59,,6565,17,,,0,20,,6566,17,,,0,20,,6567,17,,,0,60,,6568,17,,,0,20,,6569,17,,,0,20,,6570,17,,,0,60,,6571,17,,,0,20,,6572,17,,,0,20,,6573,17,,,0,59,,6574,17,,,0,20,,6575,17,,,0,20,,6576,17,,,0,60,,6577,17,,,0,20,,6578,17,,,0,20,,6579,17,,,0,60,,6580,17,,,0,20,,6581,17,,,0,20,,6582,17,,,0,60,,6583,17,,,0,21,,6584,17,,,0,20,,6585,17,,,0,60,,6586,17,,,0,20,,6587,17,,,0,20,,6588,17,,,0,60,,6589,17,,,0,20,,6590,17,,,0,20,,6591,17,,,0,60,,6592,17,,,0,20,,6593,17,,,0,20,,6594,17,,,0,59,,6595,17,,,0,21,,6596,17,,,0,20,,6597,17,,,0,58,,6598,17,,,0,22,,6599,17,,,0,20,,6600,17,,,0,60,,6601,17,,,0,20,,6602,17,,,0,20,,6603,17,,,0,60,,6604,17,,,0,20,,6605,17,,,0,20,,6606,17,,,0,60,,6607,17,,,0,20,,6608,17,,,0,20,,6609,17,,,0,60,,6610,17,,,0,20,,6611,17,,,0,20,,6612,17,,,0
1000700,'236.0.2',613,,6613,17,,,0,30,,6614,17,,,0,70,,6615,17,,,0,30,,6616,17,,,0,70,,6617,17,,,0,31,,6618,17,,,0,68,,6619,17,,,0,30,,6620,17,,,0,70,,6621,17,,,0,30,,6622,17,,,0,70,,6623,17,,,0,30,,6624,17,,,0,70,,6625,17,,,0,30,,6626,17,,,0,70,,6627,17,,,0,30,,6628,17,,,0,70,,6629,17,,,0,30,,6630,17,,,0,70,,6631,17,,,0,30,,6632,17,,,0,70,,6633,17,,,0,30,,6634,17,,,0,70,,6635,17,,,0,30,,6636,17,,,0,70,,6637,17,,,0,30,,6638,17,,,0,71,,6639,17,,,0,30,,6640,17,,,0,70,,6641,17,,,0,30,,6642,17,,,0,70,,6643,17,,,0,30,,6644,17,,,0,70,,6645,17,,,0,30,,6646,17,,,0,70,,6647,17,,,0,30,,6648,17,,,0
1000700,'236.0.3',557,,6649,17,,,0,55,,6650,17,,,0,15,,6651,17,,,0,15,,6652,17,,,0,15,,6653,17,,,0,55,,6654,17,,,0,18,,6655,17,,,0,15,,6656,17,,,0,55,,6657,17,,,0,15,,6658,17,,,0,15,,6659,17,,,0,15,,6660,17,,,0,55,,6661,17,,,0,15,,6662,17,,,0,14,,6663,17,,,0,13,,6664,17,,,0,15,,6665,17,,,0,55,,6666,17,,,0,15,,6667,17,,,0,15,,6668,17,,,0,15,,6669,17,,,0,55,,6670,17,,,0,15,,6671,17,,,0,15,,6672,17,,,0,15,,6673,17,,,0,55,,6674,17,,,0,15,,6675,17,,,0,15,,6676,17,,,0,15,,6677,17,,,0,55,,6678,17,,,0,15,,6679,17,,,0,15,,6680,17,,,0,15,,6681,17,,,0,55,,6682,17,,,0,15,,6683,17,,,0,15,,6684,17,,,0,15,,6685,17,,,0,55,,6686,17,,,0,15,,6687,17,,,0,15,,6688,17,,,0,15,,6689,17,,,0,55,,6690,17,,,0,15,,6691,17,,,0,15,,6692,17,,,0,15,,6693,17,,,0,55,,6694,17,,,0,15,,6695,17,,,0,15,,6696,17,,,0,15,,6697,17,,,0,55,,6698,17,,,0,15,,6699,17,,,0,15,,6700,17,,,0,15,,6701,17,,,0,55,,6702,17,,,0,15,,6703,17,,,0,14,,6704,17,,,0,15,,6705,17,,,0,55,,6706,17,,,0,15,,6707,17,,,0,15,,6708,17,,,0,15,,6709,17,,,0,55,,6710,17,,,0,15,,6711,17,,,0,15,,6712,17,,,0,15,,6713,17,,,0,55,,6714,17,,,0,15,,6715,17,,,0,15,,6716,17,,,0,15,,6717,17,,,0,70,,6718,17,,,0,30,,6719,17,,,0,70,,6720,17,,,0
