13501,'236.0.3',1521,,19130,,,0,30,,19131,,,0,69,,19132,,,0,30,,19133,,,0,70,,19134,,,0,31,,19135,,,0,70,,19136,,,0
13601,'236.0.3',1510,,19145,,,0,30,,19146,,,0,70,,19147,,,0,15,,19148,,,0,15,,19149,,,0,70,,19150,,,0,31,,19151,,,0,70,,19152,,,0
13701,'236.0.3',1531,,19159,,,0,70,,19160,,,0,29,,19161,,,0,70,,19162,,,0,31,,19163,,,0,70,,19164,,,0
13801,'236.0.3',1535,,19172,,,0,70,,19173,,,0,30,,19174,,,0,70,,19175,,,0,31,,19176,,,0,70,,19177,,,0,20,,19178,,,0
15800,'236.0.3',1545,,19179,,,0,70,,19180,,,0,31,,19181,,,0,70,,19182,,,0
15900,'236.0.3',1507,,19187,,,0,20,,19188,,,0,21,,19189,,,0,60,,19190,,,0,20,,19191,,,0,21,,19194,,,0,59,,19195,,,0,20,,19192,,,0,20,,19193,,,0
16101,'236.0.3',1511,,19216,,,0,30,,19211,,,0,71,,19212,,,0,31,,19213,,,0,70,,19214,,,0,29,,19215,,,0
1016800,'236.0.3',1503,,20508,,,0,30,,20509,,,0,71,,20510,,,0,31,,20511,,,0,70,,20512,,,0,29,,20513,,,0,70,,20514,,,0
2000701,'236.0.1',614,,20820,,,0,20,,20821,,,0,20,,20822,,,0,60,,20823,,,0,20,,20824,,,0,20,,20825,,,0,62,,20826,,,0,18,,20827,,,0,20,,20828,,,0,60,,20829,,,0,21,,20830,,,0,19,,20831,,,0,60,,20832,,,0,20,,20833,,,0,20,,20834,,,0,60,,20835,,,0,20,,20836,,,0,20,,20837,,,0,60,,20838,,,0,20,,20839,,,0,20,,20840,,,0,60,,20841,,,0,20,,20842,,,0,20,,20843,,,0,60,,20844,,,0,20,,20845,,,0,20,,20846,,,0,60,,20847,,,0,20,,20848,,,0,20,,20849,,,0,60,,20850,,,0,20,,20851,,,0,20,,20852,,,0,60,,20853,,,0,20,,20854,,,0,20,,20855,,,0,60,,20856,,,0,20,,20857,,,0,20,,20858,,,0,60,,20859,,,0,20,,20860,,,0,20,,20861,,,0,61,,20862,,,0,20,,20863,,,0,20,,20864,,,0,60,,20865,,,0,20,,20866,,,0,20,,20867,,,0,60,,20868,,,0,20,,20869,,,0,20,,20870,,,0,60,,20871,,,0,20,,20872,,,0,20,,20873,,,0
2000701,'236.0.2',615,,20874,,,0,30,,20875,,,0,70,,20876,,,0,30,,20877,,,0,70,,20878,,,0,30,,20879,,,0,70,,20880,,,0,29,,20881,,,0,70,,20882,,,0,30,,20883,,,0,70,,20884,,,0,30,,20885,,,0,70,,20886,,,0,30,,20887,,,0,70,,20888,,,0,30,,20889,,,0,70,,20890,,,0,30,,20891,,,0,70,,20892,,,0,30,,20893,,,0,70,,20894,,,0,30,,20895,,,0,70,,20896,,,0,30,,20897,,,0,70,,20898,,,0,30,,20899,,,0,70,,20900,,,0,30,,20901,,,0,70,,20902,,,0,30,,20903,,,0,70,,20904,,,0,30,,20905,,,0,70,,20906,,,0,30,,20907,,,0,70,,20908,,,0,30,,20909,,,0
2000701,'236.0.3',608,,20910,,,0,15,,20911,,,0,15,,20912,,,0,15,,20913,,,0,55,,20914,,,0,15,,20915,,,0,15,,20916,,,0,17,,20917,,,0,59,,20918,,,0,15,,20919,,,0,15,,20920,,,0,15,,20921,,,0,54,,20922,,,0,13,,20923,,,0,15,,20924,,,0,15,,20925,,,0,55,,20926,,,0,15,,20927,,,0,15,,20928,,,0,15,,20929,,,0,55,,20930,,,0,15,,20931,,,0,15,,20932,,,0,15,,20933,,,0,55,,20934,,,0,15,,20935,,,0,15,,20936,,,0,15,,20937,,,0,55,,20938,,,0,15,,20939,,,0,15,,20940,,,0,15,,20941,,,0,55,,20942,,,0,15,,20943,,,0,15,,20944,,,0,15,,20945,,,0,55,,20946,,,0,17,,20947,,,0,15,,20948,,,0,15,,20949,,,0,55,,20950,,,0,15,,20951,,,0,15,,20952,,,0,15,,20953,,,0,55,,20954,,,0,15,,20955,,,0,12,,20956,,,0,14,,20957,,,0,55,,20958,,,0,15,,20959,,,0,15,,20960,,,0,15,,20961,,,0,53,,20962,,,0,13,,20963,,,0,15,,20964,,,0,15,,20965,,,0,55,,20966,,,0,15,,20967,,,0,15,,20968,,,0,15,,20969,,,0,55,,20970,,,0,15,,20971,,,0,15,,20972,,,0,15,,20973,,,0,55,,20974,,,0,15,,20975,,,0,15,,20976,,,0,15,,20977,,,0,55,,20978,,,0,30,,20979,,,0,70,,20980,,,0,30,,20981,,,0,70,,20982,,,0
2016800,'236.0.3',1520,,21524,,,0,31,,21525,,,0,70,,21526,,,0,31,,21527,,,0,70,,21528,,,0,29,,21529,,,0
