2401,'236.0.1',639,,2451,48,,,0,70,,2452,48,,,0,30,,2453,48,,,0,70,,2454,48,,,0,30,,2455,48,,,0,70,,2456,48,,,0,30,,2457,48,,,0,71,,2458,48,,,0,37,,2459,48,,,0,71,,2460,48,,,0,30,,2461,48,,,0,71,,2462,48,,,0,32,,2463,48,,,0,70,,2464,48,,,0,30,,2465,48,,,0,70,,2466,48,,,0,30,,2467,48,,,0,70,,2468,48,,,0,28,,2469,48,,,0,70,,2470,48,,,0,30,,2471,48,,,0,70,,2472,48,,,0,30,,2473,48,,,0,70,,2474,48,,,0,30,,2475,48,,,0,67,,2476,48,,,0,27,,2477,48,,,0,70,,2478,48,,,0,30,,2479,48,,,0,68,,2480,48,,,0,28,,2481,48,,,0,70,,2482,48,,,0,30,,2483,48,,,0,70,,2484,48,,,0,30,,2485,48,,,0,70,,2486,48,,,0
2401,'236.0.2',637,,2487,48,,,0,70,,2488,48,,,0,30,,2489,48,,,0,70,,2490,48,,,0,30,,2491,48,,,0,70,,2492,48,,,0,30,,2493,48,,,0,72,,2494,48,,,0,36,,2495,48,,,0,70,,2496,48,,,0,30,,2497,48,,,0,70,,2498,48,,,0,30,,2499,48,,,0,70,,2500,48,,,0,31,,2501,48,,,0,70,,2502,48,,,0,30,,2503,48,,,0,70,,2504,48,,,0,30,,2505,48,,,0,70,,2506,48,,,0,30,,2507,48,,,0,70,,2508,48,,,0,30,,2509,48,,,0,70,,2510,48,,,0,30,,2511,48,,,0,68,,2512,48,,,0,28,,2513,48,,,0,69,,2514,48,,,0,28,,2515,48,,,0,70,,2516,48,,,0,30,,2517,48,,,0,70,,2518,48,,,0,30,,2519,48,,,0,70,,2520,48,,,0,30,,2521,48,,,0,70,,2522,48,,,0
2401,'236.0.3',716,,2523,48,,,0,30,,2524,48,,,0,74,,2525,48,,,0,31,,2526,48,,,0,70,,2527,48,,,0,30,,2528,48,,,0,65,,2529,48,,,0,30,,2530,48,,,0,70,,2531,48,,,0,31,,2532,48,,,0,71,,2533,48,,,0,30,,2534,48,,,0,70,,2535,48,,,0,30,,2536,48,,,0,70,,2537,48,,,0,33,,2538,48,,,0,72,,2539,48,,,0,79,,2540,48,,,0,30,,2541,48,,,0,70,,2542,48,,,0,28,,2543,48,,,0,22,,2544,48,,,0,68,,2545,48,,,0,30,,2546,48,,,0,66,,2547,48,,,0,28,,2548,48,,,0,66,,2549,48,,,0,30,,2550,48,,,0,70,,2551,48,,,0,30,,2552,48,,,0,70,,2553,48,,,0,30,,2554,48,,,0,70,,2555,48,,,0,30,,2556,48,,,0,70,,2557,48,,,0,30,,2558,48,,,0
12701,'236.0.3',1611,,6061,18,,,0,17,,6062,18,,,0,16,,6063,18,,,0,80,,6064,18,,,0,15,,6065,18,,,0,14,,6066,18,,,0,55,,6067,18,,,0
12701,'236.1141.3',1654,,6068,18,,,0,57,,6069,18,,,0
12701,'236.1143.3',1654,,6070,18,,,0,57,,6071,18,,,0
1000900,'236.0.1',711,,6883,33,,,0,100,,6884,33,,,0,100,,6885,33,,,0,102,,6886,33,,,0,100,,6887,33,,,0,96,,6888,33,,,0,103,,6889,33,,,0,100,,6890,33,,,0,100,,6891,33,,,0,100,,6892,33,,,0,100,,6893,33,,,0,100,,6894,33,,,0,100,,6895,33,,,0,99,,6896,33,,,0,100,,6897,33,,,0,100,,6898,33,,,0,100,,6899,33,,,0,100,,6900,33,,,0
1000900,'236.0.2',710,,6901,33,,,0,96,,6902,33,,,0,100,,6903,33,,,0,100,,6904,33,,,0,108,,6905,33,,,0,100,,6906,33,,,0,100,,6907,33,,,0,100,,6908,33,,,0,100,,6909,33,,,0,100,,6910,33,,,0,100,,6911,33,,,0,100,,6912,33,,,0,100,,6913,33,,,0,100,,6914,33,,,0,96,,6915,33,,,0,100,,6916,33,,,0,100,,6917,33,,,0,100,,6918,33,,,0
1000900,'236.0.3',625,,6919,33,,,0,30,,6920,33,,,0,70,,6921,33,,,0,32,,6922,33,,,0,72,,6923,33,,,0,29,,6924,33,,,0,52,,6925,33,,,0,15,,6926,33,,,0,30,,6927,33,,,0,55,,6928,33,,,0,15,,6929,33,,,0,30,,6930,33,,,0,59,,6931,33,,,0,13,,6932,33,,,0,27,,6933,33,,,0,55,,6934,33,,,0,15,,6935,33,,,0,30,,6936,33,,,0,55,,6937,33,,,0,15,,6938,33,,,0,30,,6939,33,,,0,55,,6940,33,,,0,15,,6941,33,,,0,30,,6942,33,,,0,68,,6943,33,,,0,25,,6944,33,,,0,9,,6945,33,,,0,59,,6946,33,,,0,10,,6947,33,,,0,20,,6948,33,,,0,10,,6949,33,,,0,60,,6950,33,,,0,10,,6951,33,,,0,10,,6952,33,,,0,18,,6953,33,,,0,5,,6954,33,,,0,46,,6955,33,,,0,16,,6956,33,,,0,10,,6957,33,,,0,20,,6958,33,,,0,50,,6959,33,,,0,30,,6960,33,,,0,70,,6961,33,,,0,30,,6962,33,,,0,70,,6963,33,,,0,27,,6964,33,,,0,27,,6965,33,,,0,55,,6966,33,,,0,15,,6967,33,,,0,35,,6968,33,,,0,60,,6969,33,,,0,40,,6970,33,,,0,60,,6971,33,,,0,40,,6972,33,,,0
2000900,'236.0.1',641,,7933,33,,,0,100,,7934,33,,,0,100,,7935,33,,,0,102,,7936,33,,,0,100,,7937,33,,,0,100,,7938,33,,,0,99,,7939,33,,,0,100,,7940,33,,,0,100,,7941,33,,,0,100,,7942,33,,,0,100,,7943,33,,,0,100,,7944,33,,,0,100,,7945,33,,,0,99,,7946,33,,,0,100,,7947,33,,,0,100,,7948,33,,,0,100,,7949,33,,,0,100,,7950,33,,,0,100,,7951,33,,,0
2000900,'236.0.2',641,,7952,33,,,0,97,,7953,33,,,0,98,,7954,33,,,0,100,,7955,33,,,0,108,,7956,33,,,0,100,,7957,33,,,0,100,,7958,33,,,0,100,,7959,33,,,0,100,,7960,33,,,0,100,,7961,33,,,0,100,,7962,33,,,0,100,,7963,33,,,0,100,,7964,33,,,0,100,,7965,33,,,0,96,,7966,33,,,0,100,,7967,33,,,0,100,,7968,33,,,0,100,,7969,33,,,0,100,,7970,33,,,0
2000900,'236.0.3',540,,7971,15,,,0,70,,7972,15,,,0,30,,7973,33,,,0,70,,7974,33,,,0,30,,7975,33,,,0,70,,7976,33,,,0,30,,7977,33,,,0,100,,7978,33,,,0,100,,7979,33,,,0,100,,7980,33,,,0,96,,7981,33,,,0,100,,7982,33,,,0,100,,7983,33,,,0,68,,7984,33,,,0,32,,7985,33,,,0,69,,7986,33,,,0,30,,7987,33,,,0,70,,7988,33,,,0,36,,7989,33,,,0,67,,7990,33,,,0,30,,7991,33,,,0,70,,7992,33,,,0,30,,7993,33,,,0,70,,7994,33,,,0,30,,7995,33,,,0,69,,7996,33,,,0,27,,7997,33,,,0,100,,7998,33,,,0,100,,7999,33,,,0,100,,8000,33,,,0,100,,8001,33,,,0
