5900,'236.0.1',631,,3936,3,,,0,100,,3937,3,,,0,100,,3938,3,,,0,100,,3939,3,,,0,100,,3940,3,,,0,100,,3941,3,,,0,100,,3942,3,,,0,100,,3943,3,,,0,100,,3944,3,,,0,100,,3945,3,,,0,100,,3946,3,,,0,100,,3947,3,,,0,100,,3948,3,,,0,100,,3949,3,,,0,100,,3950,3,,,0,100,,3951,3,,,0,100,,3952,3,,,0,100,,3953,3,,,0
5900,'236.0.2',731,,3954,3,,,0,100,,3955,3,,,0,100,,3956,3,,,0,100,,3957,3,,,0,100,,3958,3,,,0,100,,3959,3,,,0,100,,3960,3,,,0,100,,3961,3,,,0,100,,3962,3,,,0,100,,3963,3,,,0,100,,3964,3,,,0,100,,3965,3,,,0,100,,3966,3,,,0,100,,3967,3,,,0,100,,3968,3,,,0,100,,3969,3,,,0
5900,'236.0.3',537,,3970,3,,,0,20,,3991,3,,,0,60,,3971,3,,,0,20,,3972,3,,,0,20,,3973,3,,,0,60,,3974,3,,,0,20,,3975,3,,,0,22,,3976,3,,,0,60,,3977,3,,,0,93,,3978,3,,,0,100,,3979,3,,,0,100,,3980,3,,,0,100,,3981,3,,,0,100,,3982,3,,,0,100,,3983,3,,,0,100,,3984,3,,,0,409,,3985,3,,,0,100,,3986,3,,,0,100,,3987,3,,,0,100,,3988,3,,,0,100,,3989,3,,,0,100,,3990,3,,,0
6301,'236.0.1',732,,4316,3,,,0,100,,4317,3,,,0,100,,4318,3,,,0,100,,4319,3,,,0,100,,4320,3,,,0,100,,4321,3,,,0,100,,4322,3,,,0,100,,4323,3,,,0,100,,4324,3,,,0,100,,4325,3,,,0,100,,4326,3,,,0,100,,4327,3,,,0,100,,4328,3,,,0,100,,4329,3,,,0,100,,4330,3,,,0,100,,4331,3,,,0
6301,'236.0.2',702,,4332,3,,,0,100,,4333,3,,,0,100,,4334,3,,,0,100,,4335,3,,,0,100,,4336,3,,,0,100,,4337,3,,,0,100,,4338,3,,,0,100,,4339,3,,,0,100,,4340,3,,,0,100,,4341,3,,,0,100,,4342,3,,,0,100,,4343,3,,,0,100,,4344,3,,,0,100,,4345,3,,,0,100,,4346,3,,,0
6301,'236.0.3',621,,4347,3,,,0,30,,4348,3,,,0,70,,4349,3,,,0,30,,4350,3,,,0,70,,4351,3,,,0,30,,4352,3,,,0,70,,4353,3,,,0,16,,4354,3,,,0,100,,4355,3,,,0,100,,4356,3,,,0,100,,4357,3,,,0,100,,4358,3,,,0,100,,4359,3,,,0,115,,4360,3,,,0,70,,4361,3,,,0,30,,4362,3,,,0,70,,4363,3,,,0,30,,4364,3,,,0,70,,4365,3,,,0,30,,4366,3,,,0,100,,4367,3,,,0,100,,4368,3,,,0,100,,4369,3,,,0,100,,4370,3,,,0
6800,'236.0.1',551,,4651,3,,,0,100,,4652,3,,,0,100,,4653,3,,,0,100,,4654,3,,,0,100,,4655,3,,,0,100,,4656,3,,,0,100,,4657,3,,,0,100,,4658,3,,,0,100,,4659,3,,,0,100,,4660,3,,,0,100,,4661,3,,,0,100,,4662,3,,,0,100,,4663,3,,,0,100,,4664,3,,,0,100,,4665,3,,,0,100,,4666,3,,,0,100,,4667,3,,,0,100,,4668,3,,,0,100,,4669,3,,,0
6800,'236.0.2',651,,4670,3,,,0,100,,4671,3,,,0,100,,4672,3,,,0,100,,4673,3,,,0,100,,4674,3,,,0,100,,4675,3,,,0,100,,4676,3,,,0,100,,4677,3,,,0,100,,4678,3,,,0,100,,4679,3,,,0,100,,4680,3,,,0,100,,4681,3,,,0,100,,4682,3,,,0,100,,4683,3,,,0,100,,4684,3,,,0,100,,4685,3,,,0
6800,'236.0.3',556,,4687,3,,,0,70,,4688,3,,,0,30,,4689,3,,,0,70,,4690,3,,,0,30,,4703,3,,,0,156,,4691,3,,,0,100,,4692,3,,,0,100,,4693,3,,,0,100,,4694,3,,,0,100,,4695,3,,,0,101,,4696,3,,,0,100,,4697,3,,,0,428,,4698,3,,,0,100,,4699,3,,,0,100,,4700,3,,,0,100,,4701,3,,,0,100,,4702,3,,,0
15900,'236.0.3',1542,,6137,16,,,0,61,,6138,16,,,0,24,,6139,16,,,0,23,,6140,16,,,0,62,,6141,16,,,0,19,,6144,16,,,0,12,,6145,16,,,0,60,,6142,16,,,0,18,,6143,16,,,0
40101,'236.0.1',806,,6467,3,,,0,326,,6468,3,,,0,600,,6469,3,,,0
40101,'236.0.2',806,,6470,3,,,0,326,,6471,3,,,0,600,,6472,3,,,0
40101,'236.0.3',630,,6473,3,,,0,175,,6474,3,,,0,135,,6475,3,,,0,613,,6478,3,,,0,179,,6476,3,,,0,179,,6477,3,,,0
1016800,'236.0.3',1539,,7458,16,,,0,73,,7459,16,,,0,35,,7460,16,,,0,73,,7461,16,,,0,26,,7462,16,,,0,64,,7463,16,,,0,30,,7464,16,,,0
2016800,'236.0.3',1557,,8474,16,,,0,76,,8475,16,,,0,73,,8476,16,,,0,29,,8477,16,,,0,24,,8478,16,,,0,66,,8479,16,,,0
