'174.0.1',32000,42000,,'',0,10000,,'',0,10000,,'',0,10000,,'',0,10000,,'',0,10000,,'',0,10000,,'',0,10000,,'',0,10000,,'',0,10000,,'',0,10000,,'',0,10000,,'',0,10000,,'',0,10000,,'',0,10000,,'',0,10000,,'',0,10000,,'',0,10000,,'',0,10000,,'',0,10000,,'',0
'174.0.1',32001,60300,4,'',0,10000,4,'',0,10000,4,'',0,10000,4,'',0,10000,4,'',0,10000,4,'',0,10000,4,'',0,10000,4,'',0,10000,4,'',0,10000,4,'',0,10000,4,'',0,10000,4,'',0,10000,4,'',0,10000,4,'',0,10000,4,'',0,10000,4,'',0,10000,4,'',0,10000,4,'',0,10000,4,'',0,10000,4,'',0
'174.0.2',32000,42000,,'',0,10000,,'',0,10000,,'',0,10000,,'',0,10000,,'',0,10000,,'',0,10000,,'',0,10000,,'',0,10000,,'',0,10000,,'',0,10000,,'',0,10000,,'',0,10000,,'',0,10000,,'',0,10000,,'',0,10000,,'',0,10000,,'',0,10000,,'',0,10000,,'',0,10000,,'',0
'174.0.2',32001,60300,4,'',0,10000,4,'',0,10000,4,'',0,10000,4,'',0,10000,4,'',0,10000,4,'',0,10000,4,'',0,10000,4,'',0,10000,4,'',0,10000,4,'',0,10000,4,'',0,10000,4,'',0,10000,4,'',0,10000,4,'',0,10000,4,'',0,10000,4,'',0,10000,4,'',0,10000,4,'',0,10000,4,'',0,10000,4,'',0
'174.0.3',32000,44000,,'',0,8000,,'',0,3000,,'',0,7000,,'',0,3000,,'',0,7000,,'',0,3000,,'',0,7000,,'',0,10000,,'',0,10000,,'',0,10000,,'',0,10000,,'',0,10000,,'',0,10000,,'',0,9500,,'',0,3000,,'',0,7000,,'',0,3000,,'',0,7000,,'',0,3000,,'',0,7000,,'',0,10500,,'',0,10000,,'',0,10000,,'',0,10000,,'',0,10000,,'',0
'174.0.3',32001,61100,4,'',0,2900,4,'',0,7000,4,'',0,3000,4,'',0,7000,4,'',0,3000,4,'',0,7000,4,'',0,3000,4,'',0,6900,4,'',0,10000,4,'',0,10000,4,'',0,10000,4,'',0,10000,4,'',0,10000,4,'',0,10100,4,'',0,10000,4,'',0,3000,4,'',0,7000,4,'',0,3000,4,'',0,6900,4,'',0,3000,4,'',0,7000,4,'',0,10000,4,'',0,10000,4,'',0,10000,4,'',0,10000,4,'',0,10000,4,'',0
'174.0.4',32000,44000,,'',0,8000,,'',0,3000,,'',0,7000,,'',0,3000,,'',0,7000,,'',0,3000,,'',0,7000,,'',0,10000,,'',0,10000,,'',0,10000,,'',0,10000,,'',0,10000,,'',0,10000,,'',0,9500,,'',0,3000,,'',0,7000,,'',0,3000,,'',0,7000,,'',0,3000,,'',0,7000,,'',0,10500,,'',0,10000,,'',0,10000,,'',0,10000,,'',0,10000,,'',0
'174.0.4',32001,61100,4,'',0,2900,4,'',0,7000,4,'',0,3000,4,'',0,7000,4,'',0,3000,4,'',0,7000,4,'',0,3000,4,'',0,6900,4,'',0,10000,4,'',0,10000,4,'',0,10000,4,'',0,10000,4,'',0,10000,4,'',0,10100,4,'',0,10000,4,'',0,3000,4,'',0,7000,4,'',0,3000,4,'',0,6900,4,'',0,3000,4,'',0,7000,4,'',0,10000,4,'',0,10000,4,'',0,10000,4,'',0,10000,4,'',0,10000,4,'',0
'174.0.3',33000,134500,,'',0,17500,,'',0,2500,,'',0,6500,,'',0,1000,,'',0,1700,,'',0,800,,'',0,7000,,'',0,3000,,'',0,7000,,'',0,12500,,'',0
'174.0.3',33001,65600,4,'',0,8000,4,'',0,1500,4,'',0,5000,4,'',0,1500,4,'',0,500,4,'',0,2000,4,'',0,1000,4,'',0,66500,4,'',0
'174.0.4',33000,134500,,'',0,17500,,'',0,2500,,'',0,6500,,'',0,1000,,'',0,1700,,'',0,800,,'',0,7000,,'',0,3000,,'',0,7000,,'',0,12500,,'',0
'174.0.4',33001,65600,4,'',0,8000,4,'',0,1500,4,'',0,5000,4,'',0,1500,4,'',0,500,4,'',0,2000,4,'',0,1000,4,'',0,66500,4,'',0
'174.0.3',37000,134800,,'',0,17000,,'',0,2700,,'',0,7000,,'',0,3000,,'',0,7000,,'',0,10500,,'',0
'174.0.3',37001,62500,4,'',0,9000,4,'',0,3000,4,'',0,7000,4,'',0,3000,4,'',0,68000,4,'',0,13000,4,'',0
'174.0.4',37000,134800,,'',0,17000,,'',0,2700,,'',0,7000,,'',0,3000,,'',0,7000,,'',0,10500,,'',0
'174.0.4',37001,62500,4,'',0,9000,4,'',0,3000,4,'',0,7000,4,'',0,3000,4,'',0,68000,4,'',0,13000,4,'',0
