2201,'236.0.1',558,,2234,18,,,0,70,,2235,18,,,0,30,,2236,18,,,0,70,,2237,18,,,0,30,,2238,18,,,0,70,,2239,18,,,0,30,,2240,18,,,0,70,,2241,18,,,0,29,,2242,18,,,0,70,,2243,18,,,0,30,,2244,18,,,0,70,,2245,18,,,0,30,,2246,18,,,0,70,,2247,18,,,0,30,,2248,18,,,0,70,,2249,18,,,0,30,,2250,18,,,0,70,,2251,18,,,0,30,,2252,18,,,0,70,,2253,18,,,0,30,,2254,18,,,0,70,,2255,18,,,0,31,,2256,18,,,0,70,,2257,18,,,0,30,,2258,18,,,0,70,,2259,18,,,0,30,,2260,18,,,0,70,,2261,18,,,0,30,,2262,18,,,0,70,,2263,18,,,0,30,,2264,18,,,0,70,,2265,18,,,0,30,,2266,18,,,0,70,,2267,18,,,0,30,,2268,18,,,0,70,,2269,18,,,0
2201,'236.0.2',548,,2270,18,,,0,70,,2271,18,,,0,30,,2272,18,,,0,70,,2273,18,,,0,30,,2274,18,,,0,70,,2275,18,,,0,30,,2276,18,,,0,70,,2277,18,,,0,30,,2278,18,,,0,70,,2279,18,,,0,30,,2280,18,,,0,70,,2281,18,,,0,30,,2282,18,,,0,70,,2283,18,,,0,30,,2284,18,,,0,70,,2285,18,,,0,30,,2286,18,,,0,70,,2287,18,,,0,30,,2288,18,,,0,70,,2289,18,,,0,30,,2290,18,,,0,70,,2291,18,,,0,30,,2292,18,,,0,70,,2293,18,,,0,30,,2294,18,,,0,70,,2295,18,,,0,30,,2296,18,,,0,70,,2297,18,,,0,30,,2298,18,,,0,70,,2299,18,,,0,30,,2300,18,,,0,70,,2301,18,,,0,30,,2302,18,,,0,70,,2303,18,,,0,30,,2304,18,,,0,70,,2305,18,,,0,30,,2306,18,,,0
2201,'236.0.3',611,,2307,18,,,0,30,,2308,18,,,0,70,,2309,18,,,0,27,,2310,18,,,0,70,,2311,18,,,0,30,,2312,18,,,0,71,,2313,18,,,0,29,,2314,18,,,0,70,,2315,18,,,0,30,,2316,18,,,0,70,,2317,18,,,0,30,,2318,18,,,0,70,,2319,18,,,0,30,,2320,18,,,0,70,,2321,18,,,0,30,,2322,18,,,0,70,,2323,18,,,0,29,,2324,18,,,0,70,,2325,18,,,0,30,,2326,18,,,0,70,,2327,18,,,0,30,,2328,18,,,0,70,,2329,18,,,0,30,,2330,18,,,0,70,,2331,18,,,0,31,,2332,18,,,0,70,,2333,18,,,0,30,,2334,18,,,0,70,,2335,18,,,0,30,,2336,18,,,0,70,,2337,18,,,0,30,,2338,18,,,0,70,,2339,18,,,0,30,,2340,18,,,0,70,,2341,18,,,0,30,,2342,18,,,0
2501,'236.0.1',711,,2617,25,,,0,100,,2618,25,,,0,100,,2619,25,,,0,100,,2620,25,,,0,100,,2621,25,,,0,100,,2622,25,,,0,100,,2623,25,,,0,100,,2624,25,,,0,100,,2625,25,,,0,100,,2626,25,,,0,100,,2627,25,,,0,100,,2628,25,,,0,100,,2629,25,,,0,100,,2630,25,,,0,100,,2631,25,,,0,100,,2632,25,,,0
2501,'236.0.2',811,,2633,25,,,0,100,,2634,25,,,0,100,,2635,25,,,0,100,,2636,25,,,0,100,,2637,25,,,0,100,,2638,25,,,0,100,,2639,25,,,0,100,,2640,25,,,0,100,,2641,25,,,0,100,,2642,25,,,0,100,,2643,25,,,0,100,,2644,25,,,0,100,,2645,25,,,0,100,,2646,25,,,0
2501,'236.0.3',614,,2647,25,,,0,30,,2648,25,,,0,70,,2649,25,,,0,36,,2650,25,,,0,65,,2651,25,,,0,30,,2652,25,,,0,70,,2653,25,,,0,29,,2654,25,,,0,100,,2655,25,,,0,100,,2656,25,,,0,100,,2657,25,,,0,100,,2658,25,,,0,100,,2659,25,,,0,100,,2660,25,,,0,74,,2661,25,,,0,32,,2662,25,,,0,72,,2663,25,,,0,26,,2664,25,,,0,69,,2665,25,,,0,26,,2666,25,,,0,70,,2667,25,,,0,30,,2668,25,,,0,100,,2669,25,,,0,100,,2670,25,,,0,100,,2671,25,,,0,100,,2672,25,,,0
41501,'236.0.3',646,,6487,26,,,0,106,,6488,26,,,0,94,,6489,26,,,0,99,,6490,26,,,0,573,,6494,26,,,0,105,,6491,26,,,0,101,,6492,26,,,0,98,,6493,26,,,0
1000901,'236.0.1',700,,6973,33,,,0,100,,6974,33,,,0,101,,6975,33,,,0,100,,6976,33,,,0,100,,6977,33,,,0,100,,6978,33,,,0,100,,6979,33,,,0,100,,6980,33,,,0,100,,6981,33,,,0,100,,6982,33,,,0,100,,6983,33,,,0,57,,6984,33,,,0,100,,6985,33,,,0,100,,6986,33,,,0,98,,6987,33,,,0,100,,6988,33,,,0,100,,6989,33,,,0,100,,6990,33,,,0
1000901,'236.0.2',657,,6991,33,,,0,98,,6992,33,,,0,103,,6993,33,,,0,100,,6994,33,,,0,100,,6995,33,,,0,100,,6996,33,,,0,100,,6997,33,,,0,100,,6998,33,,,0,100,,6999,33,,,0,100,,7000,33,,,0,100,,7001,33,,,0,100,,7002,33,,,0,100,,7003,33,,,0,100,,7004,33,,,0,97,,7005,33,,,0,100,,7006,33,,,0,100,,7007,33,,,0,100,,7008,33,,,0
1000901,'236.0.3',544,,7009,33,,,0,67,,7010,33,,,0,25,,7011,33,,,0,10,,7012,33,,,0,5,,7013,33,,,0,55,,7014,33,,,0,21,,7015,33,,,0,5,,7016,33,,,0,15,,7017,33,,,0,10,,7018,33,,,0,60,,7019,33,,,0,10,,7020,33,,,0,20,,7021,33,,,0,9,,7022,33,,,0,50,,7023,33,,,0,10,,7024,33,,,0,25,,7025,33,,,0,15,,7026,33,,,0,55,,7027,33,,,0,30,,7028,33,,,0,15,,7029,33,,,0,55,,7030,33,,,0,30,,7031,33,,,0,15,,7032,33,,,0,55,,7033,33,,,0,30,,7034,33,,,0,15,,7035,33,,,0,55,,7036,33,,,0,30,,7037,33,,,0,15,,7038,33,,,0,55,,7039,33,,,0,30,,7040,33,,,0,15,,7041,33,,,0,55,,7042,33,,,0,29,,7043,33,,,0,65,,7044,33,,,0,5,,7045,33,,,0,25,,7046,33,,,0,10,,7047,33,,,0,60,,7048,33,,,0,10,,7049,33,,,0,20,,7050,33,,,0,10,,7051,33,,,0,60,,7052,33,,,0,10,,7053,33,,,0,17,,7054,33,,,0,10,,7055,33,,,0,65,,7056,33,,,0,30,,7057,33,,,0,71,,7058,33,,,0,29,,7059,33,,,0,70,,7060,33,,,0,29,,7061,33,,,0,70,,7062,33,,,0,35,,7063,33,,,0,60,,7064,33,,,0,40,,7065,33,,,0,60,,7066,33,,,0,40,,7067,33,,,0,60,,7068,33,,,0
2000901,'236.0.1',630,,8002,49,0,13,0,100,,8003,49,0,13,0,99,,8004,49,0,13,0,102,,8005,49,0,13,0,100,,8006,49,0,13,0,100,,8007,49,0,13,0,100,,8008,49,0,13,0,100,,8009,49,0,13,0,100,,8010,49,0,13,0,100,,8011,49,0,13,0,100,,8012,49,0,13,0,100,,8013,49,0,13,0,97,,8014,49,0,13,0,100,,8015,49,0,13,0,98,,8016,49,0,13,0,100,,8017,49,0,13,0,100,,8018,49,0,13,0,100,,8019,49,0,13,0,100,,8020,49,0,13,0
2000901,'236.0.2',627,,8021,49,0,13,0,100,,8022,49,0,13,0,98,,8023,49,0,13,0,103,,8024,49,0,13,0,100,,8025,49,0,13,0,100,,8026,49,0,13,0,100,,8027,49,0,13,0,100,,8028,49,0,13,0,100,,8029,49,0,13,0,100,,8030,49,0,13,0,100,,8031,49,0,13,0,100,,8032,49,0,13,0,100,,8033,49,0,13,0,100,,8034,49,0,13,0,97,,8035,49,0,13,0,100,,8036,49,0,13,0,100,,8037,49,0,13,0,99,,8038,49,0,13,0,100,,8039,49,0,13,0
2000901,'236.0.3',556,,8040,49,0,13,0,70,,8041,49,0,13,0,30,,8042,49,0,13,0,81,,8043,49,0,13,0,70,,8044,49,0,13,0,30,,8045,49,0,13,0,20,,8046,49,0,13,0,69,,8047,49,0,13,0,100,,8048,49,0,13,0,100,,8049,49,0,13,0,100,,8050,49,0,13,0,100,,8051,49,0,13,0,100,,8052,49,0,13,0,99,,8053,49,0,13,0,30,,8054,49,0,13,0,70,,8055,49,0,13,0,30,,8056,49,0,13,0,70,,8057,49,0,13,0,30,,8058,49,0,13,0,68,,8059,49,0,13,0,29,,8060,49,0,13,0,70,,8061,49,0,13,0,30,,8062,49,0,13,0,70,,8063,49,0,13,0,30,,8064,49,0,13,0,70,,8065,49,0,13,0,23,,8066,49,0,13,0,70,,8067,49,0,13,0,100,,8068,49,0,13,0,100,,8069,49,0,13,0
