400,'236.0.1',609,,1112,30,,,0,100,,1113,30,,,0,100,,1114,30,,,0,30,,1115,30,,,0,70,,1116,30,,,0,32,,1117,30,,,0,72,,1118,30,,,0,30,,1119,30,,,0,70,,1120,30,,,0,30,,1121,30,,,0,70,,1122,30,,,0,30,,1123,30,,,0,70,,1124,30,,,0,30,,1125,30,,,0,70,,1126,30,,,0,30,,1127,30,,,0,70,,1128,30,,,0,30,,1129,30,,,0,70,,1130,30,,,0,30,,1131,30,,,0,70,,1132,30,,,0,30,,1133,30,,,0,70,,1134,30,,,0,30,,1135,30,,,0,70,,1136,30,,,0,30,,1137,30,,,0,70,,1138,30,,,0,30,,1139,30,,,0,68,,1140,30,,,0,28,,1141,30,,,0,70,,1142,30,,,0,100,,1143,30,,,0,100,,1144,30,,,0
400,'236.0.2',704,,1145,30,,,0,30,,1146,30,,,0,70,,1147,30,,,0,30,,1148,30,,,0,70,,1149,30,,,0,30,,1150,30,,,0,70,,1151,30,,,0,30,,1152,30,,,0,70,,1153,30,,,0,31,,1154,30,,,0,72,,1155,30,,,0,30,,1156,30,,,0,70,,1157,30,,,0,30,,1158,30,,,0,70,,1159,30,,,0,30,,1160,30,,,0,70,,1161,30,,,0,30,,1162,30,,,0,70,,1163,30,,,0,30,,1164,30,,,0,70,,1165,30,,,0,30,,1166,30,,,0,69,,1167,30,,,0,28,,1168,30,,,0,70,,1169,30,,,0,30,,1170,30,,,0,70,,1171,30,,,0,100,,1172,30,,,0,100,,1173,30,,,0,100,,1174,30,,,0,100,,1175,30,,,0
400,'236.0.3',619,,1176,30,,,0,20,,1177,30,,,0,20,,1178,30,,,0,60,,1179,30,,,0,17,,1180,30,,,0,18,,1181,30,,,0,55,,1182,30,,,0,15,,1183,30,,,0,15,,1184,30,,,0,15,,1185,30,,,0,55,,1186,30,,,0,15,,1187,30,,,0,15,,1188,30,,,0,15,,1189,30,,,0,55,,1190,30,,,0,15,,1191,30,,,0,15,,1192,30,,,0,15,,1193,30,,,0,55,,1194,30,,,0,15,,1195,30,,,0,15,,1196,30,,,0,17,,1197,30,,,0,55,,1198,30,,,0,15,,1199,30,,,0,15,,1200,30,,,0,15,,1201,30,,,0,55,,1202,30,,,0,15,,1203,30,,,0,10,,1204,30,,,0,10,,1205,30,,,0,10,,1206,30,,,0,50,,1207,30,,,0,10,,1208,30,,,0,10,,1209,30,,,0,8,,1210,30,,,0,8,,1211,30,,,0,8,,1212,30,,,0,8,,1213,30,,,0,48,,1214,30,,,0,8,,1215,30,,,0,9,,1216,30,,,0,8,,1217,30,,,0,8,,1218,30,,,0,8,,1219,30,,,0,8,,1220,30,,,0,48,,1221,30,,,0,8,,1222,30,,,0,8,,1223,30,,,0,8,,1224,30,,,0,8,,1225,30,,,0,8,,1226,30,,,0,8,,1227,30,,,0,8,,1228,30,,,0,48,,1229,30,,,0,16,,1230,30,,,0,8,,1231,30,,,0,8,,1232,30,,,0,8,,1233,30,,,0,8,,1234,30,,,0,48,,1235,30,,,0,8,,1236,30,,,0,13,,1237,30,,,0,15,,1238,30,,,0,15,,1239,30,,,0,60,,1240,30,,,0,20,,1241,30,,,0,20,,1242,30,,,0,60,,1243,30,,,0,20,,1244,30,,,0,20,,1245,30,,,0,57,,1246,30,,,0,18,,1247,30,,,0,20,,1248,30,,,0,60,,1249,30,,,0,30,,1250,30,,,0,70,,1251,30,,,0,30,,1252,30,,,0,70,,1253,30,,,0,30,,1254,30,,,0,70,,1255,30,,,0
400,'236.1141.3',1715,,1256,30,,,0
400,'236.1143.3',1715,,1257,30,,,0
2900,'236.0.1',632,,2854,14,,,0,70,,2855,14,,,0,30,,2856,14,,,0,70,,2857,14,,,0,30,,2858,14,,,0,70,,2859,14,,,0,30,,2860,14,,,0,70,,2861,14,,,0,32,,2862,14,,,0,66,,2863,14,,,0,30,,2864,14,,,0,70,,2865,14,,,0,30,,2866,14,,,0,70,,2867,14,,,0,30,,2868,14,,,0,70,,2869,14,,,0,30,,2870,14,,,0,70,,2871,14,,,0,30,,2872,14,,,0,70,,2873,14,,,0,30,,2874,14,,,0,70,,2875,14,,,0,31,,2876,14,,,0,70,,2877,14,,,0,30,,2878,14,,,0,70,,2879,14,,,0,30,,2880,14,,,0,70,,2881,14,,,0,30,,2882,14,,,0,102,,2883,14,,,0,100,,2884,14,,,0,100,,2885,14,,,0,81,,2886,14,,,0
2900,'236.0.2',637,,2887,14,,,0,70,,2888,14,,,0,30,,2889,14,,,0,70,,2890,14,,,0,30,,2891,14,,,0,70,,2892,14,,,0,30,,2893,14,,,0,70,,2894,14,,,0,30,,2895,14,,,0,71,,2896,14,,,0,27,,2897,14,,,0,70,,2898,14,,,0,30,,2899,14,,,0,70,,2900,14,,,0,30,,2901,14,,,0,70,,2902,14,,,0,30,,2903,14,,,0,70,,2904,14,,,0,30,,2905,14,,,0,70,,2906,14,,,0,30,,2907,14,,,0,70,,2908,14,,,0,30,,2909,14,,,0,70,,2910,14,,,0,32,,2911,14,,,0,100,,2912,14,,,0,100,,2913,14,,,0,100,,2914,14,,,0,100,,2915,14,,,0,100,,2916,14,,,0,78,,2917,14,,,0
2900,'236.0.3',549,,2918,14,,,0,55,,2919,14,,,0,15,,2920,14,,,0,14,,2921,14,,,0,13,,2922,14,,,0,56,,2923,14,,,0,15,,2924,14,,,0,15,,2925,14,,,0,15,,2926,14,,,0,55,,2927,14,,,0,15,,2928,14,,,0,15,,2929,14,,,0,16,,2930,14,,,0,57,,2931,14,,,0,15,,2932,14,,,0,30,,2933,14,,,0,70,,2934,14,,,0,30,,2935,14,,,0,70,,2936,14,,,0,30,,2937,14,,,0,70,,2938,14,,,0,30,,2939,14,,,0,70,,2940,14,,,0,30,,2941,14,,,0,70,,2942,14,,,0,29,,2943,14,,,0,67,,2944,14,,,0,15,,2945,14,,,0,15,,2946,14,,,0,55,,2947,14,,,0,15,,2948,14,,,0,15,,2949,14,,,0,15,,2950,14,,,0,55,,2951,14,,,0,15,,2952,14,,,0,15,,2953,14,,,0,20,,2954,14,,,0,56,,2955,14,,,0,15,,2956,14,,,0,15,,2957,14,,,0,15,,2958,14,,,0,70,,2959,14,,,0,30,,2960,14,,,0,70,,2961,14,,,0,30,,2962,14,,,0,70,,2963,14,,,0,30,,2964,14,,,0,70,,2965,14,,,0,100,,2966,14,,,0,88,,2967,14,,,0
9000,'236.0.1',624,,5717,26,,,0,25,,5718,26,,,0,70,,5719,26,,,0,30,,5720,26,,,0,70,,5721,26,,,0,25,,5722,26,,,0,70,,5723,26,,,0,30,,5724,26,,,0,65,,5725,26,,,0,33,,5726,26,,,0,70,,5727,26,,,0,30,,5728,26,,,0,70,,5729,26,,,0,27,,5730,26,,,0,70,,5731,26,,,0,30,,5732,26,,,0,70,,5733,26,,,0,30,,5734,26,,,0,70,,5735,26,,,0,30,,5736,26,,,0,70,,5737,26,,,0,33,,5738,26,,,0,70,,5739,26,,,0,30,,5740,26,,,0,70,,5741,26,,,0,30,,5742,26,,,0,70,,5743,26,,,0,30,,5744,26,,,0,70,,5745,26,,,0,104,,5746,26,,,0,100,,5747,26,,,0,100,,5748,26,,,0,100,,5749,26,,,0
9000,'236.0.2',612,,5750,26,,,0,100,,5751,26,,,0,100,,5752,26,,,0,95,,5753,26,,,0,97,,5754,26,,,0,100,,5755,26,,,0,102,,5756,26,,,0,100,,5757,26,,,0,98,,5758,26,,,0,100,,5759,26,,,0,100,,5760,26,,,0,100,,5761,26,,,0,103,,5762,26,,,0,104,,5763,26,,,0,101,,5764,26,,,0,100,,5765,26,,,0,100,,5766,26,,,0,100,,5767,26,,,0
9000,'236.0.3',609,,5801,26,,,0,15,,5800,26,,,0,15,,5768,26,,,0,15,,5802,26,,,0,55,,5769,26,,,0,15,,5803,26,,,0,15,,5770,26,,,0,15,,5804,26,,,0,60,,5771,26,,,0,30,,5772,26,,,0,65,,5773,26,,,0,31,,5774,26,,,0,69,,5775,26,,,0,30,,5776,26,,,0,70,,5777,26,,,0,27,,5778,26,,,0,71,,5779,26,,,0,30,,5780,26,,,0,70,,5781,26,,,0,30,,5782,26,,,0,70,,5783,26,,,0,33,,5784,26,,,0,17,,5805,26,,,0,55,,5785,26,,,0,15,,5806,26,,,0,15,,5786,26,,,0,15,,5807,26,,,0,55,,5787,26,,,0,15,,5808,26,,,0,15,,5812,26,,,0,15,,5809,26,,,0,55,,5788,26,,,0,15,,5810,26,,,0,15,,5789,26,,,0,12,,5811,26,,,0,52,,5790,26,,,0,35,,5791,26,,,0,70,,5792,26,,,0,30,,5793,26,,,0,70,,5794,26,,,0,30,,5795,26,,,0,100,,5796,26,,,0,97,,5797,26,,,0,100,,5798,26,,,0,100,,5799,26,,,0
