800,'236.0.1',555,,14767,,,0,71,,14768,,,0,30,,14769,,,0,70,,14770,,,0,30,,14771,,,0,74,,14772,,,0,23,,14773,,,0,62,,14774,,,0,30,,14775,,,0,70,,14776,,,0,33,,14777,,,0,72,,14778,,,0,29,,14779,,,0,70,,14780,,,0,30,,14781,,,0,70,,14782,,,0,30,,14783,,,0,71,,14784,,,0,29,,14785,,,0,72,,14786,,,0,30,,14787,,,0,70,,14788,,,0,30,,14789,,,0,70,,14790,,,0,30,,14791,,,0,70,,14792,,,0,25,,14793,,,0,70,,14794,,,0,30,,14795,,,0,70,,14796,,,0,30,,14797,,,0,70,,14798,,,0,30,,14799,,,0,70,,14800,,,0,30,,14801,,,0,63,,14802,,,0,29,,14803,,,0,70,,14804,,,0,100,,14805,,,0
800,'236.0.2',645,,14806,,,0,70,,14807,,,0,30,,14808,,,0,70,,14809,,,0,30,,14810,,,0,70,,14811,,,0,30,,14812,,,0,70,,14813,,,0,32,,14814,,,0,74,,14815,,,0,30,,14816,,,0,66,,14817,,,0,31,,14818,,,0,72,,14819,,,0,30,,14820,,,0,70,,14821,,,0,30,,14822,,,0,70,,14823,,,0,30,,14824,,,0,70,,14825,,,0,30,,14826,,,0,75,,14827,,,0,29,,14828,,,0,70,,14829,,,0,28,,14830,,,0,69,,14831,,,0,28,,14832,,,0,69,,14833,,,0,26,,14834,,,0,69,,14835,,,0,30,,14836,,,0,70,,14837,,,0,30,,14838,,,0,70,,14839,,,0,100,,14840,,,0,100,,14841,,,0
800,'236.0.3',515,,14842,,,0,30,,14843,,,0,72,,14844,,,0,30,,14845,,,0,71,,14846,,,0,40,,14847,,,0,72,,14848,,,0,71,,14849,,,0,30,,14850,,,0,70,,14851,,,0,30,,14852,,,0,20,,14853,,,0,60,,14854,,,0,20,,14855,,,0,20,,14856,,,0,60,,14857,,,0,20,,14858,,,0,20,,14859,,,0,60,,14860,,,0,20,,14861,,,0,20,,14862,,,0,60,,14863,,,0,20,,14864,,,0,20,,14865,,,0,60,,14866,,,0,24,,14867,,,0,69,,14868,,,0,24,,14869,,,0,20,,14870,,,0,60,,14871,,,0,20,,14872,,,0,20,,14873,,,0,60,,14874,,,0,18,,14875,,,0,14,,14876,,,0,66,,14877,,,0,10,,14892,,,0,10,,14878,,,0,30,,14879,,,0,70,,14880,,,0,30,,14881,,,0,67,,14882,,,0,28,,14883,,,0,69,,14884,,,0,30,,14885,,,0,70,,14886,,,0,30,,14887,,,0,70,,14888,,,0,30,,14889,,,0,70,,14890,,,0,30,,14891,,,0
801,'236.0.1',535,,14893,,,0,70,,14894,,,0,30,,14895,,,0,70,,14896,,,0,30,,14897,,,0,71,,14898,,,0,30,,14899,,,0,70,,14900,,,0,30,,14901,,,0,70,,14902,,,0,30,,14903,,,0,70,,14904,,,0,30,,14905,,,0,70,,14906,,,0,30,,14907,,,0,71,,14908,,,0,30,,14909,,,0,70,,14910,,,0,30,,14911,,,0,70,,14912,,,0,30,,14913,,,0,70,,14914,,,0,30,,14915,,,0,70,,14916,,,0,30,,14917,,,0,69,,14918,,,0,30,,14919,,,0,70,,14920,,,0,30,,14921,,,0,69,,14922,,,0,30,,14923,,,0,70,,14924,,,0,30,,14925,,,0,70,,14926,,,0,30,,14927,,,0,70,,14928,,,0,30,,14929,,,0,100,,14930,,,0
801,'236.0.2',540,,14931,,,0,70,,14932,,,0,30,,14933,,,0,70,,14934,,,0,30,,14935,,,0,70,,14936,,,0,30,,14937,,,0,71,,14938,,,0,30,,14939,,,0,70,,14940,,,0,30,,14941,,,0,70,,14942,,,0,30,,14943,,,0,70,,14944,,,0,30,,14945,,,0,70,,14946,,,0,30,,14947,,,0,70,,14948,,,0,30,,14949,,,0,70,,14950,,,0,30,,14951,,,0,70,,14952,,,0,30,,14953,,,0,70,,14954,,,0,30,,14955,,,0,69,,14956,,,0,30,,14957,,,0,70,,14958,,,0,30,,14959,,,0,70,,14960,,,0,30,,14961,,,0,70,,14962,,,0,30,,14963,,,0,70,,14964,,,0,100,,14965,,,0,100,,14966,,,0
801,'236.0.3',522,,14967,,,0,30,,14968,,,0,70,,14969,,,0,20,,14970,,,0,60,,14971,,,0,20,,14972,,,0,20,,14973,,,0,60,,14974,,,0,20,,14975,,,0,20,,14976,,,0,60,,14977,,,0,20,,14978,,,0,20,,14979,,,0,60,,14980,,,0,20,,14981,,,0,20,,14982,,,0,60,,14983,,,0,20,,14984,,,0,20,,14985,,,0,60,,14986,,,0,20,,14987,,,0,20,,14988,,,0,60,,14989,,,0,20,,14990,,,0,20,,14991,,,0,60,,14992,,,0,20,,14993,,,0,20,,14994,,,0,60,,14995,,,0,32,,14996,,,0,70,,14997,,,0,30,,14998,,,0,70,,14999,,,0,30,,15000,,,0,70,,15001,,,0,28,,15002,,,0,70,,15003,,,0,30,,15004,,,0,70,,15005,,,0,30,,15006,,,0,70,,15007,,,0,29,,15008,,,0,70,,15009,,,0,30,,15010,,,0,70,,15011,,,0,30,,15012,,,0,70,,15013,,,0,30,,15014,,,0
8200,'236.0.1',606,,17962,,,0,100,,17963,,,0,100,,17964,,,0,100,,17965,,,0,100,,17966,,,0,100,,17967,,,0,100,,17968,,,0,100,,17969,,,0,100,,17970,,,0,100,,17971,,,0,100,,17972,,,0,100,,17973,,,0,100,,17974,,,0,100,,17975,,,0,100,,17976,,,0,100,,17977,,,0,100,,17978,,,0
8200,'236.0.2',608,,17979,,,0,100,,17980,,,0,100,,17981,,,0,100,,17982,,,0,100,,17983,,,0,100,,17984,,,0,100,,17985,,,0,100,,17986,,,0,100,,17987,,,0,100,,17988,,,0,100,,17989,,,0,100,,17990,,,0,100,,17991,,,0,100,,17992,,,0,100,,17993,,,0,100,,17994,,,0
8200,'236.0.3',556,,17995,,,0,64,,17996,,,0,28,,17997,,,0,70,,17998,,,0,30,,17999,,,0,93,,18000,,,0,69,,18001,,,0,100,,18002,,,0,100,,18003,,,0,100,,18004,,,0,100,,18005,,,0,100,,18006,,,0,100,,18007,,,0,430,,18008,,,0,100,,18009,,,0,100,,18010,,,0,100,,18011,,,0
8201,'236.0.1',703,,18012,4,,0,100,,18013,4,,0,100,,18014,4,,0,100,,18015,4,,0,100,,18016,4,,0,100,,18017,4,,0,100,,18018,4,,0,100,,18019,4,,0,100,,18020,4,,0,100,,18021,4,,0,100,,18022,4,,0,100,,18023,4,,0,100,,18024,4,,0,100,,18025,4,,0,100,,18026,4,,0,100,,18027,4,,0,100,,18028,4,,0
8201,'236.0.2',704,,18029,4,,0,100,,18030,4,,0,100,,18031,4,,0,100,,18032,4,,0,100,,18033,4,,0,100,,18034,4,,0,100,,18035,4,,0,100,,18036,4,,0,100,,18037,4,,0,100,,18038,4,,0,100,,18039,4,,0,100,,18040,4,,0,100,,18041,4,,0,100,,18042,4,,0,100,,18043,4,,0,100,,18044,4,,0
8201,'236.0.3',909,,18045,4,,0,100,,18046,4,,0,100,,18047,4,,0,100,,18048,4,,0,100,,18049,4,,0,100,,18050,4,,0,100,,18051,4,,0,101,,18052,4,,0,27,,18053,4,,0,70,,18054,4,,0,30,,18055,4,,0,70,,18056,4,,0,28,,18057,4,,0,75,,18058,4,,0,100,,18059,4,,0,100,,18060,4,,0,100,,18061,4,,0,100,,18062,4,,0
8400,'236.0.1',658,,18164,,,0,100,,18165,,,0,100,,18166,,,0,100,,18167,,,0,100,,18168,,,0,97,,18169,,,0,100,,18170,,,0,100,,18171,,,0,100,,18172,,,0,100,,18173,,,0,100,,18174,,,0,100,,18175,,,0,98,,18176,,,0,105,,18177,,,0,100,,18178,,,0,100,,18179,,,0,100,,18180,,,0
8400,'236.0.2',703,,18181,,,0,100,,18182,,,0,100,,18183,,,0,100,,18184,,,0,100,,18185,,,0,56,,18186,,,0,100,,18187,,,0,100,,18188,,,0,100,,18189,,,0,100,,18190,,,0,144,,18191,,,0,100,,18192,,,0,100,,18193,,,0,100,,18194,,,0,99,,18195,,,0,100,,18196,,,0,100,,18197,,,0
8400,'236.0.3',610,,18228,,,0,30,,18198,,,0,70,,18199,,,0,31,,18200,,,0,71,,18201,,,0,30,,18202,,,0,70,,18203,,,0,100,,18204,,,0,100,,18205,,,0,100,,18206,,,0,100,,18207,,,0,100,,18208,,,0,104,,18209,,,0,30,,18210,,,0,55,,18211,,,0,15,,18212,,,0,15,,18213,,,0,15,,18214,,,0,55,,18215,,,0,15,,18216,,,0,15,,18217,,,0,14,,18218,,,0,55,,18219,,,0,12,,18220,,,0,15,,18229,,,0,15,,18221,,,0,98,,18222,,,0,100,,18223,,,0,100,,18224,,,0,100,,18225,,,0,103,,18226,,,0,103,,18227,,,0
8700,'236.0.1',700,,18515,,,0,30,,18516,,,0,70,,18517,,,0,30,,18518,,,0,70,,18519,,,0,30,,18520,,,0,27,,18521,,,0,70,,18522,,,0,30,,18523,,,0,72,,18524,,,0,30,,18525,,,0,70,,18526,,,0,30,,18527,,,0,70,,18528,,,0,30,,18529,,,0,70,,18530,,,0,29,,18531,,,0,70,,18532,,,0,30,,18533,,,0,71,,18534,,,0,29,,18535,,,0,70,,18536,,,0,30,,18537,,,0,70,,18538,,,0,30,,18539,,,0,142,,18540,,,0,100,,18541,,,0,100,,18542,,,0,100,,18543,,,0,100,,18544,,,0
8700,'236.0.2',702,,18545,,,0,100,,18546,,,0,101,,18547,,,0,100,,18548,,,0,101,,18549,,,0,101,,18550,,,0,99,,18551,,,0,100,,18552,,,0,100,,18553,,,0,100,,18554,,,0,100,,18555,,,0,100,,18556,,,0,99,,18557,,,0,100,,18558,,,0,100,,18559,,,0,100,,18560,,,0,100,,18561,,,0
8700,'236.0.3',706,,18562,,,0,30,,18563,,,0,70,,18564,,,0,30,,18565,,,0,70,,18566,,,0,30,,18567,,,0,70,,18568,,,0,30,,18569,,,0,70,,18570,,,0,30,,18571,,,0,70,,18572,,,0,30,,18573,,,0,70,,18574,,,0,30,,18575,,,0,70,,18576,,,0,30,,18577,,,0,70,,18578,,,0,30,,18579,,,0,76,,18580,,,0,33,,18581,,,0,70,,18582,,,0,27,,18583,,,0,69,,18584,,,0,25,,18585,,,0,87,,18586,,,0,100,,18587,,,0,100,,18588,,,0,100,,18589,,,0,100,,18590,,,0,100,,18591,,,0
8701,'236.0.1',615,,18592,,,0,30,,18593,,,0,70,,18594,,,0,30,,18595,,,0,70,,18596,,,0,30,,18597,,,0,70,,18598,,,0,31,,18599,,,0,70,,18600,,,0,30,,18601,,,0,70,,18602,,,0,31,,18603,,,0,70,,18604,,,0,30,,18605,,,0,70,,18606,,,0,30,,18607,,,0,70,,18608,,,0,30,,18609,,,0,70,,18610,,,0,30,,18611,,,0,70,,18612,,,0,30,,18613,,,0,70,,18614,,,0,30,,18615,,,0,68,,18616,,,0,95,,18617,,,0,100,,18618,,,0,100,,18619,,,0,100,,18620,,,0,100,,18621,,,0
8701,'236.0.2',615,,18622,,,0,100,,18623,,,0,100,,18624,,,0,101,,18625,,,0,100,,18626,,,0,100,,18627,,,0,100,,18628,,,0,101,,18629,,,0,100,,18630,,,0,100,,18631,,,0,100,,18632,,,0,100,,18633,,,0,98,,18634,,,0,100,,18635,,,0,100,,18636,,,0,100,,18637,,,0,100,,18638,,,0,99,,18639,,,0
8701,'236.0.3',637,,18640,,,0,70,,18641,,,0,15,,18642,,,0,30,,18643,,,0,70,,18644,,,0,30,,18645,,,0,70,,18646,,,0,30,,18647,,,0,70,,18648,,,0,30,,18649,,,0,70,,18650,,,0,30,,18651,,,0,70,,18652,,,0,30,,18653,,,0,70,,18654,,,0,30,,18655,,,0,70,,18656,,,0,31,,18657,,,0,70,,18658,,,0,30,,18659,,,0,71,,18660,,,0,30,,18661,,,0,70,,18662,,,0,30,,18663,,,0,68,,18664,,,0,30,,18665,,,0,90,,18666,,,0,100,,18667,,,0,100,,18668,,,0,100,,18669,,,0,100,,18670,,,0
8800,'236.0.1',715,,18671,,,0,100,,18672,,,0,100,,18673,,,0,100,,18674,,,0,100,,18675,,,0,100,,18676,,,0,100,,18677,,,0,100,,18678,,,0,100,,18679,,,0,100,,18680,,,0,100,,18681,,,0,100,,18682,,,0,100,,18683,,,0,100,,18684,,,0,100,,18685,,,0,100,,18686,,,0
8800,'236.0.2',715,,18687,,,0,100,,18688,,,0,100,,18689,,,0,100,,18690,,,0,100,,18691,,,0,100,,18692,,,0,100,,18693,,,0,100,,18694,,,0,100,,18695,,,0,100,,18696,,,0,100,,18697,,,0,100,,18698,,,0,100,,18699,,,0,100,,18700,,,0,100,,18701,,,0
8800,'236.0.3',633,,18702,,,0,100,,18703,,,0,100,,18704,,,0,100,,18705,,,0,100,,18706,,,0,100,,18707,,,0,100,,18708,,,0,100,,18709,,,0,100,,18710,,,0,100,,18711,,,0,100,,18712,,,0,100,,18713,,,0,75,,18714,,,0,40,,18715,,,0,100,,18716,,,0,100,,18717,,,0,100,,18718,,,0
9300,'236.0.3',1604,,19069,4,,0,30,,19070,4,,0,83,,19071,4,,0,22,,19072,4,,0,72,,19073,4,,0,17,,19074,4,,0,30,,19075,4,,0
9301,'236.0.3',559,,19076,,,0,70,,19077,,,0,29,,19078,,,0,68,,19079,,,0,31,,19080,,,0,71,,19081,,,0
18200,'236.0.3',1530,,19229,,,0,15,,19230,,,0,57,,19231,,,0,18,,19232,,,0,14,,19233,,,0,17,,19234,,,0,55,,19235,,,0,13,,19236,,,0,13,,19237,,,0,15,,19238,,,0,11,,19239,,,0,55,,19240,,,0,15,,19242,,,0,14,,19241,,,0,16,,19243,,,0
