300,'220.0.1',705,,1187,,,0,100,,1188,,,0,100,,1189,,,0,30,,1190,,,0,70,,1191,,,0,30,,1192,,,0,70,,1193,,,0,30,,1194,,,0,71,,1195,,,0,32,,1196,,,0,70,,1197,,,0,30,,1198,,,0,70,,1199,,,0,30,,1200,,,0,70,,1201,,,0,30,,1202,,,0,70,,1203,,,0,30,,1204,,,0,70,,1205,,,0,30,,1206,,,0,70,,1207,,,0,30,,1208,,,0,69,,1209,,,0,26,,1210,,,0,69,,1211,,,0,30,,1212,,,0,70,,1213,,,0,30,,1214,,,0,70,,1215,,,0,30,,1216,,,0,70,,1217,,,0,30,,1218,,,0,70,,1219,,,0,30,,1220,,,0,70,,1221,,,0,20,,1222,,,0
300,'220.0.2',645,,1223,,,0,100,,1224,,,0,100,,1225,,,0,70,,1226,,,0,30,,1227,,,0,67,,1228,,,0,20,,1229,,,0,20,,1230,,,0,63,,1231,,,0,24,,1232,,,0,20,,1233,,,0,60,,1234,,,0,20,,1235,,,0,20,,1236,,,0,60,,1237,,,0,20,,1238,,,0,20,,1239,,,0,60,,1240,,,0,20,,1241,,,0,20,,1242,,,0,60,,1243,,,0,20,,1244,,,0,20,,1245,,,0,60,,1246,,,0,20,,1247,,,0,20,,1248,,,0,60,,1249,,,0,20,,1250,,,0,19,,1251,,,0,57,,1252,,,0,17,,1253,,,0,19,,1254,,,0,70,,1255,,,0,30,,1256,,,0,70,,1257,,,0,30,,1258,,,0,70,,1259,,,0,30,,1260,,,0,70,,1261,,,0,23,,1262,,,0,70,,1263,,,0,30,,1264,,,0,70,,1265,,,0,30,,1266,,,0
300,'220.0.3',620,,1267,,,0,30,,1268,,,0,55,,1269,,,0,15,,1270,,,0,17,,1271,,,0,20,,1272,,,0,57,,1273,,,0,19,,1274,,,0,14,,1275,,,0,53,,1276,,,0,14,,1277,,,0,15,,1278,,,0,15,,1279,,,0,15,,1280,,,0,60,,1281,,,0,20,,1282,,,0,20,,1283,,,0,60,,1284,,,0,20,,1285,,,0,20,,1286,,,0,60,,1287,,,0,20,,1288,,,0,20,,1289,,,0,60,,1290,,,0,20,,1291,,,0,20,,1292,,,0,60,,1293,,,0,20,,1294,,,0,20,,1295,,,0,60,,1296,,,0,20,,1297,,,0,12,,1298,,,0,53,,1299,,,0,21,,1300,,,0,15,,1301,,,0,15,,1302,,,0,55,,1303,,,0,15,,1304,,,0,14,,1305,,,0,13,,1306,,,0,53,,1307,,,0,13,,1308,,,0,13,,1309,,,0,13,,1310,,,0,15,,1311,,,0,52,,1312,,,0,7,,1313,,,0,17,,1314,,,0,20,,1315,,,0,60,,1316,,,0,20,,1317,,,0,20,,1318,,,0,60,,1319,,,0,20,,1320,,,0,10,,1321,,,0,70,,1322,,,0,30,,1323,,,0,70,,1324,,,0,30,,1325,,,0,70,,1326,,,0,30,,1327,,,0,70,,1328,,,0
300,'220.0.4',620,,1329,,,0,30,,1330,,,0,55,,1331,,,0,15,,1332,,,0,17,,1333,,,0,20,,1334,,,0,57,,1335,,,0,19,,1336,,,0,14,,1337,,,0,53,,1338,,,0,14,,1339,,,0,15,,1340,,,0,15,,1341,,,0,15,,1342,,,0,60,,1343,,,0,20,,1344,,,0,20,,1345,,,0,60,,1346,,,0,20,,1347,,,0,20,,1348,,,0,60,,1349,,,0,20,,1350,,,0,20,,1351,,,0,60,,1352,,,0,20,,1353,,,0,20,,1354,,,0,60,,1355,,,0,20,,1356,,,0,20,,1357,,,0,60,,1358,,,0,20,,1359,,,0,12,,1360,,,0,53,,1361,,,0,21,,1362,,,0,15,,1363,,,0,15,,1364,,,0,55,,1365,,,0,15,,1366,,,0,14,,1367,,,0,13,,1368,,,0,53,,1369,,,0,13,,1370,,,0,13,,1371,,,0,13,,1372,,,0,15,,1373,,,0,52,,1374,,,0,7,,1375,,,0,17,,1376,,,0,20,,1377,,,0,60,,1378,,,0,20,,1379,,,0,20,,1380,,,0,60,,1381,,,0,20,,1382,,,0,10,,1383,,,0,70,,1384,,,0,30,,1385,,,0,70,,1386,,,0,30,,1387,,,0,70,,1388,,,0,30,,1389,,,0,70,,1390,,,0,30,,1391,,,0,70,,1392,,,0
400,'220.0.1',617,,1597,,,0,100,,1598,,,0,100,,1599,,,0,30,,1600,,,0,70,,1601,,,0,34,,1602,,,0,72,,1603,,,0,30,,1604,,,0,70,,1605,,,0,30,,1606,,,0,70,,1607,,,0,30,,1608,,,0,70,,1609,,,0,30,,1610,,,0,70,,1611,,,0,30,,1612,,,0,70,,1613,,,0,30,,1614,,,0,70,,1615,,,0,30,,1616,,,0,70,,1617,,,0,30,,1618,,,0,70,,1619,,,0,30,,1620,,,0,70,,1621,,,0,30,,1622,,,0,70,,1623,,,0,30,,1624,,,0,67,,1625,,,0,28,,1626,,,0,70,,1627,,,0,100,,1628,,,0,100,,1629,,,0
400,'220.0.2',712,,1630,,,0,30,,1631,,,0,70,,1632,,,0,30,,1633,,,0,70,,1634,,,0,30,,1635,,,0,70,,1636,,,0,30,,1637,,,0,70,,1638,,,0,33,,1639,,,0,72,,1640,,,0,30,,1641,,,0,70,,1642,,,0,30,,1643,,,0,70,,1644,,,0,30,,1645,,,0,70,,1646,,,0,30,,1647,,,0,70,,1648,,,0,30,,1649,,,0,70,,1650,,,0,30,,1651,,,0,67,,1652,,,0,28,,1653,,,0,70,,1654,,,0,30,,1655,,,0,70,,1656,,,0,100,,1657,,,0,100,,1658,,,0,100,,1659,,,0,100,,1660,,,0
400,'220.0.3',628,,1661,,,0,20,,1662,,,0,60,,1663,,,0,20,,1664,,,0,17,,1665,,,0,58,,1666,,,0,15,,1667,,,0,15,,1668,,,0,15,,1669,,,0,55,,1670,,,0,15,,1671,,,0,15,,1672,,,0,15,,1673,,,0,55,,1674,,,0,15,,1675,,,0,15,,1676,,,0,15,,1677,,,0,55,,1678,,,0,15,,1679,,,0,15,,1680,,,0,15,,1681,,,0,57,,1682,,,0,15,,1683,,,0,15,,1684,,,0,15,,1685,,,0,55,,1686,,,0,15,,1687,,,0,15,,1688,,,0,10,,1689,,,0,10,,1690,,,0,50,,1691,,,0,10,,1692,,,0,10,,1693,,,0,10,,1694,,,0,8,,1695,,,0,8,,1696,,,0,49,,1697,,,0,9,,1698,,,0,9,,1699,,,0,8,,1700,,,0,9,,1701,,,0,8,,1702,,,0,8,,1703,,,0,8,,1704,,,0,48,,1705,,,0,8,,1706,,,0,8,,1707,,,0,8,,1708,,,0,8,,1709,,,0,8,,1710,,,0,8,,1711,,,0,48,,1712,,,0,8,,1713,,,0,8,,1714,,,0,16,,1715,,,0,8,,1716,,,0,8,,1717,,,0,8,,1718,,,0,47,,1719,,,0,6,,1720,,,0,8,,1721,,,0,13,,1722,,,0,15,,1723,,,0,55,,1724,,,0,20,,1725,,,0,20,,1726,,,0,60,,1727,,,0,20,,1728,,,0,20,,1729,,,0,60,,1730,,,0,17,,1731,,,0,18,,1732,,,0,20,,1733,,,0,60,,1734,,,0,30,,1735,,,0,70,,1736,,,0,30,,1737,,,0,70,,1738,,,0,30,,1739,,,0,70,,1740,,,0
400,'220.0.4',628,,1741,,,0,20,,1742,,,0,60,,1743,,,0,20,,1744,,,0,17,,1745,,,0,58,,1746,,,0,15,,1747,,,0,15,,1748,,,0,15,,1749,,,0,55,,1750,,,0,15,,1751,,,0,15,,1752,,,0,15,,1753,,,0,55,,1754,,,0,15,,1755,,,0,15,,1756,,,0,15,,1757,,,0,55,,1758,,,0,15,,1759,,,0,15,,1760,,,0,15,,1761,,,0,57,,1762,,,0,15,,1763,,,0,15,,1764,,,0,15,,1765,,,0,55,,1766,,,0,15,,1767,,,0,15,,1768,,,0,10,,1769,,,0,10,,1770,,,0,50,,1771,,,0,10,,1772,,,0,10,,1773,,,0,10,,1774,,,0,8,,1775,,,0,8,,1776,,,0,49,,1777,,,0,9,,1778,,,0,9,,1779,,,0,8,,1780,,,0,9,,1781,,,0,8,,1782,,,0,8,,1783,,,0,8,,1784,,,0,48,,1785,,,0,8,,1786,,,0,8,,1787,,,0,8,,1788,,,0,8,,1789,,,0,8,,1790,,,0,8,,1791,,,0,48,,1792,,,0,8,,1793,,,0,8,,1794,,,0,8,,1795,,,0,8,,1796,,,0,8,,1797,,,0,8,,1798,,,0,8,,1799,,,0,47,,1800,,,0,6,,1801,,,0,8,,1802,,,0,13,,1803,,,0,15,,1804,,,0,55,,1805,,,0,20,,1806,,,0,20,,1807,,,0,60,,1808,,,0,20,,1809,,,0,20,,1810,,,0,60,,1811,,,0,17,,1812,,,0,18,,1813,,,0,20,,1814,,,0,60,,1815,,,0,30,,1816,,,0,70,,1817,,,0,30,,1818,,,0,70,,1819,,,0,30,,1820,,,0,70,,1821,,,0,30,,1822,,,0,70,,1823,,,0
400,'220.1141.3',1727,,1824,,,0
400,'220.1143.3',1727,,1825,,,0
13501,'220.0.3',1549,,8803,,,0,70,,8804,,,0,30,,8805,,,0,70,,8806,,,0,26,,8807,,,0,70,,8808,,,0,26,,8809,,,0
13501,'220.0.4',1549,,8810,,,0,70,,8811,,,0,30,,8812,,,0,70,,8813,,,0,26,,8814,,,0,70,,8815,,,0,26,,8816,,,0
