8200,'236.0.1',628,,4912,34,,,0,100,,4913,34,,,0,100,,4914,34,,,0,100,,4915,34,,,0,100,,4916,34,,,0,100,,4917,34,,,0,100,,4918,34,,,0,100,,4919,34,,,0,100,,4920,34,,,0,100,,4921,34,,,0,100,,4922,34,,,0,100,,4923,34,,,0,100,,4924,34,,,0,100,,4925,34,,,0,100,,4926,34,,,0,100,,4927,34,,,0,100,,4928,34,,,0
8200,'236.0.2',630,,4929,34,,,0,100,,4930,34,,,0,100,,4931,34,,,0,100,,4932,34,,,0,100,,4933,34,,,0,100,,4934,34,,,0,100,,4935,34,,,0,100,,4936,34,,,0,100,,4937,34,,,0,100,,4938,34,,,0,100,,4939,34,,,0,100,,4940,34,,,0,100,,4941,34,,,0,100,,4942,34,,,0,100,,4943,34,,,0,100,,4944,34,,,0
8200,'236.0.3',617,,4945,34,,,0,26,,4946,34,,,0,69,,4947,34,,,0,30,,4948,34,,,0,70,,4949,34,,,0,92,,4950,34,,,0,28,,4951,34,,,0,100,,4952,34,,,0,100,,4953,34,,,0,100,,4954,34,,,0,100,,4955,34,,,0,100,,4956,34,,,0,104,,4957,34,,,0,465,,4958,34,,,0,100,,4959,34,,,0,100,,4960,34,,,0,100,,4961,34,,,0
8400,'236.0.1',710,,5114,33,,,0,100,,5115,33,,,0,100,,5116,33,,,0,100,,5117,33,,,0,102,,5118,33,,,0,97,,5119,33,,,0,100,,5120,33,,,0,100,,5121,33,,,0,100,,5122,33,,,0,100,,5123,33,,,0,100,,5124,33,,,0,100,,5125,33,,,0,97,,5126,33,,,0,105,,5127,33,,,0,100,,5128,33,,,0,100,,5129,33,,,0,100,,5130,33,,,0
8400,'236.0.2',715,,5131,33,,,0,100,,5132,33,,,0,100,,5133,33,,,0,100,,5134,33,,,0,102,,5135,33,,,0,96,,5136,33,,,0,100,,5137,33,,,0,100,,5138,33,,,0,100,,5139,33,,,0,100,,5140,33,,,0,103,,5141,33,,,0,100,,5142,33,,,0,100,,5143,33,,,0,100,,5144,33,,,0,98,,5145,33,,,0,100,,5146,33,,,0,100,,5147,33,,,0
8400,'236.0.3',623,,5178,33,,,0,30,,5148,33,,,0,70,,5149,33,,,0,31,,5150,33,,,0,71,,5151,33,,,0,30,,5152,33,,,0,70,,5153,33,,,0,101,,5154,33,,,0,100,,5155,33,,,0,100,,5156,33,,,0,100,,5157,33,,,0,100,,5158,33,,,0,109,,5159,33,,,0,70,,5160,33,,,0,15,,5161,33,,,0,15,,5162,33,,,0,15,,5163,33,,,0,55,,5164,33,,,0,15,,5165,33,,,0,15,,5166,33,,,0,10,,5167,33,,,0,14,,5168,33,,,0,55,,5169,33,,,0,12,,5170,33,,,0,15,,5179,33,,,0,14,,5171,33,,,0,98,,5172,33,,,0,100,,5173,33,,,0,100,,5174,33,,,0,100,,5175,33,,,0,103,,5176,33,,,0,103,,5177,33,,,0
8501,'236.0.1',636,,5304,22,,,0,100,,5305,22,,,0,101,,5306,22,,,0,101,,5307,22,,,0,101,,5308,22,,,0,102,,5309,22,,,0,100,,5310,22,,,0,100,,5311,22,,,0,100,,5312,22,,,0,98,,5313,22,,,0,100,,5314,22,,,0,100,,5315,22,,,0,99,,5316,22,,,0,99,,5317,22,,,0,99,,5318,22,,,0,100,,5319,22,,,0,100,,5320,22,,,0
8501,'236.0.2',640,,5321,22,,,0,100,,5322,22,,,0,101,,5323,22,,,0,100,,5324,22,,,0,100,,5325,22,,,0,102,,5326,22,,,0,100,,5327,22,,,0,100,,5328,22,,,0,100,,5329,22,,,0,101,,5330,22,,,0,98,,5331,22,,,0,100,,5332,22,,,0,100,,5333,22,,,0,98,,5334,22,,,0,100,,5335,22,,,0,100,,5336,22,,,0
8501,'236.0.3',854,,5337,22,,,0,101,,5338,22,,,0,101,,5339,22,,,0,101,,5340,22,,,0,100,,5341,22,,,0,100,,5342,22,,,0,100,,5343,22,,,0,100,,5344,22,,,0,53,,5345,22,,,0,15,,5346,22,,,0,15,,5347,22,,,0,61,,5348,22,,,0,15,,5349,22,,,0,20,,5350,22,,,0,15,,5351,22,,,0,55,,5352,22,,,0,8,,5353,22,,,0,13,,5360,22,,,0,9,,5354,22,,,0,15,,5361,22,,,0,55,,5355,22,,,0,14,,5362,22,,,0,92,,5356,22,,,0,100,,5357,22,,,0,100,,5358,22,,,0,100,,5359,22,,,0
8601,'236.0.1',646,,5414,21,,,0,100,,5415,21,,,0,100,,5416,21,,,0,101,,5417,21,,,0,100,,5418,21,,,0,100,,5419,21,,,0,100,,5420,21,,,0,101,,5421,21,,,0,100,,5422,21,,,0,100,,5423,21,,,0,99,,5424,21,,,0,100,,5425,21,,,0,100,,5426,21,,,0,100,,5427,21,,,0,100,,5428,21,,,0,100,,5429,21,,,0,100,,5430,21,,,0
8601,'236.0.2',652,,5431,21,,,0,100,,5432,21,,,0,100,,5433,21,,,0,100,,5434,21,,,0,100,,5435,21,,,0,100,,5436,21,,,0,100,,5437,21,,,0,100,,5438,21,,,0,100,,5439,21,,,0,100,,5440,21,,,0,100,,5441,21,,,0,100,,5442,21,,,0,100,,5443,21,,,0,100,,5444,21,,,0,100,,5445,21,,,0,100,,5446,21,,,0
8601,'236.0.3',855,,5447,21,,,0,100,,5448,21,,,0,100,,5449,21,,,0,100,,5450,21,,,0,100,,5451,21,,,0,100,,5452,21,,,0,100,,5453,21,,,0,145,,5454,21,,,0,31,,5455,21,,,0,75,,5456,21,,,0,34,,5457,21,,,0,67,,5458,21,,,0,22,,5459,21,,,0,25,,5460,21,,,0,160,,5461,21,,,0,100,,5462,21,,,0,100,,5463,21,,,0,100,,5464,21,,,0
18200,'236.0.3',1556,,6179,55,,,0,55,,6180,55,,,0,17,,6181,55,,,0,18,,6182,55,,,0,54,,6183,55,,,0,17,,6184,55,,,0,14,,6185,55,,,0,10,,6186,55,,,0,12,,6187,55,,,0,55,,6188,55,,,0,11,,6189,55,,,0,15,,6190,55,,,0,15,,6192,55,,,0,54,,6191,55,,,0,16,,6193,55,,,0
18501,'236.0.3',556,,6234,22,,,0,55,,6244,22,,,0,15,,6235,22,,,0,15,,6236,22,,,0,15,,6237,22,,,0,55,,6243,22,,,0,15,,6238,22,,,0,15,,6239,22,,,0,15,,6240,22,,,0,55,,6241,22,,,0,15,,6242,22,,,0,15,,6245,22,,,0
18601,'236.0.3',604,,6252,21,,,0,30,,6253,21,,,0,70,,6254,21,,,0,30,,6255,21,,,0,70,,6256,21,,,0,30,,6257,21,,,0
