401,'220.0.1',611,,1826,,,0,100,,1827,,,0,100,,1828,,,0,30,,1829,,,0,70,,1830,,,0,30,,1831,,,0,70,,1832,,,0,30,,1833,,,0,73,,1834,,,0,30,,1835,,,0,70,,1836,,,0,30,,1837,,,0,70,,1838,,,0,30,,1839,,,0,70,,1840,,,0,30,,1841,,,0,70,,1842,,,0,30,,1843,,,0,70,,1844,,,0,30,,1845,,,0,70,,1846,,,0,30,,1847,,,0,68,,1848,,,0,30,,1849,,,0,70,,1850,,,0,30,,1851,,,0,70,,1852,,,0,30,,1853,,,0,70,,1854,,,0,30,,1855,,,0,68,,1856,,,0,100,,1857,,,0,100,,1858,,,0
401,'220.0.2',711,,1859,,,0,30,,1860,,,0,70,,1861,,,0,30,,1862,,,0,70,,1863,,,0,30,,1864,,,0,70,,1865,,,0,30,,1866,,,0,69,,1867,,,0,30,,1868,,,0,70,,1869,,,0,30,,1870,,,0,70,,1871,,,0,30,,1872,,,0,70,,1873,,,0,30,,1874,,,0,70,,1875,,,0,30,,1876,,,0,70,,1877,,,0,30,,1878,,,0,70,,1879,,,0,30,,1880,,,0,70,,1881,,,0,30,,1882,,,0,70,,1883,,,0,32,,1884,,,0,68,,1885,,,0,100,,1886,,,0,100,,1887,,,0,100,,1888,,,0,100,,1889,,,0
401,'220.0.3',552,,1890,,,0,55,,1891,,,0,15,,1892,,,0,15,,1893,,,0,15,,1894,,,0,57,,1895,,,0,8,,1896,,,0,8,,1897,,,0,8,,1898,,,0,8,,1899,,,0,8,,1900,,,0,8,,1901,,,0,48,,1902,,,0,8,,1903,,,0,8,,1904,,,0,8,,1905,,,0,8,,1906,,,0,8,,1907,,,0,8,,1908,,,0,48,,1909,,,0,8,,1910,,,0,8,,1911,,,0,8,,1912,,,0,8,,1913,,,0,8,,1914,,,0,8,,1915,,,0,8,,1916,,,0,48,,1917,,,0,8,,1918,,,0,11,,1919,,,0,15,,1920,,,0,15,,1921,,,0,55,,1922,,,0,15,,1923,,,0,15,,1924,,,0,15,,1925,,,0,55,,1926,,,0,15,,1927,,,0,15,,1928,,,0,15,,1929,,,0,55,,1930,,,0,15,,1931,,,0,15,,1932,,,0,15,,1933,,,0,55,,1934,,,0,15,,1935,,,0,15,,1936,,,0,15,,1937,,,0,55,,1938,,,0,15,,1939,,,0,15,,1940,,,0,15,,1941,,,0,55,,1942,,,0,15,,1943,,,0,15,,1944,,,0,15,,1945,,,0,55,,1946,,,0,15,,1947,,,0,15,,1948,,,0,15,,1949,,,0,53,,1950,,,0,15,,1951,,,0,15,,1952,,,0,20,,1953,,,0,60,,1954,,,0,20,,1955,,,0,20,,1956,,,0,60,,1957,,,0,20,,1958,,,0,20,,1959,,,0,60,,1960,,,0,20,,1961,,,0,20,,1962,,,0,68,,1963,,,0,30,,1964,,,0,70,,1965,,,0,30,,1966,,,0,70,,1967,,,0,30,,1968,,,0
401,'220.0.4',552,,1969,,,0,55,,1970,,,0,15,,1971,,,0,15,,1972,,,0,15,,1973,,,0,57,,1974,,,0,8,,1975,,,0,8,,1976,,,0,8,,1977,,,0,8,,1978,,,0,8,,1979,,,0,8,,1980,,,0,48,,1981,,,0,8,,1982,,,0,8,,1983,,,0,8,,1984,,,0,8,,1985,,,0,8,,1986,,,0,8,,1987,,,0,48,,1988,,,0,8,,1989,,,0,8,,1990,,,0,8,,1991,,,0,8,,1992,,,0,8,,1993,,,0,8,,1994,,,0,8,,1995,,,0,48,,1996,,,0,8,,1997,,,0,11,,1998,,,0,15,,1999,,,0,15,,2000,,,0,55,,2001,,,0,15,,2002,,,0,15,,2003,,,0,15,,2004,,,0,55,,2005,,,0,15,,2006,,,0,15,,2007,,,0,15,,2008,,,0,55,,2009,,,0,15,,2010,,,0,15,,2011,,,0,15,,2012,,,0,55,,2013,,,0,15,,2014,,,0,15,,2015,,,0,15,,2016,,,0,55,,2017,,,0,15,,2018,,,0,15,,2019,,,0,15,,2020,,,0,55,,2021,,,0,15,,2022,,,0,15,,2023,,,0,15,,2024,,,0,55,,2025,,,0,15,,2026,,,0,15,,2027,,,0,15,,2028,,,0,53,,2029,,,0,15,,2030,,,0,15,,2031,,,0,20,,2032,,,0,60,,2033,,,0,20,,2034,,,0,20,,2035,,,0,60,,2036,,,0,20,,2037,,,0,20,,2038,,,0,60,,2039,,,0,20,,2040,,,0,20,,2041,,,0,68,,2042,,,0,30,,2043,,,0,70,,2044,,,0,30,,2045,,,0,70,,2046,,,0,30,,2047,,,0,70,,2048,,,0,30,,2049,,,0
13500,'220.0.3',640,,8788,,,0,70,,8789,,,0,28,,8790,,,0,15,,8791,,,0,55,,8792,,,0,15,,8793,,,0
13500,'220.0.4',640,,8794,,,0,70,,8795,,,0,13,,8796,,,0,15,,8797,,,0,15,,8798,,,0,55,,8799,,,0,15,,8800,,,0
13500,'220.1141.3',723,,8801,,,0
13500,'220.1143.3',723,,8802,,,0
13600,'220.0.3',632,,8817,,,0,27,,8818,,,0,55,,8819,,,0,14,,8820,,,0,15,,8821,,,0,16,,8822,,,0,49,,8823,,,0,19,,8824,,,0
13600,'220.0.4',632,,8825,,,0,27,,8826,,,0,55,,8827,,,0,14,,8828,,,0,15,,8829,,,0,16,,8830,,,0,49,,8831,,,0,19,,8832,,,0
13800,'220.0.3',621,,8873,,,0,29,,8874,,,0,54,,8875,,,0,14,,8876,,,0,30,,8877,,,0,5,,8878,,,0,64,,8879,,,0
13800,'220.0.4',621,,8880,,,0,29,,8881,,,0,54,,8882,,,0,14,,8883,,,0,30,,8884,,,0,5,,8885,,,0,64,,8886,,,0
