300,'220.0.1',659,,1187,,,0,100,,1188,,,0,100,,1189,,,0,70,,1190,,,0,30,,1191,,,0,70,,1192,,,0,30,,1193,,,0,70,,1194,,,0,30,,1195,,,0,71,,1196,,,0,70,,1197,,,0,30,,1198,,,0,70,,1199,,,0,30,,1200,,,0,70,,1201,,,0,30,,1202,,,0,70,,1203,,,0,30,,1204,,,0,70,,1205,,,0,30,,1206,,,0,70,,1207,,,0,30,,1208,,,0,70,,1209,,,0,27,,1210,,,0,29,,1211,,,0,70,,1212,,,0,30,,1213,,,0,70,,1214,,,0,30,,1215,,,0,70,,1216,,,0,30,,1217,,,0,70,,1218,,,0,30,,1219,,,0,70,,1220,,,0,30,,1221,,,0,60,,1222,,,0
300,'220.0.2',639,,1223,,,0,100,,1224,,,0,100,,1225,,,0,70,,1226,,,0,30,,1227,,,0,67,,1228,,,0,20,,1229,,,0,20,,1230,,,0,61,,1231,,,0,24,,1232,,,0,20,,1233,,,0,60,,1234,,,0,20,,1235,,,0,20,,1236,,,0,60,,1237,,,0,20,,1238,,,0,20,,1239,,,0,60,,1240,,,0,20,,1241,,,0,20,,1242,,,0,60,,1243,,,0,20,,1244,,,0,20,,1245,,,0,60,,1246,,,0,20,,1247,,,0,20,,1248,,,0,60,,1249,,,0,20,,1250,,,0,20,,1251,,,0,58,,1252,,,0,17,,1253,,,0,19,,1254,,,0,70,,1255,,,0,30,,1256,,,0,70,,1257,,,0,30,,1258,,,0,70,,1259,,,0,30,,1260,,,0,70,,1261,,,0,23,,1262,,,0,70,,1263,,,0,30,,1264,,,0,70,,1265,,,0,30,,1266,,,0
300,'220.0.3',613,,1267,,,0,30,,1268,,,0,15,,1269,,,0,55,,1270,,,0,15,,1271,,,0,20,,1272,,,0,57,,1273,,,0,19,,1274,,,0,15,,1275,,,0,13,,1276,,,0,54,,1277,,,0,15,,1278,,,0,15,,1279,,,0,15,,1280,,,0,60,,1281,,,0,20,,1282,,,0,20,,1283,,,0,60,,1284,,,0,20,,1285,,,0,20,,1286,,,0,60,,1287,,,0,20,,1288,,,0,20,,1289,,,0,60,,1290,,,0,20,,1291,,,0,20,,1292,,,0,60,,1293,,,0,20,,1294,,,0,20,,1295,,,0,60,,1296,,,0,20,,1297,,,0,10,,1298,,,0,13,,1299,,,0,61,,1300,,,0,15,,1301,,,0,15,,1302,,,0,55,,1303,,,0,15,,1304,,,0,15,,1305,,,0,14,,1306,,,0,13,,1307,,,0,53,,1308,,,0,13,,1309,,,0,13,,1310,,,0,15,,1311,,,0,54,,1312,,,0,7,,1313,,,0,17,,1314,,,0,20,,1315,,,0,60,,1316,,,0,20,,1317,,,0,20,,1318,,,0,60,,1319,,,0,20,,1320,,,0,10,,1321,,,0,70,,1322,,,0,30,,1323,,,0,70,,1324,,,0,30,,1325,,,0,70,,1326,,,0,30,,1327,,,0,70,,1328,,,0
300,'220.0.4',613,,1329,,,0,30,,1330,,,0,15,,1331,,,0,55,,1332,,,0,15,,1333,,,0,20,,1334,,,0,57,,1335,,,0,19,,1336,,,0,15,,1337,,,0,13,,1338,,,0,54,,1339,,,0,15,,1340,,,0,15,,1341,,,0,15,,1342,,,0,60,,1343,,,0,20,,1344,,,0,20,,1345,,,0,60,,1346,,,0,20,,1347,,,0,20,,1348,,,0,60,,1349,,,0,20,,1350,,,0,20,,1351,,,0,60,,1352,,,0,20,,1353,,,0,20,,1354,,,0,60,,1355,,,0,20,,1356,,,0,20,,1357,,,0,60,,1358,,,0,20,,1359,,,0,10,,1360,,,0,13,,1361,,,0,61,,1362,,,0,15,,1363,,,0,15,,1364,,,0,55,,1365,,,0,15,,1366,,,0,15,,1367,,,0,14,,1368,,,0,13,,1369,,,0,53,,1370,,,0,13,,1371,,,0,13,,1372,,,0,15,,1373,,,0,54,,1374,,,0,7,,1375,,,0,17,,1376,,,0,20,,1377,,,0,60,,1378,,,0,20,,1379,,,0,20,,1380,,,0,60,,1381,,,0,20,,1382,,,0,10,,1383,,,0,70,,1384,,,0,30,,1385,,,0,70,,1386,,,0,30,,1387,,,0,70,,1388,,,0,30,,1389,,,0,70,,1390,,,0,30,,1391,,,0,70,,1392,,,0
2801,'220.0.1',730,,3977,,,0,70,,3978,,,0,30,,3979,,,0,71,,3980,,,0,30,,3981,,,0,70,,3982,,,0,30,,3983,,,0,70,,3984,,,0,33,,3985,,,0,71,,3986,,,0,30,,3987,,,0,70,,3988,,,0,30,,3989,,,0,70,,3990,,,0,30,,3991,,,0,70,,3992,,,0,30,,3993,,,0,70,,3994,,,0,30,,3995,,,0,70,,3996,,,0,30,,3997,,,0,70,,3998,,,0,26,,3999,,,0,69,,4000,,,0,30,,4001,,,0,70,,4002,,,0,30,,4003,,,0,70,,4004,,,0,30,,4005,,,0,70,,4006,,,0,30,,4007,,,0,70,,4008,,,0,30,,4009,,,0,70,,4010,,,0,30,,4011,,,0
2801,'220.0.2',719,,4012,,,0,100,,4013,,,0,100,,4014,,,0,101,,4015,,,0,104,,4016,,,0,100,,4017,,,0,100,,4018,,,0,100,,4019,,,0,100,,4020,,,0,100,,4021,,,0,100,,4022,,,0,98,,4023,,,0,100,,4024,,,0,100,,4025,,,0,100,,4026,,,0,100,,4027,,,0,100,,4028,,,0
2801,'220.0.3',639,,4029,,,0,70,,4030,,,0,33,,4031,,,0,70,,4032,,,0,30,,4033,,,0,70,,4034,,,0,29,,4035,,,0,65,,4036,,,0,30,,4037,,,0,70,,4038,,,0,33,,4039,,,0,70,,4040,,,0,30,,4041,,,0,70,,4042,,,0,30,,4043,,,0,70,,4044,,,0,30,,4045,,,0,70,,4046,,,0,36,,4047,,,0,70,,4048,,,0,30,,4049,,,0,70,,4050,,,0,30,,4051,,,0,69,,4052,,,0,26,,4053,,,0,70,,4054,,,0,30,,4055,,,0,70,,4056,,,0,100,,4057,,,0,100,,4058,,,0,100,,4059,,,0,100,,4060,,,0
2801,'220.0.4',639,,4061,,,0,70,,4062,,,0,33,,4063,,,0,70,,4064,,,0,30,,4065,,,0,70,,4066,,,0,29,,4067,,,0,65,,4068,,,0,30,,4069,,,0,70,,4070,,,0,33,,4071,,,0,70,,4072,,,0,30,,4073,,,0,70,,4074,,,0,30,,4075,,,0,70,,4076,,,0,30,,4077,,,0,70,,4078,,,0,36,,4079,,,0,70,,4080,,,0,30,,4081,,,0,70,,4082,,,0,30,,4083,,,0,69,,4084,,,0,26,,4085,,,0,70,,4086,,,0,30,,4087,,,0,70,,4088,,,0,100,,4089,,,0,100,,4090,,,0,100,,4091,,,0,100,,4092,,,0,100,,4093,,,0,100,,4094,,,0
2901,'220.0.1',704,,4261,,,0,30,,4262,,,0,70,,4263,,,0,30,,4264,,,0,70,,4265,,,0,30,,4266,,,0,70,,4267,,,0,31,,4268,,,0,73,,4269,,,0,28,,4270,,,0,70,,4271,,,0,30,,4272,,,0,70,,4273,,,0,30,,4274,,,0,70,,4275,,,0,30,,4276,,,0,67,,4277,,,0,33,,4278,,,0,70,,4279,,,0,30,,4280,,,0,70,,4281,,,0,30,,4282,,,0,70,,4283,,,0,30,,4284,,,0,67,,4285,,,0,31,,4286,,,0,68,,4287,,,0,100,,4288,,,0,100,,4289,,,0,100,,4290,,,0,100,,4291,,,0,41,,4292,,,0
2901,'220.0.2',701,,4293,,,0,30,,4294,,,0,70,,4295,,,0,30,,4296,,,0,70,,4297,,,0,30,,4298,,,0,71,,4299,,,0,32,,4300,,,0,69,,4301,,,0,30,,4302,,,0,70,,4303,,,0,30,,4304,,,0,70,,4305,,,0,30,,4306,,,0,70,,4307,,,0,30,,4308,,,0,70,,4309,,,0,30,,4310,,,0,70,,4311,,,0,30,,4312,,,0,70,,4313,,,0,30,,4314,,,0,70,,4315,,,0,30,,4316,,,0,70,,4317,,,0,98,,4318,,,0,100,,4319,,,0,100,,4320,,,0,100,,4321,,,0,100,,4322,,,0,43,,4323,,,0
2901,'220.0.3',650,,4324,,,0,55,,4325,,,0,17,,4326,,,0,17,,4327,,,0,15,,4328,,,0,55,,4329,,,0,15,,4330,,,0,15,,4331,,,0,13,,4332,,,0,54,,4333,,,0,15,,4334,,,0,28,,4335,,,0,70,,4336,,,0,30,,4337,,,0,70,,4338,,,0,30,,4339,,,0,70,,4340,,,0,30,,4341,,,0,70,,4342,,,0,30,,4343,,,0,71,,4344,,,0,35,,4345,,,0,72,,4346,,,0,30,,4347,,,0,55,,4348,,,0,15,,4349,,,0,15,,4350,,,0,15,,4351,,,0,52,,4352,,,0,15,,4353,,,0,15,,4354,,,0,11,,4355,,,0,53,,4356,,,0,15,,4357,,,0,15,,4358,,,0,15,,4359,,,0,55,,4360,,,0,15,,4361,,,0,30,,4362,,,0,70,,4363,,,0,30,,4364,,,0,70,,4365,,,0,30,,4366,,,0,70,,4367,,,0,30,,4368,,,0,100,,4369,,,0,94,,4370,,,0
2901,'220.0.4',650,,4371,,,0,55,,4372,,,0,17,,4373,,,0,17,,4374,,,0,15,,4375,,,0,55,,4376,,,0,15,,4377,,,0,15,,4378,,,0,13,,4379,,,0,54,,4380,,,0,15,,4381,,,0,28,,4382,,,0,70,,4383,,,0,30,,4384,,,0,70,,4385,,,0,30,,4386,,,0,70,,4387,,,0,30,,4388,,,0,70,,4389,,,0,30,,4390,,,0,71,,4391,,,0,35,,4392,,,0,72,,4393,,,0,30,,4394,,,0,55,,4395,,,0,15,,4396,,,0,15,,4397,,,0,15,,4398,,,0,52,,4399,,,0,15,,4400,,,0,15,,4401,,,0,11,,4402,,,0,53,,4403,,,0,15,,4404,,,0,15,,4405,,,0,15,,4406,,,0,55,,4407,,,0,15,,4408,,,0,30,,4409,,,0,70,,4410,,,0,30,,4411,,,0,70,,4412,,,0,30,,4413,,,0,70,,4414,,,0,30,,4415,,,0,100,,4416,,,0,94,,4417,,,0,100,,4418,,,0,100,,4419,,,0
