2901,'236.0.1',642,,2968,21,,,0,70,,2969,21,,,0,30,,2970,21,,,0,70,,2971,21,,,0,30,,2972,21,,,0,70,,2973,21,,,0,30,,2974,21,,,0,70,,2975,21,,,0,33,,2976,21,,,0,68,,2977,21,,,0,30,,2978,21,,,0,70,,2979,21,,,0,30,,2980,21,,,0,70,,2981,21,,,0,30,,2982,21,,,0,70,,2983,21,,,0,30,,2984,21,,,0,70,,2985,21,,,0,30,,2986,21,,,0,70,,2987,21,,,0,30,,2988,21,,,0,70,,2989,21,,,0,30,,2990,21,,,0,70,,2991,21,,,0,30,,2992,21,,,0,70,,2993,21,,,0,29,,2994,21,,,0,100,,2995,21,,,0,100,,2996,21,,,0,100,,2997,21,,,0,100,,2998,21,,,0,81,,2999,21,,,0
2901,'236.0.2',640,,3000,21,,,0,70,,3001,21,,,0,30,,3002,21,,,0,70,,3003,21,,,0,30,,3004,21,,,0,70,,3005,21,,,0,30,,3006,21,,,0,72,,3007,21,,,0,29,,3008,21,,,0,70,,3009,21,,,0,30,,3010,21,,,0,70,,3011,21,,,0,30,,3012,21,,,0,70,,3013,21,,,0,30,,3014,21,,,0,70,,3015,21,,,0,30,,3016,21,,,0,70,,3017,21,,,0,30,,3018,21,,,0,70,,3019,21,,,0,30,,3020,21,,,0,70,,3021,21,,,0,30,,3022,21,,,0,70,,3023,21,,,0,30,,3024,21,,,0,99,,3025,21,,,0,100,,3026,21,,,0,100,,3027,21,,,0,100,,3028,21,,,0,100,,3029,21,,,0,83,,3030,21,,,0
2901,'236.0.3',626,,3031,21,,,0,15,,3032,21,,,0,15,,3033,21,,,0,55,,3034,21,,,0,15,,3035,21,,,0,15,,3036,21,,,0,15,,3037,21,,,0,55,,3038,21,,,0,15,,3039,21,,,0,14,,3040,21,,,0,16,,3041,21,,,0,70,,3042,21,,,0,30,,3043,21,,,0,70,,3044,21,,,0,30,,3045,21,,,0,70,,3046,21,,,0,30,,3047,21,,,0,70,,3048,21,,,0,30,,3049,21,,,0,70,,3050,21,,,0,30,,3051,21,,,0,70,,3052,21,,,0,31,,3053,21,,,0,70,,3054,21,,,0,15,,3055,21,,,0,15,,3056,21,,,0,55,,3057,21,,,0,15,,3058,21,,,0,15,,3059,21,,,0,15,,3060,21,,,0,55,,3061,21,,,0,15,,3062,21,,,0,14,,3063,21,,,0,15,,3064,21,,,0,55,,3065,21,,,0,15,,3066,21,,,0,15,,3067,21,,,0,15,,3068,21,,,0,70,,3069,21,,,0,30,,3070,21,,,0,70,,3071,21,,,0,30,,3072,21,,,0,70,,3073,21,,,0,30,,3074,21,,,0,70,,3075,21,,,0,100,,3076,21,,,0,94,,3077,21,,,0
8400,'236.0.1',633,,5114,6,,,0,100,,5115,6,,,0,100,,5116,6,,,0,100,,5117,6,,,0,100,,5118,6,,,0,95,,5119,6,,,0,100,,5120,6,,,0,100,,5121,6,,,0,100,,5122,6,,,0,100,,5123,6,,,0,100,,5124,6,,,0,100,,5125,6,,,0,100,,5126,6,,,0,105,,5127,6,,,0,100,,5128,6,,,0,100,,5129,6,,,0,100,,5130,6,,,0
8400,'236.0.2',638,,5131,6,,,0,100,,5132,6,,,0,100,,5133,6,,,0,100,,5134,6,,,0,100,,5135,6,,,0,95,,5136,6,,,0,100,,5137,6,,,0,100,,5138,6,,,0,100,,5139,6,,,0,100,,5140,6,,,0,105,,5141,6,,,0,100,,5142,6,,,0,100,,5143,6,,,0,100,,5144,6,,,0,100,,5145,6,,,0,100,,5146,6,,,0,100,,5147,6,,,0
8400,'236.0.3',543,,5178,6,,,0,70,,5148,6,,,0,30,,5149,6,,,0,70,,5150,6,,,0,31,,5151,6,,,0,70,,5152,6,,,0,30,,5153,6,,,0,100,,5154,6,,,0,100,,5155,6,,,0,100,,5156,6,,,0,100,,5157,6,,,0,100,,5158,6,,,0,100,,5159,6,,,0,70,,5160,6,,,0,15,,5161,6,,,0,15,,5162,6,,,0,15,,5163,6,,,0,55,,5164,6,,,0,15,,5165,6,,,0,15,,5166,6,,,0,15,,5167,6,,,0,55,,5168,6,,,0,15,,5169,6,,,0,15,,5170,6,,,0,15,,5179,6,,,0,55,,5171,6,,,0,99,,5172,6,,,0,100,,5173,6,,,0,100,,5174,6,,,0,100,,5175,6,,,0,103,,5176,6,,,0,103,,5177,6,,,0
9300,'236.0.3',1522,,6019,6,,,0,26,,6020,6,,,0,77,,6021,6,,,0,23,,6022,6,,,0,78,,6023,6,,,0,22,,6024,6,,,0,72,,6025,6,,,0
13601,'236.0.3',1520,,6095,11,,,0,30,,6096,11,,,0,71,,6097,11,,,0,15,,6098,11,,,0,15,,6099,11,,,0,69,,6100,11,,,0,29,,6101,11,,,0,70,,6102,11,,,0
13701,'236.0.3',1541,,6109,11,,,0,70,,6110,11,,,0,30,,6111,11,,,0,70,,6112,11,,,0,29,,6113,11,,,0,70,,6114,11,,,0
18200,'236.0.3',1503,,6179,9,,,0,15,,6180,9,,,0,15,,6181,9,,,0,15,,6182,9,,,0,55,,6183,9,,,0,16,,6184,9,,,0,15,,6185,9,,,0,15,,6186,9,,,0,54,,6187,9,,,0,15,,6188,9,,,0,14,,6189,9,,,0,15,,6190,9,,,0,55,,6192,9,,,0,14,,6191,9,,,0,16,,6193,9,,,0
18300,'236.0.3',1507,,6207,9,,,0,30,,6208,9,,,0,73,,6209,9,,,0,31,,6210,9,,,0,67,,6211,9,,,0,27,,6212,9,,,0,69,,6213,9,,,0
18500,'236.0.3',1515,,6220,9,,,0,15,,6221,9,,,0,15,,6222,9,,,0,57,,6223,9,,,0,15,,6224,9,,,0,17,,6225,9,,,0,15,,6226,9,,,0,55,,6227,9,,,0,10,,6228,9,,,0,13,,6231,9,,,0,15,,6229,9,,,0,15,,6232,9,,,0,55,,6230,9,,,0,15,,6233,9,,,0
18600,'236.0.3',1522,,6246,9,,,0,31,,6247,9,,,0,72,,6248,9,,,0,30,,6251,9,,,0,66,,6249,9,,,0,28,,6250,9,,,0
