801,'236.0.1',551,,1843,45,,,0,70,,1844,45,,,0,30,,1845,45,,,0,70,,1846,45,,,0,30,,1847,45,,,0,73,,1848,45,,,0,30,,1849,45,,,0,70,,1850,45,,,0,30,,1851,45,,,0,74,,1852,45,,,0,30,,1853,45,,,0,70,,1854,45,,,0,30,,1855,45,,,0,70,,1856,45,,,0,31,,1857,45,,,0,71,,1858,45,,,0,70,,1859,45,,,0,30,,1860,45,,,0,70,,1861,45,,,0,30,,1862,45,,,0,70,,1863,45,,,0,30,,1864,45,,,0,70,,1865,45,,,0,30,,1866,45,,,0,28,,1867,45,,,0,69,,1868,45,,,0,30,,1869,45,,,0,70,,1870,45,,,0,25,,1871,45,,,0,69,,1872,45,,,0,30,,1873,45,,,0,70,,1874,45,,,0,30,,1875,45,,,0,70,,1876,45,,,0,30,,1877,45,,,0,70,,1878,45,,,0,30,,1879,45,,,0,100,,1880,45,,,0
801,'236.0.2',556,,1881,45,,,0,70,,1882,45,,,0,30,,1883,45,,,0,70,,1884,45,,,0,30,,1885,45,,,0,70,,1886,45,,,0,30,,1887,45,,,0,74,,1888,45,,,0,70,,1889,45,,,0,30,,1890,45,,,0,70,,1891,45,,,0,30,,1892,45,,,0,70,,1893,45,,,0,30,,1894,45,,,0,70,,1895,45,,,0,30,,1896,45,,,0,70,,1897,45,,,0,30,,1898,45,,,0,70,,1899,45,,,0,30,,1900,45,,,0,70,,1901,45,,,0,30,,1902,45,,,0,70,,1903,45,,,0,30,,1904,45,,,0,70,,1905,45,,,0,28,,1906,45,,,0,30,,1907,45,,,0,70,,1908,45,,,0,30,,1909,45,,,0,70,,1910,45,,,0,30,,1911,45,,,0,68,,1912,45,,,0,30,,1913,45,,,0,70,,1914,45,,,0,100,,1915,45,,,0,100,,1916,45,,,0
801,'236.0.3',541,,1917,45,,,0,70,,1918,45,,,0,30,,1919,45,,,0,60,,1920,45,,,0,23,,1921,45,,,0,20,,1922,45,,,0,60,,1923,45,,,0,20,,1924,45,,,0,20,,1925,45,,,0,60,,1926,45,,,0,17,,1927,45,,,0,20,,1928,45,,,0,60,,1929,45,,,0,20,,1930,45,,,0,20,,1931,45,,,0,60,,1932,45,,,0,20,,1933,45,,,0,20,,1934,45,,,0,60,,1935,45,,,0,20,,1936,45,,,0,20,,1937,45,,,0,60,,1938,45,,,0,20,,1939,45,,,0,20,,1940,45,,,0,60,,1941,45,,,0,20,,1942,45,,,0,20,,1943,45,,,0,60,,1944,45,,,0,23,,1945,45,,,0,33,,1946,45,,,0,70,,1947,45,,,0,30,,1948,45,,,0,70,,1949,45,,,0,30,,1950,45,,,0,65,,1951,45,,,0,28,,1952,45,,,0,70,,1953,45,,,0,30,,1954,45,,,0,70,,1955,45,,,0,30,,1956,45,,,0,68,,1957,45,,,0,29,,1958,45,,,0,70,,1959,45,,,0,30,,1960,45,,,0,70,,1961,45,,,0,30,,1962,45,,,0,70,,1963,45,,,0,30,,1964,45,,,0
9001,'236.0.1',615,,5813,31,,,0,30,,5814,31,,,0,70,,5815,31,,,0,25,,5816,31,,,0,70,,5817,31,,,0,30,,5818,31,,,0,70,,5819,31,,,0,25,,5820,31,,,0,71,,5821,31,,,0,31,,5822,31,,,0,70,,5823,31,,,0,30,,5824,31,,,0,70,,5825,31,,,0,30,,5826,31,,,0,70,,5827,31,,,0,30,,5828,31,,,0,70,,5829,31,,,0,30,,5830,31,,,0,70,,5831,31,,,0,30,,5832,31,,,0,70,,5833,31,,,0,30,,5834,31,,,0,70,,5835,31,,,0,35,,5836,31,,,0,69,,5837,31,,,0,29,,5838,31,,,0,70,,5839,31,,,0,30,,5840,31,,,0,70,,5841,31,,,0,100,,5842,31,,,0,100,,5843,31,,,0,100,,5844,31,,,0,100,,5845,31,,,0
9001,'236.0.2',603,,5846,31,,,0,100,,5847,31,,,0,100,,5848,31,,,0,100,,5849,31,,,0,55,,5850,31,,,0,142,,5851,31,,,0,100,,5852,31,,,0,102,,5853,31,,,0,100,,5854,31,,,0,98,,5855,31,,,0,100,,5856,31,,,0,100,,5857,31,,,0,59,,5858,31,,,0,143,,5859,31,,,0,105,,5860,31,,,0,98,,5861,31,,,0,100,,5862,31,,,0,99,,5863,31,,,0
9001,'236.0.3',547,,5864,31,,,0,70,,5865,31,,,0,30,,5866,31,,,0,59,,5898,31,,,0,13,,5867,31,,,0,15,,5899,31,,,0,10,,5868,31,,,0,15,,5900,31,,,0,55,,5869,31,,,0,17,,5901,31,,,0,13,,5870,31,,,0,15,,5902,31,,,0,55,,5871,31,,,0,30,,5872,31,,,0,65,,5873,31,,,0,30,,5874,31,,,0,70,,5875,31,,,0,30,,5876,31,,,0,70,,5877,31,,,0,30,,5878,31,,,0,70,,5879,31,,,0,30,,5880,31,,,0,70,,5881,31,,,0,30,,5882,31,,,0,70,,5883,31,,,0,33,,5884,31,,,0,61,,5903,31,,,0,22,,5885,31,,,0,8,,5904,31,,,0,25,,5886,31,,,0,55,,5905,31,,,0,15,,5887,31,,,0,15,,5906,31,,,0,12,,5888,31,,,0,53,,5907,31,,,0,13,,5889,31,,,0,12,,5908,31,,,0,13,,5890,31,,,0,12,,5909,31,,,0,53,,5891,31,,,0,30,,5892,31,,,0,70,,5893,31,,,0,30,,5894,31,,,0,100,,5895,31,,,0,100,,5896,31,,,0,100,,5897,31,,,0
9101,'236.0.1',809,,5964,34,,,0,100,,5965,34,,,0,100,,5966,34,,,0,100,,5967,34,,,0,100,,5968,34,,,0,100,,5969,34,,,0,100,,5970,34,,,0,100,,5971,34,,,0,100,,5972,34,,,0,100,,5973,34,,,0,100,,5974,34,,,0,100,,5975,34,,,0,100,,5976,34,,,0,100,,5977,34,,,0,100,,5978,34,,,0,100,,5979,34,,,0
9101,'236.0.2',838,,5980,34,,,0,100,,5981,34,,,0,100,,5982,34,,,0,100,,5983,34,,,0,100,,5984,34,,,0,100,,5985,34,,,0,100,,5986,34,,,0,100,,5987,34,,,0,100,,5988,34,,,0,100,,5989,34,,,0,100,,5990,34,,,0,100,,5991,34,,,0,100,,5992,34,,,0,100,,5993,34,,,0,100,,5994,34,,,0
9101,'236.0.3',613,,5995,34,,,0,30,,5996,34,,,0,76,,5997,34,,,0,24,,5998,34,,,0,70,,5999,34,,,0,37,,6000,34,,,0,67,,6001,34,,,0,29,,6002,34,,,0,100,,6003,34,,,0,103,,6004,34,,,0,100,,6005,34,,,0,99,,6006,34,,,0,108,,6007,34,,,0,101,,6008,34,,,0,71,,6009,34,,,0,30,,6010,34,,,0,72,,6011,34,,,0,70,,6012,34,,,0,25,,6013,34,,,0,94,,6014,34,,,0,100,,6015,34,,,0,100,,6016,34,,,0,100,,6017,34,,,0,100,,6018,34,,,0
9301,'236.0.3',618,,6026,31,,,0,30,,6027,31,,,0,70,,6028,31,,,0,30,,6029,31,,,0,71,,6030,31,,,0,30,,6031,31,,,0
