201,'220.0.1',600,,955,,,0,100,,956,,,0,100,,957,,,0,15,,958,,,0,15,,959,,,0,15,,960,,,0,55,,961,,,0,15,,962,,,0,15,,963,,,0,15,,964,,,0,56,,965,,,0,15,,966,,,0,15,,967,,,0,15,,968,,,0,55,,969,,,0,15,,970,,,0,15,,971,,,0,15,,972,,,0,55,,973,,,0,15,,974,,,0,15,,975,,,0,15,,976,,,0,55,,977,,,0,15,,978,,,0,15,,979,,,0,15,,980,,,0,55,,981,,,0,15,,982,,,0,15,,983,,,0,15,,984,,,0,55,,985,,,0,15,,986,,,0,15,,987,,,0,15,,988,,,0,55,,989,,,0,15,,990,,,0,15,,991,,,0,15,,992,,,0,55,,993,,,0,15,,994,,,0,15,,995,,,0,15,,996,,,0,55,,997,,,0,15,,998,,,0,14,,999,,,0,15,,1000,,,0,55,,1001,,,0,30,,1002,,,0,70,,1003,,,0,30,,1004,,,0,70,,1005,,,0,30,,1006,,,0,70,,1007,,,0,30,,1008,,,0,70,,1009,,,0,30,,1010,,,0,70,,1011,,,0,30,,1012,,,0
201,'220.0.2',610,,1013,,,0,100,,1014,,,0,95,,1015,,,0,20,,1016,,,0,20,,1017,,,0,60,,1018,,,0,20,,1019,,,0,21,,1020,,,0,60,,1021,,,0,20,,1022,,,0,20,,1023,,,0,60,,1024,,,0,20,,1025,,,0,20,,1026,,,0,60,,1027,,,0,20,,1028,,,0,20,,1029,,,0,60,,1030,,,0,20,,1031,,,0,20,,1032,,,0,60,,1033,,,0,20,,1034,,,0,20,,1035,,,0,60,,1036,,,0,20,,1037,,,0,20,,1038,,,0,60,,1039,,,0,20,,1040,,,0,20,,1041,,,0,60,,1042,,,0,20,,1043,,,0,20,,1044,,,0,55,,1045,,,0,29,,1046,,,0,70,,1047,,,0,30,,1048,,,0,70,,1049,,,0,30,,1050,,,0,70,,1051,,,0,30,,1052,,,0,70,,1053,,,0,30,,1054,,,0,70,,1055,,,0,30,,1056,,,0,70,,1057,,,0
201,'220.0.3',531,,1058,,,0,70,,1059,,,0,30,,1060,,,0,15,,1061,,,0,55,,1062,,,0,17,,1063,,,0,16,,1064,,,0,15,,1065,,,0,55,,1066,,,0,15,,1067,,,0,15,,1068,,,0,15,,1069,,,0,54,,1070,,,0,15,,1071,,,0,15,,1072,,,0,15,,1073,,,0,55,,1074,,,0,15,,1075,,,0,15,,1076,,,0,15,,1077,,,0,55,,1078,,,0,15,,1079,,,0,15,,1080,,,0,15,,1081,,,0,55,,1082,,,0,15,,1083,,,0,15,,1084,,,0,15,,1085,,,0,55,,1086,,,0,15,,1087,,,0,15,,1088,,,0,15,,1089,,,0,55,,1090,,,0,15,,1091,,,0,15,,1092,,,0,15,,1093,,,0,55,,1094,,,0,15,,1095,,,0,15,,1096,,,0,15,,1097,,,0,55,,1098,,,0,15,,1099,,,0,15,,1100,,,0,15,,1101,,,0,55,,1102,,,0,15,,1103,,,0,15,,1104,,,0,15,,1105,,,0,55,,1106,,,0,15,,1107,,,0,15,,1108,,,0,70,,1109,,,0,30,,1110,,,0,70,,1111,,,0,30,,1112,,,0,70,,1113,,,0,30,,1114,,,0,70,,1115,,,0,30,,1116,,,0,70,,1117,,,0,30,,1118,,,0,70,,1119,,,0,30,,1120,,,0
201,'220.0.4',531,,1121,,,0,70,,1122,,,0,30,,1123,,,0,15,,1124,,,0,55,,1125,,,0,17,,1126,,,0,16,,1127,,,0,15,,1128,,,0,55,,1129,,,0,15,,1130,,,0,15,,1131,,,0,15,,1132,,,0,54,,1133,,,0,15,,1134,,,0,15,,1135,,,0,15,,1136,,,0,55,,1137,,,0,15,,1138,,,0,15,,1139,,,0,15,,1140,,,0,55,,1141,,,0,15,,1142,,,0,15,,1143,,,0,15,,1144,,,0,55,,1145,,,0,15,,1146,,,0,15,,1147,,,0,15,,1148,,,0,55,,1149,,,0,15,,1150,,,0,15,,1151,,,0,15,,1152,,,0,55,,1153,,,0,15,,1154,,,0,15,,1155,,,0,15,,1156,,,0,55,,1157,,,0,15,,1158,,,0,15,,1159,,,0,15,,1160,,,0,55,,1161,,,0,15,,1162,,,0,15,,1163,,,0,15,,1164,,,0,55,,1165,,,0,15,,1166,,,0,15,,1167,,,0,15,,1168,,,0,55,,1169,,,0,15,,1170,,,0,15,,1171,,,0,70,,1172,,,0,30,,1173,,,0,70,,1174,,,0,30,,1175,,,0,70,,1176,,,0,30,,1177,,,0,70,,1178,,,0,30,,1179,,,0,70,,1180,,,0,30,,1181,,,0,70,,1182,,,0,30,,1183,,,0,70,,1184,,,0,30,,1185,,,0,70,,1186,,,0
2801,'220.0.1',724,,3977,,,0,30,,3978,,,0,70,,3979,,,0,31,,3980,,,0,70,,3981,,,0,30,,3982,,,0,70,,3983,,,0,30,,3984,,,0,72,,3985,,,0,31,,3986,,,0,70,,3987,,,0,30,,3988,,,0,70,,3989,,,0,30,,3990,,,0,70,,3991,,,0,30,,3992,,,0,70,,3993,,,0,30,,3994,,,0,70,,3995,,,0,30,,3996,,,0,70,,3997,,,0,30,,3998,,,0,67,,3999,,,0,29,,4000,,,0,70,,4001,,,0,30,,4002,,,0,70,,4003,,,0,30,,4004,,,0,70,,4005,,,0,30,,4006,,,0,70,,4007,,,0,30,,4008,,,0,70,,4009,,,0,30,,4010,,,0,70,,4011,,,0
2801,'220.0.2',713,,4012,,,0,100,,4013,,,0,100,,4014,,,0,101,,4015,,,0,103,,4016,,,0,100,,4017,,,0,100,,4018,,,0,100,,4019,,,0,100,,4020,,,0,100,,4021,,,0,100,,4022,,,0,99,,4023,,,0,100,,4024,,,0,100,,4025,,,0,100,,4026,,,0,100,,4027,,,0,100,,4028,,,0
2801,'220.0.3',633,,4029,,,0,70,,4030,,,0,33,,4031,,,0,70,,4032,,,0,30,,4033,,,0,70,,4034,,,0,29,,4035,,,0,65,,4036,,,0,30,,4037,,,0,70,,4038,,,0,33,,4039,,,0,70,,4040,,,0,30,,4041,,,0,70,,4042,,,0,30,,4043,,,0,70,,4044,,,0,30,,4045,,,0,70,,4046,,,0,35,,4047,,,0,70,,4048,,,0,30,,4049,,,0,70,,4050,,,0,30,,4051,,,0,70,,4052,,,0,27,,4053,,,0,70,,4054,,,0,30,,4055,,,0,70,,4056,,,0,100,,4057,,,0,100,,4058,,,0,100,,4059,,,0,100,,4060,,,0
2801,'220.0.4',633,,4061,,,0,70,,4062,,,0,33,,4063,,,0,70,,4064,,,0,30,,4065,,,0,70,,4066,,,0,29,,4067,,,0,65,,4068,,,0,30,,4069,,,0,70,,4070,,,0,33,,4071,,,0,70,,4072,,,0,30,,4073,,,0,70,,4074,,,0,30,,4075,,,0,70,,4076,,,0,30,,4077,,,0,70,,4078,,,0,35,,4079,,,0,70,,4080,,,0,30,,4081,,,0,70,,4082,,,0,30,,4083,,,0,70,,4084,,,0,27,,4085,,,0,70,,4086,,,0,30,,4087,,,0,70,,4088,,,0,100,,4089,,,0,100,,4090,,,0,100,,4091,,,0,100,,4092,,,0,100,,4093,,,0,100,,4094,,,0
13800,'220.0.3',617,,8873,,,0,29,,8874,,,0,54,,8875,,,0,14,,8876,,,0,28,,8877,,,0,5,,8878,,,0,64,,8879,,,0
13800,'220.0.4',617,,8880,,,0,29,,8881,,,0,54,,8882,,,0,14,,8883,,,0,28,,8884,,,0,5,,8885,,,0,64,,8886,,,0
