301,'236.0.1',606,,971,3,,,0,100,,972,3,,,0,100,,973,3,,,0,30,,974,3,,,0,70,,975,3,,,0,30,,976,3,,,0,70,,977,3,,,0,30,,978,3,,,0,70,,979,3,,,0,30,,980,3,,,0,70,,981,3,,,0,30,,982,3,,,0,70,,983,3,,,0,30,,984,3,,,0,70,,985,3,,,0,30,,986,3,,,0,70,,987,3,,,0,30,,988,3,,,0,70,,989,3,,,0,30,,990,3,,,0,70,,991,3,,,0,30,,992,3,,,0,70,,993,3,,,0,30,,994,3,,,0,70,,995,3,,,0,30,,996,3,,,0,70,,997,3,,,0,30,,998,3,,,0,70,,999,3,,,0,30,,1000,3,,,0,70,,1001,3,,,0,30,,1002,3,,,0,70,,1003,3,,,0,30,,1004,3,,,0,70,,1005,3,,,0,30,,1006,3,,,0
301,'236.0.2',606,,1007,3,,,0,100,,1008,3,,,0,100,,1009,3,,,0,30,,1010,3,,,0,70,,1011,3,,,0,20,,1012,3,,,0,20,,1013,3,,,0,60,,1014,3,,,0,20,,1015,3,,,0,20,,1016,3,,,0,60,,1017,3,,,0,20,,1018,3,,,0,20,,1019,3,,,0,60,,1020,3,,,0,20,,1021,3,,,0,20,,1022,3,,,0,60,,1023,3,,,0,20,,1024,3,,,0,20,,1025,3,,,0,60,,1026,3,,,0,20,,1027,3,,,0,20,,1028,3,,,0,60,,1029,3,,,0,20,,1030,3,,,0,20,,1031,3,,,0,60,,1032,3,,,0,20,,1033,3,,,0,20,,1034,3,,,0,60,,1035,3,,,0,20,,1036,3,,,0,20,,1037,3,,,0,60,,1038,3,,,0,30,,1039,3,,,0,70,,1040,3,,,0,30,,1041,3,,,0,70,,1042,3,,,0,30,,1043,3,,,0,70,,1044,3,,,0,30,,1045,3,,,0,70,,1046,3,,,0,30,,1047,3,,,0,70,,1048,3,,,0,30,,1049,3,,,0,70,,1050,3,,,0
301,'236.0.3',536,,1051,3,,,0,70,,1052,3,,,0,15,,1053,3,,,0,15,,1054,3,,,0,15,,1055,3,,,0,55,,1056,3,,,0,15,,1057,3,,,0,15,,1058,3,,,0,15,,1059,3,,,0,55,,1060,3,,,0,15,,1061,3,,,0,15,,1062,3,,,0,15,,1063,3,,,0,55,,1064,3,,,0,20,,1065,3,,,0,20,,1066,3,,,0,60,,1067,3,,,0,20,,1068,3,,,0,20,,1069,3,,,0,60,,1070,3,,,0,20,,1071,3,,,0,20,,1072,3,,,0,60,,1073,3,,,0,20,,1074,3,,,0,20,,1075,3,,,0,60,,1076,3,,,0,20,,1077,3,,,0,20,,1078,3,,,0,60,,1079,3,,,0,20,,1080,3,,,0,20,,1081,3,,,0,60,,1082,3,,,0,15,,1083,3,,,0,15,,1084,3,,,0,15,,1085,3,,,0,55,,1086,3,,,0,15,,1087,3,,,0,15,,1088,3,,,0,15,,1089,3,,,0,55,,1090,3,,,0,15,,1091,3,,,0,15,,1092,3,,,0,15,,1093,3,,,0,55,,1094,3,,,0,15,,1095,3,,,0,15,,1096,3,,,0,20,,1097,3,,,0,60,,1098,3,,,0,20,,1099,3,,,0,20,,1100,3,,,0,60,,1101,3,,,0,20,,1102,3,,,0,20,,1103,3,,,0,50,,1104,3,,,0,30,,1105,3,,,0,70,,1106,3,,,0,30,,1107,3,,,0,70,,1108,3,,,0,33,,1109,3,,,0,70,,1110,3,,,0,30,,1111,3,,,0
401,'236.0.1',606,,1258,3,,,0,100,,1259,3,,,0,100,,1260,3,,,0,30,,1261,3,,,0,70,,1262,3,,,0,30,,1263,3,,,0,70,,1264,3,,,0,30,,1265,3,,,0,71,,1266,3,,,0,30,,1267,3,,,0,70,,1268,3,,,0,30,,1269,3,,,0,70,,1270,3,,,0,30,,1271,3,,,0,70,,1272,3,,,0,30,,1273,3,,,0,70,,1274,3,,,0,30,,1275,3,,,0,70,,1276,3,,,0,30,,1277,3,,,0,70,,1278,3,,,0,30,,1279,3,,,0,69,,1280,3,,,0,30,,1281,3,,,0,70,,1282,3,,,0,30,,1283,3,,,0,70,,1284,3,,,0,30,,1285,3,,,0,70,,1286,3,,,0,30,,1287,3,,,0,70,,1288,3,,,0,100,,1289,3,,,0,100,,1290,3,,,0
401,'236.0.2',706,,1291,3,,,0,30,,1292,3,,,0,70,,1293,3,,,0,30,,1294,3,,,0,70,,1295,3,,,0,30,,1296,3,,,0,70,,1297,3,,,0,30,,1298,3,,,0,68,,1299,3,,,0,30,,1300,3,,,0,70,,1301,3,,,0,30,,1302,3,,,0,70,,1303,3,,,0,30,,1304,3,,,0,70,,1305,3,,,0,30,,1306,3,,,0,70,,1307,3,,,0,30,,1308,3,,,0,70,,1309,3,,,0,30,,1310,3,,,0,70,,1311,3,,,0,30,,1312,3,,,0,70,,1313,3,,,0,30,,1314,3,,,0,70,,1315,3,,,0,32,,1316,3,,,0,70,,1317,3,,,0,100,,1318,3,,,0,100,,1319,3,,,0,100,,1320,3,,,0,100,,1321,3,,,0
401,'236.0.3',547,,1322,3,,,0,55,,1323,3,,,0,15,,1324,3,,,0,15,,1325,3,,,0,15,,1326,3,,,0,55,,1327,3,,,0,8,,1328,3,,,0,8,,1329,3,,,0,8,,1330,3,,,0,8,,1331,3,,,0,8,,1332,3,,,0,8,,1333,3,,,0,8,,1334,3,,,0,48,,1335,3,,,0,8,,1336,3,,,0,8,,1337,3,,,0,8,,1338,3,,,0,8,,1339,3,,,0,8,,1340,3,,,0,8,,1341,3,,,0,48,,1342,3,,,0,8,,1343,3,,,0,8,,1344,3,,,0,8,,1345,3,,,0,8,,1346,3,,,0,8,,1347,3,,,0,8,,1348,3,,,0,8,,1349,3,,,0,48,,1350,3,,,0,11,,1351,3,,,0,15,,1352,3,,,0,15,,1353,3,,,0,55,,1354,3,,,0,15,,1355,3,,,0,15,,1356,3,,,0,15,,1357,3,,,0,55,,1358,3,,,0,15,,1359,3,,,0,15,,1360,3,,,0,15,,1361,3,,,0,55,,1362,3,,,0,15,,1363,3,,,0,15,,1364,3,,,0,15,,1365,3,,,0,55,,1366,3,,,0,15,,1367,3,,,0,15,,1368,3,,,0,15,,1369,3,,,0,55,,1370,3,,,0,15,,1371,3,,,0,15,,1372,3,,,0,15,,1373,3,,,0,55,,1374,3,,,0,15,,1375,3,,,0,15,,1376,3,,,0,15,,1377,3,,,0,55,,1378,3,,,0,15,,1379,3,,,0,15,,1380,3,,,0,15,,1381,3,,,0,55,,1382,3,,,0,15,,1383,3,,,0,15,,1384,3,,,0,20,,1385,3,,,0,60,,1386,3,,,0,20,,1387,3,,,0,20,,1388,3,,,0,60,,1389,3,,,0,20,,1390,3,,,0,20,,1391,3,,,0,60,,1392,3,,,0,20,,1393,3,,,0,20,,1394,3,,,0,69,,1395,3,,,0,30,,1396,3,,,0,70,,1397,3,,,0,30,,1398,3,,,0,70,,1399,3,,,0,30,,1400,3,,,0
13500,'236.0.3',634,,6072,15,,,0,70,,6073,15,,,0,26,,6074,15,,,0,15,,6075,15,,,0,55,,6076,15,,,0,15,,6077,15,,,0
13500,'236.1141.3',717,,6078,15,,,0
13500,'236.1143.3',717,,6079,15,,,0
43301,'236.0.3',600,,6499,3,,,0,45,,6500,3,,,0,1008,,6501,3,,,0,100,,6502,3,,,0
2003000,'236.0.1',606,,8270,3,,,0,30,,8271,3,,,0,70,,8272,3,,,0,30,,8273,3,,,0,70,,8274,3,,,0,30,,8275,3,,,0,70,,8276,3,,,0,30,,8277,3,,,0,70,,8278,3,,,0,30,,8279,3,,,0,70,,8280,3,,,0,30,,8281,3,,,0,70,,8282,3,,,0,30,,8283,3,,,0,70,,8284,3,,,0,30,,8285,3,,,0,70,,8286,3,,,0,30,,8287,3,,,0,70,,8288,3,,,0,30,,8289,3,,,0,70,,8290,3,,,0,30,,8291,3,,,0,70,,8292,3,,,0,30,,8293,3,,,0,70,,8294,3,,,0,30,,8295,3,,,0,70,,8296,3,,,0,30,,8297,3,,,0,70,,8298,3,,,0,30,,8299,3,,,0,70,,8300,3,,,0,30,,8301,3,,,0,70,,8302,3,,,0,30,,8303,3,,,0,70,,8304,3,,,0
2003000,'236.0.2',634,,8305,3,,,0,100,,8306,3,,,0,100,,8307,3,,,0,100,,8308,3,,,0,99,,8309,3,,,0,100,,8310,3,,,0,100,,8311,3,,,0,100,,8312,3,,,0,100,,8313,3,,,0,100,,8314,3,,,0,100,,8315,3,,,0,100,,8316,3,,,0,100,,8317,3,,,0,101,,8318,3,,,0,100,,8319,3,,,0,100,,8320,3,,,0,100,,8321,3,,,0,100,,8322,3,,,0
2003000,'236.0.3',546,,8323,3,,,0,70,,8324,3,,,0,30,,8325,3,,,0,70,,8326,3,,,0,30,,8327,3,,,0,70,,8328,3,,,0,30,,8329,3,,,0,70,,8330,3,,,0,30,,8331,3,,,0,70,,8332,3,,,0,30,,8333,3,,,0,70,,8334,3,,,0,30,,8335,3,,,0,70,,8336,3,,,0,30,,8337,3,,,0,70,,8338,3,,,0,30,,8339,3,,,0,70,,8340,3,,,0,30,,8341,3,,,0,70,,8342,3,,,0,30,,8343,3,,,0,70,,8344,3,,,0,30,,8345,3,,,0,70,,8346,3,,,0,30,,8347,3,,,0,70,,8348,3,,,0,30,,8349,3,,,0,70,,8350,3,,,0,30,,8351,3,,,0,70,,8352,3,,,0,30,,8353,3,,,0,70,,8354,3,,,0,30,,8355,3,,,0,70,,8356,3,,,0,30,,8357,3,,,0,70,,8358,3,,,0
