800,'236.0.1',605,,1718,34,,,0,30,,1719,34,,,0,70,,1720,34,,,0,30,,1721,34,,,0,70,,1722,34,,,0,23,,1723,34,,,0,22,,1724,34,,,0,70,,1725,34,,,0,30,,1726,34,,,0,70,,1727,34,,,0,31,,1728,34,,,0,69,,1729,34,,,0,30,,1730,34,,,0,70,,1731,34,,,0,30,,1732,34,,,0,70,,1733,34,,,0,30,,1734,34,,,0,70,,1735,34,,,0,32,,1736,34,,,0,70,,1737,34,,,0,30,,1738,34,,,0,70,,1739,34,,,0,30,,1740,34,,,0,70,,1741,34,,,0,30,,1742,34,,,0,70,,1743,34,,,0,30,,1744,34,,,0,70,,1745,34,,,0,30,,1746,34,,,0,70,,1747,34,,,0,30,,1748,34,,,0,70,,1749,34,,,0,30,,1750,34,,,0,70,,1751,34,,,0,26,,1752,34,,,0,69,,1753,34,,,0,30,,1754,34,,,0,100,,1755,34,,,0
800,'236.0.2',623,,1756,34,,,0,30,,1757,34,,,0,70,,1758,34,,,0,30,,1759,34,,,0,70,,1760,34,,,0,30,,1761,34,,,0,70,,1762,34,,,0,30,,1763,34,,,0,70,,1764,34,,,0,34,,1765,34,,,0,70,,1766,34,,,0,25,,1767,34,,,0,71,,1768,34,,,0,32,,1769,34,,,0,70,,1770,34,,,0,30,,1771,34,,,0,70,,1772,34,,,0,30,,1773,34,,,0,70,,1774,34,,,0,30,,1775,34,,,0,70,,1776,34,,,0,75,,1777,34,,,0,29,,1778,34,,,0,30,,1779,34,,,0,70,,1780,34,,,0,29,,1781,34,,,0,68,,1782,34,,,0,30,,1783,34,,,0,68,,1784,34,,,0,29,,1785,34,,,0,70,,1786,34,,,0,30,,1787,34,,,0,70,,1788,34,,,0,30,,1789,34,,,0,100,,1790,34,,,0,100,,1791,34,,,0
800,'236.0.3',553,,1794,34,,,0,70,,1795,34,,,0,30,,1796,34,,,0,77,,1797,34,,,0,72,,1798,34,,,0,31,,1799,34,,,0,70,,1800,34,,,0,30,,1801,34,,,0,70,,1802,34,,,0,20,,1803,34,,,0,20,,1804,34,,,0,60,,1805,34,,,0,20,,1806,34,,,0,20,,1807,34,,,0,60,,1808,34,,,0,20,,1809,34,,,0,20,,1810,34,,,0,60,,1811,34,,,0,20,,1812,34,,,0,20,,1813,34,,,0,60,,1814,34,,,0,20,,1815,34,,,0,20,,1816,34,,,0,60,,1817,34,,,0,29,,1818,34,,,0,24,,1819,34,,,0,60,,1820,34,,,0,20,,1821,34,,,0,20,,1822,34,,,0,60,,1823,34,,,0,20,,1824,34,,,0,20,,1825,34,,,0,58,,1826,34,,,0,26,,1827,34,,,0,10,,1842,34,,,0,50,,1828,34,,,0,30,,1829,34,,,0,70,,1830,34,,,0,30,,1831,34,,,0,70,,1832,34,,,0,28,,1833,34,,,0,29,,1834,34,,,0,70,,1835,34,,,0,30,,1836,34,,,0,70,,1837,34,,,0,30,,1838,34,,,0,70,,1839,34,,,0,30,,1840,34,,,0,70,,1841,34,,,0
3901,'236.0.1',630,,3159,14,,,0,70,,3160,14,,,0,30,,3161,14,,,0,70,,3162,14,,,0,31,,3163,14,,,0,71,,3164,14,,,0,30,,3165,14,,,0,70,,3166,14,,,0,30,,3167,14,,,0,70,,3168,14,,,0,30,,3169,14,,,0,70,,3170,14,,,0,30,,3171,14,,,0,70,,3172,14,,,0,30,,3173,14,,,0,70,,3174,14,,,0,30,,3175,14,,,0,70,,3176,14,,,0,30,,3177,14,,,0,70,,3178,14,,,0,30,,3179,14,,,0,70,,3180,14,,,0,30,,3181,14,,,0,70,,3182,14,,,0,30,,3183,14,,,0,70,,3184,14,,,0,30,,3185,14,,,0,70,,3186,14,,,0,30,,3187,14,,,0,70,,3188,14,,,0,30,,3189,14,,,0,70,,3190,14,,,0,30,,3191,14,,,0,70,,3192,14,,,0,30,,3193,14,,,0
3901,'236.0.2',700,,3194,14,,,0,100,,3195,14,,,0,100,,3196,14,,,0,101,,3197,14,,,0,101,,3198,14,,,0,100,,3199,14,,,0,100,,3200,14,,,0,100,,3201,14,,,0,100,,3202,14,,,0,100,,3203,14,,,0,100,,3204,14,,,0,100,,3205,14,,,0,100,,3206,14,,,0,100,,3207,14,,,0,100,,3208,14,,,0,100,,3209,14,,,0
3901,'236.0.3',614,,3210,14,,,0,30,,3211,14,,,0,71,,3212,14,,,0,30,,3213,14,,,0,70,,3214,14,,,0,30,,3215,14,,,0,70,,3216,14,,,0,30,,3217,14,,,0,70,,3218,14,,,0,30,,3219,14,,,0,70,,3220,14,,,0,30,,3221,14,,,0,70,,3222,14,,,0,30,,3223,14,,,0,70,,3224,14,,,0,30,,3225,14,,,0,70,,3226,14,,,0,30,,3227,14,,,0,70,,3228,14,,,0,35,,3229,14,,,0,70,,3230,14,,,0,30,,3231,14,,,0,70,,3232,14,,,0,30,,3233,14,,,0,65,,3234,14,,,0,100,,3235,14,,,0,100,,3236,14,,,0,100,,3237,14,,,0,100,,3238,14,,,0,100,,3239,14,,,0
9000,'236.0.1',629,,5717,29,,,0,25,,5718,29,,,0,70,,5719,29,,,0,30,,5720,29,,,0,70,,5721,29,,,0,25,,5722,29,,,0,70,,5723,29,,,0,30,,5724,29,,,0,65,,5725,29,,,0,33,,5726,29,,,0,70,,5727,29,,,0,30,,5728,29,,,0,70,,5729,29,,,0,27,,5730,29,,,0,70,,5731,29,,,0,30,,5732,29,,,0,70,,5733,29,,,0,30,,5734,29,,,0,70,,5735,29,,,0,30,,5736,29,,,0,70,,5737,29,,,0,33,,5738,29,,,0,70,,5739,29,,,0,30,,5740,29,,,0,70,,5741,29,,,0,30,,5742,29,,,0,70,,5743,29,,,0,30,,5744,29,,,0,70,,5745,29,,,0,104,,5746,29,,,0,100,,5747,29,,,0,100,,5748,29,,,0,100,,5749,29,,,0
9000,'236.0.2',617,,5750,29,,,0,100,,5751,29,,,0,100,,5752,29,,,0,95,,5753,29,,,0,97,,5754,29,,,0,100,,5755,29,,,0,102,,5756,29,,,0,100,,5757,29,,,0,98,,5758,29,,,0,100,,5759,29,,,0,100,,5760,29,,,0,100,,5761,29,,,0,103,,5762,29,,,0,104,,5763,29,,,0,101,,5764,29,,,0,100,,5765,29,,,0,100,,5766,29,,,0,100,,5767,29,,,0
9000,'236.0.3',614,,5801,29,,,0,15,,5800,29,,,0,15,,5768,29,,,0,15,,5802,29,,,0,55,,5769,29,,,0,15,,5803,29,,,0,15,,5770,29,,,0,15,,5804,29,,,0,60,,5771,29,,,0,30,,5772,29,,,0,65,,5773,29,,,0,31,,5774,29,,,0,69,,5775,29,,,0,30,,5776,29,,,0,70,,5777,29,,,0,27,,5778,29,,,0,71,,5779,29,,,0,30,,5780,29,,,0,70,,5781,29,,,0,30,,5782,29,,,0,70,,5783,29,,,0,35,,5784,29,,,0,57,,5805,29,,,0,15,,5785,29,,,0,15,,5806,29,,,0,15,,5786,29,,,0,55,,5807,29,,,0,15,,5787,29,,,0,15,,5808,29,,,0,15,,5812,29,,,0,55,,5809,29,,,0,15,,5788,29,,,0,15,,5810,29,,,0,15,,5789,29,,,0,10,,5811,29,,,0,52,,5790,29,,,0,35,,5791,29,,,0,70,,5792,29,,,0,30,,5793,29,,,0,70,,5794,29,,,0,30,,5795,29,,,0,100,,5796,29,,,0,97,,5797,29,,,0,100,,5798,29,,,0,100,,5799,29,,,0
9100,'236.0.1',721,,5910,12,,,0,100,,5911,12,,,0,100,,5912,12,,,0,100,,5913,12,,,0,100,,5914,12,,,0,100,,5915,12,,,0,100,,5916,12,,,0,100,,5917,12,,,0,100,,5918,12,,,0,100,,5919,12,,,0,100,,5920,12,,,0,100,,5921,12,,,0,100,,5922,12,,,0,100,,5923,12,,,0,100,,5924,12,,,0,100,,5925,12,,,0
9100,'236.0.2',750,,5926,12,,,0,100,,5927,12,,,0,100,,5928,12,,,0,100,,5929,12,,,0,100,,5930,12,,,0,100,,5931,12,,,0,100,,5932,12,,,0,100,,5933,12,,,0,100,,5934,12,,,0,100,,5935,12,,,0,100,,5936,12,,,0,100,,5937,12,,,0,100,,5938,12,,,0,100,,5939,12,,,0,100,,5940,12,,,0
9100,'236.0.3',631,,5941,12,,,0,24,,5942,12,,,0,67,,5943,12,,,0,36,,5944,12,,,0,69,,5945,12,,,0,31,,5946,12,,,0,100,,5947,12,,,0,143,,5948,12,,,0,100,,5949,12,,,0,99,,5950,12,,,0,100,,5951,12,,,0,101,,5952,12,,,0,30,,5953,12,,,0,70,,5954,12,,,0,30,,5955,12,,,0,70,,5956,12,,,0,30,,5957,12,,,0,71,,5958,12,,,0,30,,5959,12,,,0,97,,5960,12,,,0,100,,5961,12,,,0,100,,5962,12,,,0,100,,5963,12,,,0
9300,'236.0.3',1538,,6019,20,,,0,66,,6020,20,,,0,41,,6021,20,,,0,63,,6022,20,,,0,35,,6023,20,,,0,60,,6024,20,,,0,30,,6025,20,,,0
13500,'236.0.3',622,,6072,1,,,0,30,,6073,1,,,0,66,,6074,1,,,0,14,,6075,1,,,0,15,,6076,1,,,0,55,,6077,1,,,0
13500,'236.1141.3',705,,6078,1,,,0
13500,'236.1143.3',705,,6079,1,,,0
