500,'236.0.1',643,,14451,,,0,60,,14452,,,0,20,,14453,,,0,20,,14454,,,0,60,,14455,,,0,20,,14456,,,0,20,,14457,,,0,61,,14458,,,0,20,,14459,,,0,20,,14460,,,0,60,,14461,,,0,20,,14462,,,0,20,,14463,,,0,61,,14464,,,0,20,,14465,,,0,20,,14466,,,0,60,,14467,,,0,20,,14468,,,0,20,,14469,,,0,60,,14470,,,0,20,,14471,,,0,20,,14472,,,0,60,,14473,,,0,20,,14474,,,0,20,,14475,,,0,59,,14476,,,0,20,,14477,,,0,20,,14478,,,0,60,,14479,,,0,20,,14480,,,0,20,,14481,,,0,60,,14482,,,0,20,,14483,,,0,20,,14484,,,0,60,,14485,,,0,20,,14486,,,0,20,,14487,,,0,60,,14488,,,0,20,,14489,,,0,20,,14490,,,0,60,,14491,,,0,20,,14492,,,0,20,,14493,,,0,60,,14494,,,0,20,,14495,,,0,20,,14496,,,0,60,,14497,,,0,20,,14498,,,0,30,,14499,,,0,70,,14500,,,0,30,,14501,,,0,70,,14502,,,0,30,,14503,,,0,70,,14504,,,0
500,'236.0.2',643,,14505,,,0,70,,14506,,,0,30,,14507,,,0,70,,14508,,,0,30,,14509,,,0,70,,14510,,,0,30,,14511,,,0,71,,14512,,,0,30,,14513,,,0,70,,14514,,,0,30,,14515,,,0,70,,14516,,,0,30,,14517,,,0,70,,14518,,,0,30,,14519,,,0,70,,14520,,,0,30,,14521,,,0,70,,14522,,,0,30,,14523,,,0,70,,14524,,,0,30,,14525,,,0,70,,14526,,,0,30,,14527,,,0,70,,14528,,,0,30,,14529,,,0,70,,14530,,,0,30,,14531,,,0,70,,14532,,,0,30,,14533,,,0,70,,14534,,,0,30,,14535,,,0,70,,14536,,,0,30,,14537,,,0,70,,14538,,,0,30,,14539,,,0,70,,14540,,,0
500,'236.0.3',543,,14541,,,0,70,,14542,,,0,15,,14543,,,0,15,,14544,,,0,15,,14545,,,0,55,,14546,,,0,15,,14547,,,0,15,,14548,,,0,15,,14549,,,0,55,,14550,,,0,15,,14551,,,0,15,,14552,,,0,15,,14553,,,0,56,,14554,,,0,15,,14555,,,0,15,,14556,,,0,15,,14557,,,0,55,,14558,,,0,15,,14559,,,0,15,,14560,,,0,15,,14561,,,0,57,,14562,,,0,15,,14563,,,0,15,,14564,,,0,55,,14565,,,0,15,,14566,,,0,15,,14567,,,0,15,,14568,,,0,55,,14569,,,0,15,,14570,,,0,15,,14571,,,0,15,,14572,,,0,55,,14573,,,0,15,,14574,,,0,15,,14575,,,0,15,,14576,,,0,55,,14577,,,0,14,,14578,,,0,15,,14579,,,0,15,,14580,,,0,55,,14581,,,0,15,,14582,,,0,15,,14583,,,0,15,,14584,,,0,55,,14585,,,0,15,,14586,,,0,15,,14587,,,0,15,,14588,,,0,55,,14589,,,0,15,,14590,,,0,15,,14591,,,0,15,,14592,,,0,60,,14593,,,0,15,,14594,,,0,20,,14595,,,0,60,,14596,,,0,19,,14597,,,0,20,,14598,,,0,20,,14599,,,0,60,,14600,,,0,20,,14601,,,0,20,,14602,,,0,75,,14603,,,0,70,,14604,,,0,30,,14605,,,0,70,,14606,,,0,30,,14607,,,0,70,,14608,,,0
5300,'236.0.1',606,,16299,,,0,30,,16300,,,0,70,,16301,,,0,30,,16302,,,0,70,,16303,,,0,30,,16304,,,0,70,,16305,,,0,30,,16306,,,0,70,,16307,,,0,30,,16308,,,0,70,,16309,,,0,30,,16310,,,0,70,,16311,,,0,30,,16312,,,0,70,,16313,,,0,30,,16314,,,0,70,,16315,,,0,30,,16316,,,0,70,,16317,,,0,30,,16318,,,0,70,,16319,,,0,30,,16320,,,0,70,,16321,,,0,30,,16322,,,0,70,,16323,,,0,30,,16324,,,0,70,,16325,,,0,30,,16326,,,0,70,,16327,,,0,30,,16328,,,0,70,,16329,,,0,30,,16330,,,0,70,,16331,,,0,100,,16332,,,0
5300,'236.0.2',706,,16333,,,0,100,,16334,,,0,100,,16335,,,0,100,,16336,,,0,100,,16337,,,0,100,,16338,,,0,100,,16339,,,0,100,,16340,,,0,100,,16341,,,0,100,,16342,,,0,100,,16343,,,0,100,,16344,,,0,100,,16345,,,0,100,,16346,,,0,100,,16347,,,0,100,,16348,,,0
5300,'236.0.3',605,,16349,,,0,30,,16350,,,0,71,,16351,,,0,30,,16352,,,0,70,,16353,,,0,30,,16354,,,0,70,,16355,,,0,30,,16356,,,0,70,,16357,,,0,30,,16358,,,0,70,,16359,,,0,30,,16360,,,0,70,,16361,,,0,30,,16362,,,0,70,,16363,,,0,30,,16364,,,0,70,,16365,,,0,30,,16366,,,0,70,,16367,,,0,30,,16368,,,0,70,,16369,,,0,30,,16370,,,0,70,,16371,,,0,30,,16372,,,0,70,,16373,,,0,30,,16374,,,0,70,,16375,,,0,30,,16376,,,0,70,,16377,,,0,30,,16378,,,0,70,,16379,,,0,100,,16380,,,0,100,,16381,,,0,100,,16382,,,0
5400,'236.0.1',600,,16467,,,0,100,,16468,,,0,100,,16469,,,0,100,,16470,,,0,100,,16471,,,0,100,,16472,,,0,100,,16473,,,0,100,,16474,,,0,100,,16475,,,0,100,,16476,,,0,100,,16477,,,0,100,,16478,,,0,100,,16479,,,0,100,,16480,,,0,100,,16481,,,0,100,,16482,,,0,100,,16483,,,0
5400,'236.0.2',800,,16484,,,0,100,,16485,,,0,100,,16486,,,0,100,,16487,,,0,100,,16488,,,0,100,,16489,,,0,100,,16490,,,0,100,,16491,,,0,100,,16492,,,0,100,,16493,,,0,100,,16494,,,0,100,,16495,,,0,100,,16496,,,0,100,,16497,,,0
5400,'236.0.3',602,,16498,,,0,28,,16499,,,0,70,,16500,,,0,28,,16501,,,0,30,,16502,,,0,71,,16503,,,0,75,,16504,,,0,100,,16505,,,0,100,,16506,,,0,100,,16507,,,0,100,,16508,,,0,100,,16509,,,0,100,,16510,,,0,30,,16511,,,0,70,,16512,,,0,29,,16513,,,0,70,,16514,,,0,30,,16515,,,0,71,,16516,,,0,30,,16517,,,0,70,,16518,,,0,30,,16519,,,0,70,,16520,,,0,100,,16521,,,0
5500,'236.0.1',730,,16577,,,0,100,,16578,,,0,100,,16579,,,0,100,,16580,,,0,100,,16581,,,0,100,,16582,,,0,100,,16583,,,0,100,,16584,,,0,100,,16585,,,0,100,,16586,,,0,100,,16587,,,0,100,,16588,,,0,100,,16589,,,0,100,,16590,,,0,100,,16591,,,0
5500,'236.0.2',730,,16592,,,0,100,,16593,,,0,100,,16594,,,0,100,,16595,,,0,100,,16596,,,0,100,,16597,,,0,100,,16598,,,0,100,,16599,,,0,100,,16600,,,0,100,,16601,,,0,100,,16602,,,0,100,,16603,,,0,100,,16604,,,0,100,,16605,,,0,100,,16606,,,0
5500,'236.0.3',619,,16607,,,0,30,,16625,,,0,70,,16608,,,0,30,,16609,,,0,100,,16610,,,0,85,,16611,,,0,100,,16612,,,0,100,,16613,,,0,100,,16614,,,0,100,,16615,,,0,100,,16616,,,0,85,,16617,,,0,101,,16618,,,0,34,,16626,,,0,70,,16619,,,0,25,,16620,,,0,75,,16621,,,0,100,,16622,,,0,110,,16623,,,0,100,,16624,,,0
6200,'236.0.1',703,,17200,,,0,100,,17201,,,0,100,,17202,,,0,100,,17203,,,0,100,,17204,,,0,100,,17205,,,0,100,,17206,,,0,100,,17207,,,0,100,,17208,,,0,100,,17209,,,0,100,,17210,,,0,100,,17211,,,0,100,,17212,,,0,100,,17213,,,0,100,,17214,,,0,100,,17215,,,0
6200,'236.0.2',703,,17216,,,0,100,,17217,,,0,100,,17218,,,0,100,,17219,,,0,100,,17220,,,0,100,,17221,,,0,100,,17222,,,0,100,,17223,,,0,100,,17224,,,0,100,,17225,,,0,100,,17226,,,0,100,,17227,,,0,100,,17228,,,0,100,,17229,,,0,100,,17230,,,0,100,,17231,,,0
6200,'236.0.3',612,,17232,,,0,30,,17233,,,0,70,,17234,,,0,30,,17235,,,0,70,,17236,,,0,30,,17237,,,0,70,,17238,,,0,100,,17239,,,0,100,,17240,,,0,100,,17241,,,0,100,,17242,,,0,100,,17243,,,0,100,,17244,,,0,30,,17245,,,0,70,,17246,,,0,30,,17247,,,0,70,,17248,,,0,30,,17249,,,0,70,,17250,,,0,30,,17251,,,0,100,,17252,,,0,100,,17253,,,0,100,,17254,,,0,100,,17255,,,0
1000601,'236.0.3',536,,19581,,,0,70,,19582,,,0,30,,19583,,,0,70,,19584,,,0,29,,19585,,,0,70,,19586,,,0,30,,19587,,,0,70,,19588,,,0,15,,19589,,,0,30,,19590,,,0,70,,19591,,,0,30,,19592,,,0,70,,19593,,,0,30,,19594,,,0,70,,19595,,,0,30,,19596,,,0,70,,19597,,,0,30,,19598,,,0,70,,19599,,,0,30,,19600,,,0,55,,19601,,,0,30,,19602,,,0,70,,19603,,,0,30,,19604,,,0,70,,19605,,,0,30,,19606,,,0,71,,19607,,,0,30,,19608,,,0
2000601,'236.0.1',603,,20590,,,0,100,,20591,,,0,100,,20592,,,0,100,,20593,,,0,100,,20594,,,0,100,,20595,,,0,100,,20596,,,0,100,,20597,,,0,100,,20598,,,0,100,,20599,,,0,100,,20600,,,0,100,,20601,,,0,100,,20602,,,0,100,,20603,,,0,100,,20604,,,0,100,,20605,,,0,100,,20606,,,0,100,,20607,,,0,100,,20608,,,0
2000601,'236.0.2',603,,20610,,,0,100,,20611,,,0,100,,20612,,,0,100,,20613,,,0,100,,20614,,,0,100,,20615,,,0,100,,20616,,,0,100,,20617,,,0,100,,20618,,,0,100,,20619,,,0,100,,20620,,,0,100,,20621,,,0,100,,20622,,,0,100,,20623,,,0,100,,20624,,,0,100,,20625,,,0,100,,20626,,,0,100,,20627,,,0,100,,20628,,,0
2000601,'236.0.3',543,,20631,,,0,70,,20632,,,0,30,,20633,,,0,70,,20634,,,0,30,,20635,,,0,70,,20636,,,0,30,,20637,,,0,65,,20638,,,0,100,,20639,,,0,100,,20640,,,0,100,,20641,,,0,100,,20642,,,0,100,,20643,,,0,104,,20644,,,0,30,,20645,,,0,70,,20646,,,0,30,,20647,,,0,70,,20648,,,0,30,,20649,,,0,70,,20650,,,0,100,,20651,,,0,100,,20652,,,0,100,,20653,,,0,100,,20654,,,0,100,,20655,,,0,100,,20656,,,0
3000601,'236.0.1',633,,21604,,,0,100,,21605,,,0,100,,21606,,,0,100,,21607,,,0,100,,21608,,,0,100,,21609,,,0,100,,21610,,,0,100,,21611,,,0,100,,21612,,,0,100,,21613,,,0,100,,21614,,,0,100,,21615,,,0,100,,21616,,,0,100,,21617,,,0,100,,21618,,,0,100,,21619,,,0,100,,21620,,,0,100,,21621,,,0,100,,21622,,,0
3000601,'236.0.2',633,,21624,,,0,100,,21625,,,0,100,,21626,,,0,100,,21627,,,0,100,,21628,,,0,100,,21629,,,0,100,,21630,,,0,100,,21631,,,0,100,,21632,,,0,100,,21633,,,0,100,,21634,,,0,100,,21635,,,0,100,,21636,,,0,100,,21637,,,0,100,,21638,,,0,100,,21639,,,0,100,,21640,,,0,100,,21641,,,0,100,,21642,,,0
3000601,'236.0.3',558,,21644,,,0,70,,21645,,,0,30,,21646,,,0,70,,21647,,,0,30,,21648,,,0,70,,21649,,,0,30,,21650,,,0,80,,21651,,,0,100,,21652,,,0,100,,21653,,,0,100,,21654,,,0,100,,21655,,,0,100,,21656,,,0,89,,21657,,,0,30,,21658,,,0,70,,21659,,,0,30,,21660,,,0,70,,21661,,,0,30,,21662,,,0,70,,21663,,,0,116,,21664,,,0,100,,21665,,,0,100,,21666,,,0,100,,21667,,,0,100,,21668,,,0,100,,21669,,,0
