6700,'220.0.1',817,,6553,,,0,100,,6554,,,0,104,,6555,,,0,103,,6556,,,0,100,,6557,,,0,100,,6558,,,0,100,,6559,,,0,100,,6560,,,0,100,,6561,,,0,100,,6562,,,0,100,,6563,,,0,94,,6564,,,0,99,,6565,,,0,100,,6566,,,0,100,,6567,,,0,100,,6568,,,0
6700,'220.0.2',815,,6569,,,0,100,,6570,,,0,100,,6571,,,0,106,,6572,,,0,102,,6573,,,0,100,,6574,,,0,100,,6575,,,0,100,,6576,,,0,100,,6577,,,0,100,,6578,,,0,97,,6579,,,0,98,,6580,,,0,100,,6581,,,0,100,,6582,,,0,97,,6583,,,0,100,,6584,,,0
6700,'220.0.3',631,,6585,,,0,70,,6586,,,0,30,,6587,,,0,70,,6588,,,0,30,,6589,,,0,70,,6590,,,0,30,,6591,,,0,100,,6592,,,0,100,,6593,,,0,100,,6594,,,0,100,,6595,,,0,100,,6596,,,0,100,,6597,,,0,70,,6598,,,0,30,,6599,,,0,70,,6600,,,0,30,,6601,,,0,70,,6602,,,0,30,,6603,,,0,70,,6604,,,0,100,,6605,,,0,100,,6606,,,0,100,,6607,,,0,100,,6608,,,0
6700,'220.0.4',631,,6609,,,0,70,,6610,,,0,30,,6611,,,0,70,,6612,,,0,30,,6613,,,0,70,,6614,,,0,30,,6615,,,0,100,,6616,,,0,100,,6617,,,0,100,,6618,,,0,100,,6619,,,0,100,,6620,,,0,100,,6621,,,0,70,,6622,,,0,30,,6623,,,0,70,,6624,,,0,30,,6625,,,0,70,,6626,,,0,30,,6627,,,0,70,,6628,,,0,100,,6629,,,0,100,,6630,,,0,100,,6631,,,0,100,,6632,,,0,100,,6633,,,0,100,,6634,,,0,100,,6635,,,0
1000601,'220.0.3',544,,9613,,,0,70,,9614,,,0,30,,9615,,,0,70,,9616,,,0,30,,9617,,,0,70,,9618,,,0,30,,9619,,,0,70,,9620,,,0,15,,9621,,,0,30,,9622,,,0,70,,9623,,,0,30,,9624,,,0,70,,9625,,,0,30,,9626,,,0,70,,9627,,,0,30,,9628,,,0,70,,9629,,,0,30,,9630,,,0,70,,9631,,,0,30,,9632,,,0,55,,9633,,,0,30,,9634,,,0,70,,9635,,,0,30,,9636,,,0,70,,9637,,,0,30,,9638,,,0,70,,9639,,,0,30,,9640,,,0
1000601,'220.0.4',544,,9641,,,0,70,,9642,,,0,30,,9643,,,0,70,,9644,,,0,30,,9645,,,0,70,,9646,,,0,30,,9647,,,0,70,,9648,,,0,15,,9649,,,0,30,,9650,,,0,70,,9651,,,0,30,,9652,,,0,70,,9653,,,0,30,,9654,,,0,70,,9655,,,0,30,,9656,,,0,70,,9657,,,0,30,,9658,,,0,70,,9659,,,0,30,,9660,,,0,55,,9661,,,0,30,,9662,,,0,70,,9663,,,0,30,,9664,,,0,70,,9665,,,0,30,,9666,,,0,70,,9667,,,0,30,,9668,,,0
2000600,'220.0.3',627,,11097,,,0,30,,11098,,,0,72,,11099,,,0,72,,11100,,,0,29,,11101,,,0,70,,11102,,,0,30,,11103,,,0,25,,11104,,,0,100,,11105,,,0,100,,11106,,,0,101,,11107,,,0,100,,11108,,,0,100,,11109,,,0,145,,11110,,,0,30,,11111,,,0,69,,11112,,,0,30,,11113,,,0,70,,11114,,,0,29,,11115,,,0,29,,11116,,,0,96,,11117,,,0,100,,11118,,,0
2000600,'220.0.4',627,,11125,,,0,30,,11126,,,0,72,,11127,,,0,72,,11128,,,0,29,,11129,,,0,70,,11130,,,0,30,,11131,,,0,25,,11132,,,0,100,,11133,,,0,100,,11134,,,0,101,,11135,,,0,100,,11136,,,0,100,,11137,,,0,145,,11138,,,0,30,,11139,,,0,69,,11140,,,0,30,,11141,,,0,70,,11142,,,0,29,,11143,,,0,29,,11144,,,0,96,,11145,,,0,100,,11146,,,0
2000601,'220.0.3',550,,11194,,,0,70,,11195,,,0,31,,11196,,,0,70,,11197,,,0,30,,11198,,,0,70,,11199,,,0,31,,11200,,,0,65,,11201,,,0,100,,11202,,,0,100,,11203,,,0,100,,11204,,,0,100,,11205,,,0,100,,11206,,,0,104,,11207,,,0,30,,11208,,,0,70,,11209,,,0,30,,11210,,,0,69,,11211,,,0,30,,11212,,,0,70,,11213,,,0,100,,11214,,,0,100,,11215,,,0,100,,11216,,,0
2000601,'220.0.4',550,,11222,,,0,70,,11223,,,0,31,,11224,,,0,70,,11225,,,0,30,,11226,,,0,70,,11227,,,0,31,,11228,,,0,65,,11229,,,0,100,,11230,,,0,100,,11231,,,0,100,,11232,,,0,100,,11233,,,0,100,,11234,,,0,104,,11235,,,0,30,,11236,,,0,70,,11237,,,0,30,,11238,,,0,69,,11239,,,0,30,,11240,,,0,70,,11241,,,0,100,,11242,,,0,100,,11243,,,0,100,,11244,,,0
3000600,'220.0.3',616,,12577,,,0,30,,12578,,,0,69,,12579,,,0,30,,12580,,,0,70,,12581,,,0,30,,12582,,,0,73,,12583,,,0,30,,12584,,,0,81,,12585,,,0,100,,12586,,,0,100,,12587,,,0,101,,12588,,,0,100,,12589,,,0,100,,12590,,,0,90,,12591,,,0,29,,12592,,,0,70,,12593,,,0,30,,12594,,,0,69,,12595,,,0,27,,12596,,,0,69,,12597,,,0,116,,12598,,,0,100,,12599,,,0,100,,12600,,,0
3000600,'220.0.4',616,,12604,,,0,30,,12605,,,0,69,,12606,,,0,30,,12607,,,0,70,,12608,,,0,30,,12609,,,0,73,,12610,,,0,30,,12611,,,0,81,,12612,,,0,100,,12613,,,0,100,,12614,,,0,101,,12615,,,0,100,,12616,,,0,100,,12617,,,0,90,,12618,,,0,29,,12619,,,0,70,,12620,,,0,30,,12621,,,0,69,,12622,,,0,27,,12623,,,0,69,,12624,,,0,116,,12625,,,0,100,,12626,,,0,100,,12627,,,0
3000601,'220.0.3',605,,12673,,,0,30,,12674,,,0,70,,12675,,,0,31,,12676,,,0,70,,12677,,,0,30,,12678,,,0,70,,12679,,,0,40,,12680,,,0,100,,12681,,,0,100,,12682,,,0,101,,12683,,,0,100,,12684,,,0,100,,12685,,,0,89,,12686,,,0,70,,12687,,,0,30,,12688,,,0,70,,12689,,,0,30,,12690,,,0,69,,12691,,,0,30,,12692,,,0,116,,12693,,,0,100,,12694,,,0,100,,12695,,,0
3000601,'220.0.4',605,,12700,,,0,30,,12701,,,0,70,,12702,,,0,31,,12703,,,0,70,,12704,,,0,30,,12705,,,0,70,,12706,,,0,40,,12707,,,0,100,,12708,,,0,100,,12709,,,0,101,,12710,,,0,100,,12711,,,0,100,,12712,,,0,89,,12713,,,0,70,,12714,,,0,30,,12715,,,0,70,,12716,,,0,30,,12717,,,0,69,,12718,,,0,30,,12719,,,0,116,,12720,,,0,100,,12721,,,0,100,,12722,,,0
