301,'236.0.1',657,,971,62,,,0,100,,972,62,,,0,100,,973,62,,,0,70,,974,62,,,0,30,,975,62,,,0,70,,976,62,,,0,74,,977,62,,,0,34,,978,62,,,0,70,,979,62,,,0,30,,980,62,,,0,70,,981,62,,,0,30,,982,62,,,0,70,,983,62,,,0,30,,984,62,,,0,70,,985,62,,,0,30,,986,62,,,0,70,,987,62,,,0,30,,988,62,,,0,70,,989,62,,,0,30,,990,62,,,0,70,,991,62,,,0,27,,992,62,,,0,26,,993,62,,,0,70,,994,62,,,0,30,,995,62,,,0,70,,996,62,,,0,30,,997,62,,,0,70,,998,62,,,0,30,,999,62,,,0,70,,1000,62,,,0,30,,1001,62,,,0,70,,1002,62,,,0,30,,1003,62,,,0,70,,1004,62,,,0,30,,1005,62,,,0,70,,1006,62,,,0
301,'236.0.2',653,,1007,62,,,0,100,,1008,62,,,0,100,,1009,62,,,0,70,,1010,62,,,0,30,,1011,62,,,0,60,,1012,62,,,0,20,,1013,62,,,0,25,,1014,62,,,0,62,,1015,62,,,0,20,,1016,62,,,0,60,,1017,62,,,0,20,,1018,62,,,0,20,,1019,62,,,0,60,,1020,62,,,0,20,,1021,62,,,0,20,,1022,62,,,0,60,,1023,62,,,0,20,,1024,62,,,0,20,,1025,62,,,0,60,,1026,62,,,0,20,,1027,62,,,0,20,,1028,62,,,0,60,,1029,62,,,0,20,,1030,62,,,0,20,,1031,62,,,0,60,,1032,62,,,0,20,,1033,62,,,0,20,,1034,62,,,0,60,,1035,62,,,0,20,,1036,62,,,0,20,,1037,62,,,0,60,,1038,62,,,0,30,,1039,62,,,0,70,,1040,62,,,0,30,,1041,62,,,0,70,,1042,62,,,0,26,,1043,62,,,0,27,,1044,62,,,0,70,,1045,62,,,0,30,,1046,62,,,0,70,,1047,62,,,0,30,,1048,62,,,0,70,,1049,62,,,0,30,,1050,62,,,0
301,'236.0.3',633,,1051,62,,,0,70,,1052,62,,,0,15,,1053,62,,,0,15,,1054,62,,,0,14,,1055,62,,,0,57,,1056,62,,,0,19,,1057,62,,,0,18,,1058,62,,,0,15,,1059,62,,,0,55,,1060,62,,,0,15,,1061,62,,,0,16,,1062,62,,,0,15,,1063,62,,,0,53,,1064,62,,,0,16,,1065,62,,,0,20,,1066,62,,,0,60,,1067,62,,,0,20,,1068,62,,,0,20,,1069,62,,,0,60,,1070,62,,,0,20,,1071,62,,,0,20,,1072,62,,,0,60,,1073,62,,,0,20,,1074,62,,,0,20,,1075,62,,,0,60,,1076,62,,,0,20,,1077,62,,,0,20,,1078,62,,,0,61,,1079,62,,,0,24,,1080,62,,,0,25,,1081,62,,,0,62,,1082,62,,,0,15,,1083,62,,,0,15,,1084,62,,,0,55,,1085,62,,,0,15,,1086,62,,,0,15,,1087,62,,,0,15,,1088,62,,,0,53,,1089,62,,,0,12,,1090,62,,,0,11,,1091,62,,,0,11,,1092,62,,,0,13,,1093,62,,,0,54,,1094,62,,,0,15,,1095,62,,,0,15,,1096,62,,,0,20,,1097,62,,,0,60,,1098,62,,,0,20,,1099,62,,,0,20,,1100,62,,,0,60,,1101,62,,,0,20,,1102,62,,,0,20,,1103,62,,,0,50,,1104,62,,,0,28,,1105,62,,,0,25,,1106,62,,,0,67,,1107,62,,,0,30,,1108,62,,,0,73,,1109,62,,,0,30,,1110,62,,,0,70,,1111,62,,,0
5600,'236.0.1',632,,3627,32,,,0,70,,3628,32,,,0,30,,3629,32,,,0,70,,3630,32,,,0,30,,3631,32,,,0,70,,3632,32,,,0,30,,3633,32,,,0,70,,3634,32,,,0,34,,3635,32,,,0,69,,3636,32,,,0,30,,3637,32,,,0,70,,3638,32,,,0,33,,3639,32,,,0,70,,3640,32,,,0,30,,3641,32,,,0,70,,3642,32,,,0,30,,3643,32,,,0,70,,3644,32,,,0,30,,3645,32,,,0,70,,3646,32,,,0,28,,3647,32,,,0,70,,3648,32,,,0,30,,3649,32,,,0,70,,3650,32,,,0,27,,3651,32,,,0,71,,3652,32,,,0,30,,3653,32,,,0,70,,3654,32,,,0,30,,3655,32,,,0,70,,3656,32,,,0,30,,3657,32,,,0,70,,3658,32,,,0,30,,3659,32,,,0,70,,3660,32,,,0,30,,3661,32,,,0,70,,3662,32,,,0
5600,'236.0.2',731,,3663,32,,,0,70,,3664,32,,,0,30,,3665,32,,,0,70,,3666,32,,,0,30,,3667,32,,,0,70,,3668,32,,,0,33,,3669,32,,,0,70,,3670,32,,,0,30,,3671,32,,,0,70,,3672,32,,,0,30,,3673,32,,,0,70,,3674,32,,,0,30,,3675,32,,,0,70,,3676,32,,,0,30,,3677,32,,,0,70,,3678,32,,,0,30,,3679,32,,,0,70,,3680,32,,,0,30,,3681,32,,,0,70,,3682,32,,,0,30,,3683,32,,,0,70,,3684,32,,,0,30,,3685,32,,,0,70,,3686,32,,,0,27,,3687,32,,,0,70,,3688,32,,,0,30,,3689,32,,,0,70,,3690,32,,,0,30,,3691,32,,,0,70,,3692,32,,,0,30,,3693,32,,,0
5600,'236.0.3',637,,3694,32,,,0,70,,3695,32,,,0,30,,3696,32,,,0,70,,3697,32,,,0,30,,3698,32,,,0,70,,3699,32,,,0,30,,3700,32,,,0,70,,3701,32,,,0,30,,3702,32,,,0,70,,3703,32,,,0,31,,3704,32,,,0,71,,3705,32,,,0,30,,3706,32,,,0,70,,3707,32,,,0,30,,3708,32,,,0,70,,3709,32,,,0,30,,3710,32,,,0,70,,3711,32,,,0,30,,3712,32,,,0,70,,3713,32,,,0,30,,3714,32,,,0,70,,3715,32,,,0,30,,3716,32,,,0,70,,3717,32,,,0,25,,3718,32,,,0,70,,3719,32,,,0,30,,3720,32,,,0,70,,3721,32,,,0,30,,3722,32,,,0,70,,3723,32,,,0,30,,3724,32,,,0,70,,3725,32,,,0,28,,3726,32,,,0,70,,3727,32,,,0,30,,3728,32,,,0,70,,3729,32,,,0
18200,'236.0.3',1517,,6179,10,,,0,15,,6180,10,,,0,15,,6181,10,,,0,58,,6182,10,,,0,15,,6183,10,,,0,17,,6184,10,,,0,15,,6185,10,,,0,54,,6186,10,,,0,13,,6187,10,,,0,15,,6188,10,,,0,11,,6189,10,,,0,55,,6190,10,,,0,15,,6192,10,,,0,14,,6191,10,,,0,16,,6193,10,,,0
18300,'236.0.3',1521,,6207,10,,,0,31,,6208,10,,,0,75,,6209,10,,,0,32,,6210,10,,,0,65,,6211,10,,,0,24,,6212,10,,,0,69,,6213,10,,,0
18500,'236.0.3',1529,,6220,10,,,0,15,,6221,10,,,0,15,,6222,10,,,0,60,,6223,10,,,0,15,,6224,10,,,0,18,,6225,10,,,0,55,,6226,10,,,0,15,,6227,10,,,0,8,,6228,10,,,0,10,,6231,10,,,0,15,,6229,10,,,0,55,,6232,10,,,0,15,,6230,10,,,0,15,,6233,10,,,0
18600,'236.0.3',1536,,6246,10,,,0,74,,6247,10,,,0,33,,6248,10,,,0,69,,6251,10,,,0,24,,6249,10,,,0,66,,6250,10,,,0
2005100,'236.0.3',621,,8448,31,,,0,30,,8449,31,,,0,70,,8450,31,,,0,29,,8451,31,,,0,70,,8452,31,,,0,30,,8453,31,,,0,669,,8454,31,,,0,32,,8455,31,,,0,70,,8456,31,,,0,30,,8457,31,,,0,70,,8458,31,,,0,30,,8459,31,,,0,68,,8460,31,,,0
