5900,'236.0.1',631,,3936,2,,,0,100,,3937,2,,,0,100,,3938,2,,,0,100,,3939,2,,,0,100,,3940,2,,,0,100,,3941,2,,,0,100,,3942,2,,,0,100,,3943,2,,,0,100,,3944,2,,,0,100,,3945,2,,,0,100,,3946,2,,,0,100,,3947,2,,,0,100,,3948,2,,,0,100,,3949,2,,,0,100,,3950,2,,,0,100,,3951,2,,,0,100,,3952,2,,,0,100,,3953,2,,,0
5900,'236.0.2',731,,3954,2,,,0,100,,3955,2,,,0,100,,3956,2,,,0,100,,3957,2,,,0,100,,3958,2,,,0,100,,3959,2,,,0,100,,3960,2,,,0,100,,3961,2,,,0,100,,3962,2,,,0,100,,3963,2,,,0,100,,3964,2,,,0,100,,3965,2,,,0,100,,3966,2,,,0,100,,3967,2,,,0,100,,3968,2,,,0,100,,3969,2,,,0
5900,'236.0.3',537,,3970,2,,,0,20,,3991,2,,,0,60,,3971,2,,,0,20,,3972,2,,,0,20,,3973,2,,,0,60,,3974,2,,,0,20,,3975,2,,,0,22,,3976,2,,,0,60,,3977,2,,,0,93,,3978,2,,,0,100,,3979,2,,,0,100,,3980,2,,,0,100,,3981,2,,,0,100,,3982,2,,,0,100,,3983,2,,,0,100,,3984,2,,,0,408,,3985,2,,,0,100,,3986,2,,,0,100,,3987,2,,,0,100,,3988,2,,,0,100,,3989,2,,,0,100,,3990,2,,,0
6100,'236.0.1',609,,4048,2,,,0,100,,4049,2,,,0,100,,4050,2,,,0,100,,4051,2,,,0,100,,4052,2,,,0,100,,4053,2,,,0,100,,4054,2,,,0,100,,4055,2,,,0,100,,4056,2,,,0,100,,4057,2,,,0,100,,4058,2,,,0,100,,4059,2,,,0,100,,4060,2,,,0,100,,4061,2,,,0,100,,4062,2,,,0,100,,4063,2,,,0,100,,4064,2,,,0,100,,4065,2,,,0
6100,'236.0.2',709,,4066,2,,,0,100,,4067,2,,,0,100,,4068,2,,,0,100,,4069,2,,,0,100,,4070,2,,,0,100,,4071,2,,,0,100,,4072,2,,,0,100,,4073,2,,,0,100,,4074,2,,,0,100,,4075,2,,,0,100,,4076,2,,,0,100,,4077,2,,,0,100,,4078,2,,,0,100,,4079,2,,,0,100,,4080,2,,,0,100,,4081,2,,,0
6100,'236.0.3',612,,4084,2,,,0,30,,4085,2,,,0,70,,4086,2,,,0,30,,4087,2,,,0,100,,4088,2,,,0,100,,4089,2,,,0,100,,4090,2,,,0,100,,4091,2,,,0,100,,4092,2,,,0,100,,4093,2,,,0,100,,4094,2,,,0,470,,4095,2,,,0,100,,4096,2,,,0,100,,4097,2,,,0,100,,4098,2,,,0
6301,'236.0.1',731,,4316,2,,,0,100,,4317,2,,,0,100,,4318,2,,,0,100,,4319,2,,,0,100,,4320,2,,,0,100,,4321,2,,,0,100,,4322,2,,,0,100,,4323,2,,,0,100,,4324,2,,,0,100,,4325,2,,,0,100,,4326,2,,,0,100,,4327,2,,,0,100,,4328,2,,,0,100,,4329,2,,,0,100,,4330,2,,,0,100,,4331,2,,,0
6301,'236.0.2',701,,4332,2,,,0,100,,4333,2,,,0,100,,4334,2,,,0,100,,4335,2,,,0,100,,4336,2,,,0,100,,4337,2,,,0,100,,4338,2,,,0,100,,4339,2,,,0,100,,4340,2,,,0,100,,4341,2,,,0,100,,4342,2,,,0,100,,4343,2,,,0,100,,4344,2,,,0,100,,4345,2,,,0,100,,4346,2,,,0
6301,'236.0.3',620,,4347,2,,,0,30,,4348,2,,,0,70,,4349,2,,,0,30,,4350,2,,,0,70,,4351,2,,,0,30,,4352,2,,,0,70,,4353,2,,,0,16,,4354,2,,,0,100,,4355,2,,,0,100,,4356,2,,,0,100,,4357,2,,,0,100,,4358,2,,,0,100,,4359,2,,,0,115,,4360,2,,,0,70,,4361,2,,,0,30,,4362,2,,,0,70,,4363,2,,,0,30,,4364,2,,,0,70,,4365,2,,,0,30,,4366,2,,,0,100,,4367,2,,,0,100,,4368,2,,,0,100,,4369,2,,,0,100,,4370,2,,,0
6800,'236.0.1',551,,4651,2,,,0,100,,4652,2,,,0,100,,4653,2,,,0,100,,4654,2,,,0,100,,4655,2,,,0,100,,4656,2,,,0,100,,4657,2,,,0,100,,4658,2,,,0,100,,4659,2,,,0,100,,4660,2,,,0,100,,4661,2,,,0,100,,4662,2,,,0,100,,4663,2,,,0,100,,4664,2,,,0,100,,4665,2,,,0,100,,4666,2,,,0,100,,4667,2,,,0,100,,4668,2,,,0,100,,4669,2,,,0
6800,'236.0.2',651,,4670,2,,,0,100,,4671,2,,,0,100,,4672,2,,,0,100,,4673,2,,,0,100,,4674,2,,,0,100,,4675,2,,,0,100,,4676,2,,,0,100,,4677,2,,,0,100,,4678,2,,,0,100,,4679,2,,,0,100,,4680,2,,,0,100,,4681,2,,,0,100,,4682,2,,,0,100,,4683,2,,,0,100,,4684,2,,,0,100,,4685,2,,,0
6800,'236.0.3',556,,4687,2,,,0,70,,4688,2,,,0,30,,4689,2,,,0,70,,4690,2,,,0,30,,4703,2,,,0,156,,4691,2,,,0,100,,4692,2,,,0,100,,4693,2,,,0,100,,4694,2,,,0,100,,4695,2,,,0,100,,4696,2,,,0,100,,4697,2,,,0,429,,4698,2,,,0,100,,4699,2,,,0,100,,4700,2,,,0,100,,4701,2,,,0,100,,4702,2,,,0
15900,'236.0.3',1542,,6137,15,,,0,61,,6138,15,,,0,24,,6139,15,,,0,23,,6140,15,,,0,62,,6141,15,,,0,19,,6144,15,,,0,11,,6145,15,,,0,60,,6142,15,,,0,18,,6143,15,,,0
16101,'236.0.3',1547,,6166,15,,,0,73,,6161,15,,,0,35,,6162,15,,,0,72,,6163,15,,,0,25,,6164,15,,,0,64,,6165,15,,,0
40101,'236.0.1',805,,6467,2,,,0,326,,6468,2,,,0,600,,6469,2,,,0
40101,'236.0.2',805,,6470,2,,,0,326,,6471,2,,,0,600,,6472,2,,,0
40101,'236.0.3',630,,6473,2,,,0,175,,6474,2,,,0,135,,6475,2,,,0,613,,6478,2,,,0,179,,6476,2,,,0,179,,6477,2,,,0
1016800,'236.0.3',1538,,7458,15,,,0,73,,7459,15,,,0,35,,7460,15,,,0,73,,7461,15,,,0,26,,7462,15,,,0,64,,7463,15,,,0,30,,7464,15,,,0
2016800,'236.0.3',1556,,8474,15,,,0,76,,8475,15,,,0,73,,8476,15,,,0,29,,8477,15,,,0,24,,8478,15,,,0,66,,8479,15,,,0
