100,'236.0.1',608,,2,23,,,0,15,,3,23,,,0,15,,4,23,,,0,15,,5,23,,,0,55,,6,23,,,0,15,,7,23,,,0,15,,8,23,,,0,15,,9,23,,,0,57,,10,23,,,0,15,,11,23,,,0,15,,12,23,,,0,15,,13,23,,,0,55,,14,23,,,0,16,,15,23,,,0,17,,16,23,,,0,15,,17,23,,,0,55,,18,23,,,0,15,,19,23,,,0,15,,20,23,,,0,16,,21,23,,,0,56,,22,23,,,0,15,,23,23,,,0,15,,24,23,,,0,55,,25,23,,,0,15,,26,23,,,0,15,,27,23,,,0,15,,28,23,,,0,55,,29,23,,,0,15,,30,23,,,0,15,,31,23,,,0,15,,32,23,,,0,55,,33,23,,,0,15,,34,23,,,0,15,,35,23,,,0,15,,36,23,,,0,55,,37,23,,,0,15,,38,23,,,0,15,,39,23,,,0,15,,40,23,,,0,55,,41,23,,,0,15,,42,23,,,0,15,,43,23,,,0,15,,44,23,,,0,55,,45,23,,,0,15,,46,23,,,0,15,,47,23,,,0,15,,48,23,,,0,55,,49,23,,,0,15,,50,23,,,0,15,,51,23,,,0,15,,52,23,,,0,55,,53,23,,,0,14,,54,23,,,0,14,,55,23,,,0,15,,56,23,,,0,15,,57,23,,,0,55,,58,23,,,0,15,,59,23,,,0,15,,60,23,,,0,15,,61,23,,,0,55,,62,23,,,0,15,,63,23,,,0,15,,64,23,,,0,15,,65,23,,,0,54,,66,23,,,0,13,,67,23,,,0,15,,68,23,,,0,15,,69,23,,,0,55,,70,23,,,0,15,,71,23,,,0,15,,72,23,,,0,15,,73,23,,,0,55,,74,23,,,0,15,,75,23,,,0,15,,76,23,,,0,15,,77,23,,,0
100,'236.0.2',609,,78,23,,,0,15,,79,23,,,0,15,,80,23,,,0,15,,81,23,,,0,55,,82,23,,,0,15,,83,23,,,0,15,,84,23,,,0,15,,85,23,,,0,55,,86,23,,,0,15,,87,23,,,0,17,,88,23,,,0,15,,89,23,,,0,55,,90,23,,,0,15,,91,23,,,0,15,,92,23,,,0,15,,93,23,,,0,56,,94,23,,,0,17,,95,23,,,0,15,,96,23,,,0,15,,97,23,,,0,55,,98,23,,,0,15,,99,23,,,0,15,,100,23,,,0,56,,101,23,,,0,16,,102,23,,,0,15,,103,23,,,0,15,,104,23,,,0,55,,105,23,,,0,15,,106,23,,,0,15,,107,23,,,0,15,,108,23,,,0,55,,109,23,,,0,15,,110,23,,,0,15,,111,23,,,0,15,,112,23,,,0,55,,113,23,,,0,15,,114,23,,,0,15,,115,23,,,0,15,,116,23,,,0,55,,117,23,,,0,15,,118,23,,,0,15,,119,23,,,0,15,,120,23,,,0,55,,121,23,,,0,15,,122,23,,,0,15,,123,23,,,0,15,,124,23,,,0,55,,125,23,,,0,15,,126,23,,,0,13,,127,23,,,0,13,,128,23,,,0,15,,129,23,,,0,55,,130,23,,,0,15,,131,23,,,0,15,,132,23,,,0,15,,133,23,,,0,55,,134,23,,,0,15,,135,23,,,0,30,,136,23,,,0,70,,137,23,,,0,30,,138,23,,,0,68,,139,23,,,0,30,,140,23,,,0,70,,141,23,,,0,30,,142,23,,,0
100,'236.0.3',618,,144,23,,,0,10,,145,23,,,0,10,,146,23,,,0,10,,147,23,,,0,10,,148,23,,,0,50,,149,23,,,0,10,,150,23,,,0,11,,151,23,,,0,12,,152,23,,,0,13,,153,23,,,0,50,,154,23,,,0,10,,155,23,,,0,10,,156,23,,,0,10,,157,23,,,0,10,,158,23,,,0,10,,159,23,,,0,50,,160,23,,,0,10,,161,23,,,0,9,,162,23,,,0,9,,163,23,,,0,9,,164,23,,,0,10,,165,23,,,0,50,,166,23,,,0,10,,167,23,,,0,10,,168,23,,,0,10,,169,23,,,0,10,,170,23,,,0,10,,171,23,,,0,50,,172,23,,,0,10,,173,23,,,0,10,,174,23,,,0,10,,175,23,,,0,10,,176,23,,,0,10,,177,23,,,0,50,,178,23,,,0,10,,179,23,,,0,10,,180,23,,,0,10,,181,23,,,0,10,,182,23,,,0,10,,183,23,,,0,50,,184,23,,,0,10,,185,23,,,0,10,,186,23,,,0,10,,187,23,,,0,10,,188,23,,,0,10,,189,23,,,0,50,,190,23,,,0,10,,191,23,,,0,10,,192,23,,,0,10,,193,23,,,0,10,,194,23,,,0,10,,195,23,,,0,50,,196,23,,,0,10,,197,23,,,0,10,,198,23,,,0,12,,199,23,,,0,10,,200,23,,,0,10,,201,23,,,0,50,,202,23,,,0,10,,203,23,,,0,10,,204,23,,,0,10,,205,23,,,0,10,,206,23,,,0,10,,207,23,,,0,50,,208,23,,,0,10,,209,23,,,0,10,,210,23,,,0,10,,211,23,,,0,10,,212,23,,,0,10,,213,23,,,0,49,,214,23,,,0,8,,215,23,,,0,8,,216,23,,,0,10,,217,23,,,0,10,,218,23,,,0,10,,219,23,,,0,10,,220,23,,,0,50,,221,23,,,0,10,,222,23,,,0,10,,223,23,,,0,10,,224,23,,,0,10,,225,23,,,0,10,,226,23,,,0,50,,227,23,,,0,10,,228,23,,,0,10,,229,23,,,0,10,,230,23,,,0,10,,231,23,,,0,10,,232,23,,,0,50,,233,23,,,0,10,,234,23,,,0,10,,235,23,,,0,10,,236,23,,,0,10,,237,23,,,0,10,,238,23,,,0,50,,239,23,,,0,8,,240,23,,,0,15,,241,23,,,0,15,,242,23,,,0,55,,243,23,,,0,15,,244,23,,,0,15,,245,23,,,0,15,,246,23,,,0,55,,247,23,,,0,15,,248,23,,,0,15,,249,23,,,0,15,,250,23,,,0
801,'236.0.1',617,,1843,78,,,0,30,,1844,78,,,0,70,,1845,78,,,0,30,,1846,78,,,0,73,,1847,78,,,0,33,,1848,78,,,0,70,,1849,78,,,0,31,,1850,78,,,0,74,,1851,78,,,0,74,,1852,78,,,0,30,,1853,78,,,0,70,,1854,78,,,0,30,,1855,78,,,0,71,,1856,78,,,0,31,,1857,78,,,0,71,,1858,78,,,0,30,,1859,78,,,0,70,,1860,78,,,0,30,,1861,78,,,0,70,,1862,78,,,0,30,,1863,78,,,0,70,,1864,78,,,0,30,,1865,78,,,0,68,,1866,78,,,0,28,,1867,78,,,0,69,,1868,78,,,0,30,,1869,78,,,0,25,,1870,78,,,0,65,,1871,78,,,0,29,,1872,78,,,0,70,,1873,78,,,0,30,,1874,78,,,0,70,,1875,78,,,0,30,,1876,78,,,0,70,,1877,78,,,0,30,,1878,78,,,0,70,,1879,78,,,0,100,,1880,78,,,0
801,'236.0.2',623,,1881,78,,,0,30,,1882,78,,,0,70,,1883,78,,,0,30,,1884,78,,,0,70,,1885,78,,,0,30,,1886,78,,,0,72,,1887,78,,,0,75,,1888,78,,,0,30,,1889,78,,,0,72,,1890,78,,,0,33,,1891,78,,,0,70,,1892,78,,,0,30,,1893,78,,,0,70,,1894,78,,,0,30,,1895,78,,,0,70,,1896,78,,,0,30,,1897,78,,,0,70,,1898,78,,,0,30,,1899,78,,,0,70,,1900,78,,,0,30,,1901,78,,,0,70,,1902,78,,,0,30,,1903,78,,,0,70,,1904,78,,,0,26,,1905,78,,,0,28,,1906,78,,,0,70,,1907,78,,,0,30,,1908,78,,,0,70,,1909,78,,,0,30,,1910,78,,,0,65,,1911,78,,,0,27,,1912,78,,,0,70,,1913,78,,,0,30,,1914,78,,,0,100,,1915,78,,,0,100,,1916,78,,,0
801,'236.0.3',612,,1917,78,,,0,30,,1918,78,,,0,72,,1919,78,,,0,24,,1920,78,,,0,70,,1921,78,,,0,20,,1922,78,,,0,20,,1923,78,,,0,60,,1924,78,,,0,16,,1925,78,,,0,16,,1926,78,,,0,17,,1927,78,,,0,60,,1928,78,,,0,20,,1929,78,,,0,20,,1930,78,,,0,60,,1931,78,,,0,20,,1932,78,,,0,20,,1933,78,,,0,60,,1934,78,,,0,20,,1935,78,,,0,20,,1936,78,,,0,60,,1937,78,,,0,20,,1938,78,,,0,20,,1939,78,,,0,60,,1940,78,,,0,20,,1941,78,,,0,20,,1942,78,,,0,63,,1943,78,,,0,20,,1944,78,,,0,63,,1945,78,,,0,33,,1946,78,,,0,70,,1947,78,,,0,30,,1948,78,,,0,70,,1949,78,,,0,20,,1950,78,,,0,25,,1951,78,,,0,68,,1952,78,,,0,30,,1953,78,,,0,70,,1954,78,,,0,30,,1955,78,,,0,69,,1956,78,,,0,26,,1957,78,,,0,69,,1958,78,,,0,30,,1959,78,,,0,70,,1960,78,,,0,30,,1961,78,,,0,70,,1962,78,,,0,30,,1963,78,,,0,70,,1964,78,,,0
12300,'236.0.3',642,,6032,36,,,0,70,,6034,36,,,0,110,,6035,36,,,0,29,,6036,36,,,0,66,,6033,36,,,0
12300,'236.1141.3',749,,6037,36,,,0
12300,'236.1143.3',749,,6038,36,,,0
12700,'236.0.3',644,,6052,26,,,0,58,,6053,26,,,0,22,,6054,26,,,0,11,,6055,26,,,0,9,,6056,26,,,0,60,,6057,26,,,0,15,,6058,26,,,0,15,,6059,26,,,0,5,,6060,26,,,0
18200,'236.0.3',1453,,6179,3,,,0,55,,6180,3,,,0,15,,6181,3,,,0,15,,6182,3,,,0,14,,6183,3,,,0,55,,6184,3,,,0,14,,6185,3,,,0,15,,6186,3,,,0,15,,6187,3,,,0,58,,6188,3,,,0,15,,6189,3,,,0,15,,6190,3,,,0,15,,6192,3,,,0,54,,6191,3,,,0,16,,6193,3,,,0
18300,'236.0.3',1457,,6207,3,,,0,70,,6208,3,,,0,31,,6209,3,,,0,70,,6210,3,,,0,30,,6211,3,,,0,69,,6212,3,,,0,29,,6213,3,,,0
18500,'236.0.3',1505,,6220,3,,,0,15,,6221,3,,,0,15,,6222,3,,,0,16,,6223,3,,,0,55,,6224,3,,,0,15,,6225,3,,,0,15,,6226,3,,,0,15,,6227,3,,,0,54,,6228,3,,,0,14,,6231,3,,,0,15,,6229,3,,,0,15,,6232,3,,,0,55,,6230,3,,,0,15,,6233,3,,,0
18600,'236.0.3',1512,,6246,3,,,0,31,,6247,3,,,0,70,,6248,3,,,0,30,,6251,3,,,0,69,,6249,3,,,0,29,,6250,3,,,0
19200,'236.0.3',1515,,6258,3,,,0,30,,6259,3,,,0,70,,6260,3,,,0,30,,6261,3,,,0,70,,6262,3,,,0,30,,6263,3,,,0
19401,'236.0.3',1536,,6274,3,,,0,70,,6275,3,,,0,30,,6276,3,,,0,70,,6277,3,,,0
19600,'236.0.3',1538,,6278,3,,,0,70,,6279,3,,,0,30,,6280,3,,,0,71,,6281,3,,,0
1000901,'236.0.1',718,,6973,52,,,0,100,,6974,52,,,0,103,,6975,52,,,0,100,,6976,52,,,0,100,,6977,52,,,0,100,,6978,52,,,0,100,,6979,52,,,0,100,,6980,52,,,0,100,,6981,52,,,0,100,,6982,52,,,0,100,,6983,52,,,0,96,,6984,52,,,0,100,,6985,52,,,0,100,,6986,52,,,0,97,,6987,52,,,0,100,,6988,52,,,0,100,,6989,52,,,0,100,,6990,52,,,0
1000901,'236.0.2',712,,6991,52,,,0,98,,6992,52,,,0,105,,6993,52,,,0,100,,6994,52,,,0,103,,6995,52,,,0,100,,6996,52,,,0,100,,6997,52,,,0,100,,6998,52,,,0,100,,6999,52,,,0,100,,7000,52,,,0,100,,7001,52,,,0,100,,7002,52,,,0,100,,7003,52,,,0,97,,7004,52,,,0,96,,7005,52,,,0,100,,7006,52,,,0,99,,7007,52,,,0,99,,7008,52,,,0
1000901,'236.0.3',602,,7009,52,,,0,27,,7010,52,,,0,25,,7011,52,,,0,50,,7012,52,,,0,6,,7013,52,,,0,17,,7014,52,,,0,23,,7015,52,,,0,5,,7016,52,,,0,55,,7017,52,,,0,10,,7018,52,,,0,20,,7019,52,,,0,10,,7020,52,,,0,59,,7021,52,,,0,9,,7022,52,,,0,8,,7023,52,,,0,10,,7024,52,,,0,65,,7025,52,,,0,15,,7026,52,,,0,15,,7027,52,,,0,70,,7028,52,,,0,15,,7029,52,,,0,15,,7030,52,,,0,70,,7031,52,,,0,15,,7032,52,,,0,15,,7033,52,,,0,70,,7034,52,,,0,15,,7035,52,,,0,15,,7036,52,,,0,70,,7037,52,,,0,15,,7038,52,,,0,15,,7039,52,,,0,70,,7040,52,,,0,17,,7041,52,,,0,15,,7042,52,,,0,69,,7043,52,,,0,25,,7044,52,,,0,5,,7045,52,,,0,25,,7046,52,,,0,50,,7047,52,,,0,20,,7048,52,,,0,10,,7049,52,,,0,20,,7050,52,,,0,50,,7051,52,,,0,18,,7052,52,,,0,9,,7053,52,,,0,17,,7054,52,,,0,50,,7055,52,,,0,25,,7056,52,,,0,30,,7057,52,,,0,71,,7058,52,,,0,29,,7059,52,,,0,68,,7060,52,,,0,25,,7061,52,,,0,70,,7062,52,,,0,35,,7063,52,,,0,60,,7064,52,,,0,40,,7065,52,,,0,60,,7066,52,,,0,40,,7067,52,,,0,60,,7068,52,,,0
1001000,'236.0.3',629,,7069,12,,,0,19,,7070,12,,,0,59,,7071,12,,,0,28,,7072,12,,,0,18,,7073,12,,,0,59,,7074,12,,,0,20,,7075,12,,,0,20,,7076,12,,,0,60,,7077,12,,,0,500,,7078,12,,,0,19,,7079,12,,,0,20,,7080,12,,,0,60,,7081,12,,,0,20,,7082,12,,,0,22,,7083,12,,,0,60,,7084,12,,,0,20,,7085,12,,,0,20,,7086,12,,,0,50,,7087,12,,,0,29,,7088,12,,,0,20,,7089,12,,,0,60,,7090,12,,,0,18,,7091,12,,,0
2000901,'236.0.1',648,,8002,68,0,13,0,100,,8003,68,0,13,0,99,,8004,68,0,13,0,104,,8005,68,0,13,0,100,,8006,68,0,13,0,100,,8007,68,0,13,0,100,,8008,68,0,13,0,100,,8009,68,0,13,0,100,,8010,68,0,13,0,100,,8011,68,0,13,0,100,,8012,68,0,13,0,100,,8013,68,0,13,0,96,,8014,68,0,13,0,100,,8015,68,0,13,0,97,,8016,68,0,13,0,100,,8017,68,0,13,0,100,,8018,68,0,13,0,100,,8019,68,0,13,0,100,,8020,68,0,13,0
2000901,'236.0.2',642,,8021,68,0,13,0,100,,8022,68,0,13,0,98,,8023,68,0,13,0,105,,8024,68,0,13,0,100,,8025,68,0,13,0,103,,8026,68,0,13,0,100,,8027,68,0,13,0,100,,8028,68,0,13,0,100,,8029,68,0,13,0,100,,8030,68,0,13,0,100,,8031,68,0,13,0,100,,8032,68,0,13,0,100,,8033,68,0,13,0,100,,8034,68,0,13,0,93,,8035,68,0,13,0,100,,8036,68,0,13,0,100,,8037,68,0,13,0,97,,8038,68,0,13,0,100,,8039,68,0,13,0
2000901,'236.0.3',614,,8040,68,0,13,0,30,,8041,68,0,13,0,71,,8042,68,0,13,0,85,,8043,68,0,13,0,30,,8044,68,0,13,0,29,,8045,68,0,13,0,58,,8046,68,0,13,0,29,,8047,68,0,13,0,100,,8048,68,0,13,0,100,,8049,68,0,13,0,100,,8050,68,0,13,0,100,,8051,68,0,13,0,100,,8052,68,0,13,0,101,,8053,68,0,13,0,70,,8054,68,0,13,0,30,,8055,68,0,13,0,70,,8056,68,0,13,0,30,,8057,68,0,13,0,70,,8058,68,0,13,0,25,,8059,68,0,13,0,69,,8060,68,0,13,0,30,,8061,68,0,13,0,70,,8062,68,0,13,0,30,,8063,68,0,13,0,70,,8064,68,0,13,0,26,,8065,68,0,13,0,22,,8066,68,0,13,0,70,,8067,68,0,13,0,100,,8068,68,0,13,0,100,,8069,68,0,13,0
2001000,'236.0.1',639,,8072,12,,,0,85,,8073,12,,,0,30,,8074,12,,,0,70,,8075,12,,,0,30,,8076,12,,,0,70,,8077,12,,,0,31,,8078,12,,,0,70,,8079,12,,,0,30,,8080,12,,,0,71,,8081,12,,,0,30,,8082,12,,,0,70,,8083,12,,,0,30,,8084,12,,,0,70,,8085,12,,,0,30,,8086,12,,,0,70,,8087,12,,,0,30,,8088,12,,,0,70,,8089,12,,,0,30,,8090,12,,,0,70,,8091,12,,,0,30,,8092,12,,,0,70,,8093,12,,,0,30,,8094,12,,,0,70,,8095,12,,,0,29,,8096,12,,,0,70,,8097,12,,,0,30,,8098,12,,,0,85,,8099,12,,,0,99,,8100,12,,,0,100,,8101,12,,,0,100,,8102,12,,,0
2001000,'236.0.2',639,,8103,12,,,0,115,,8104,12,,,0,70,,8105,12,,,0,30,,8106,12,,,0,70,,8107,12,,,0,31,,8108,12,,,0,70,,8109,12,,,0,30,,8110,12,,,0,70,,8111,12,,,0,30,,8112,12,,,0,70,,8113,12,,,0,30,,8114,12,,,0,70,,8115,12,,,0,30,,8116,12,,,0,70,,8117,12,,,0,30,,8118,12,,,0,70,,8119,12,,,0,30,,8120,12,,,0,70,,8121,12,,,0,30,,8122,12,,,0,70,,8123,12,,,0,30,,8124,12,,,0,85,,8125,12,,,0,99,,8126,12,,,0,100,,8127,12,,,0,100,,8128,12,,,0,100,,8129,12,,,0,100,,8130,12,,,0,100,,8131,12,,,0
2001000,'236.0.3',551,,8132,12,,,0,91,,8133,12,,,0,60,,8134,12,,,0,20,,8135,12,,,0,20,,8136,12,,,0,62,,8137,12,,,0,21,,8138,12,,,0,20,,8139,12,,,0,60,,8140,12,,,0,37,,8141,12,,,0,70,,8142,12,,,0,30,,8143,12,,,0,70,,8144,12,,,0,30,,8145,12,,,0,70,,8146,12,,,0,30,,8147,12,,,0,70,,8148,12,,,0,30,,8149,12,,,0,65,,8150,12,,,0,17,,8151,12,,,0,20,,8152,12,,,0,60,,8153,12,,,0,20,,8154,12,,,0,22,,8155,12,,,0,60,,8156,12,,,0,20,,8157,12,,,0,20,,8158,12,,,0,60,,8159,12,,,0,19,,8160,12,,,0,20,,8161,12,,,0,60,,8162,12,,,0,18,,8163,12,,,0,23,,8164,12,,,0,60,,8165,12,,,0,24,,8166,12,,,0,70,,8167,12,,,0,30,,8168,12,,,0,70,,8169,12,,,0,30,,8170,12,,,0
3001000,'236.0.1',609,,8621,12,0,14,0,100,,8622,12,0,14,0,30,,8623,12,0,14,0,70,,8624,12,0,14,0,30,,8625,12,0,14,0,70,,8626,12,0,14,0,31,,8627,12,0,14,0,70,,8628,12,0,14,0,30,,8629,12,0,14,0,70,,8630,12,0,14,0,31,,8631,12,0,14,0,70,,8632,12,0,14,0,30,,8633,12,0,14,0,70,,8634,12,0,14,0,30,,8635,12,0,14,0,70,,8636,12,0,14,0,30,,8637,12,0,14,0,70,,8638,12,0,14,0,30,,8639,12,0,14,0,70,,8640,12,0,14,0,30,,8641,12,0,14,0,70,,8642,12,0,14,0,30,,8643,12,0,14,0,70,,8644,12,0,14,0,29,,8645,12,0,14,0,70,,8646,12,0,14,0,100,,8647,12,0,14,0,100,,8648,12,0,14,0,99,,8649,12,0,14,0,100,,8650,12,0,14,0,100,,8651,12,0,14,0
3001000,'236.0.2',609,,8653,12,0,14,0,100,,8654,12,0,14,0,30,,8655,12,0,14,0,70,,8656,12,0,14,0,30,,8657,12,0,14,0,70,,8658,12,0,14,0,30,,8659,12,0,14,0,71,,8660,12,0,14,0,30,,8661,12,0,14,0,70,,8662,12,0,14,0,30,,8663,12,0,14,0,70,,8664,12,0,14,0,30,,8665,12,0,14,0,70,,8666,12,0,14,0,30,,8667,12,0,14,0,70,,8668,12,0,14,0,30,,8669,12,0,14,0,70,,8670,12,0,14,0,30,,8671,12,0,14,0,70,,8672,12,0,14,0,30,,8673,12,0,14,0,70,,8674,12,0,14,0,30,,8675,12,0,14,0,70,,8676,12,0,14,0,100,,8677,12,0,14,0,99,,8678,12,0,14,0,100,,8679,12,0,14,0,100,,8680,12,0,14,0,100,,8681,12,0,14,0
3001000,'236.0.3',556,,8685,12,0,14,0,59,,8686,12,0,14,0,20,,8687,12,0,14,0,19,,8688,12,0,14,0,58,,8689,12,0,14,0,17,,8690,12,0,14,0,18,,8691,12,0,14,0,72,,8692,12,0,14,0,20,,8693,12,0,14,0,20,,8694,12,0,14,0,68,,8695,12,0,14,0,30,,8696,12,0,14,0,70,,8697,12,0,14,0,30,,8698,12,0,14,0,70,,8699,12,0,14,0,30,,8700,12,0,14,0,70,,8701,12,0,14,0,30,,8702,12,0,14,0,70,,8703,12,0,14,0,30,,8704,12,0,14,0,60,,8705,12,0,14,0,20,,8706,12,0,14,0,20,,8707,12,0,14,0,60,,8708,12,0,14,0,20,,8709,12,0,14,0,22,,8710,12,0,14,0,60,,8711,12,0,14,0,20,,8712,12,0,14,0,20,,8713,12,0,14,0,59,,8714,12,0,14,0,20,,8715,12,0,14,0,20,,8716,12,0,14,0,58,,8717,12,0,14,0,20,,8718,12,0,14,0,20,,8719,12,0,14,0,59,,8720,12,0,14,0,30,,8721,12,0,14,0,70,,8722,12,0,14,0,30,,8723,12,0,14,0,70,,8724,12,0,14,0,30,,8725,12,0,14,0,68,,8726,12,0,14,0,30,,8727,12,0,14,0,70,,8728,12,0,14,0,30,,8729,12,0,14,0,70,,8730,12,0,14,0
