8200,'236.0.1',606,,4912,3,,,0,100,,4913,3,,,0,100,,4914,3,,,0,100,,4915,3,,,0,100,,4916,3,,,0,100,,4917,3,,,0,100,,4918,3,,,0,100,,4919,3,,,0,100,,4920,3,,,0,100,,4921,3,,,0,100,,4922,3,,,0,100,,4923,3,,,0,100,,4924,3,,,0,100,,4925,3,,,0,100,,4926,3,,,0,100,,4927,3,,,0,100,,4928,3,,,0
8200,'236.0.2',608,,4929,3,,,0,100,,4930,3,,,0,100,,4931,3,,,0,100,,4932,3,,,0,100,,4933,3,,,0,100,,4934,3,,,0,100,,4935,3,,,0,100,,4936,3,,,0,100,,4937,3,,,0,100,,4938,3,,,0,100,,4939,3,,,0,100,,4940,3,,,0,100,,4941,3,,,0,100,,4942,3,,,0,100,,4943,3,,,0,100,,4944,3,,,0
8200,'236.0.3',556,,4945,3,,,0,64,,4946,3,,,0,28,,4947,3,,,0,70,,4948,3,,,0,30,,4949,3,,,0,93,,4950,3,,,0,69,,4951,3,,,0,100,,4952,3,,,0,100,,4953,3,,,0,100,,4954,3,,,0,100,,4955,3,,,0,100,,4956,3,,,0,100,,4957,3,,,0,430,,4958,3,,,0,100,,4959,3,,,0,100,,4960,3,,,0,100,,4961,3,,,0
8400,'236.0.1',658,,5114,16,,,0,100,,5115,16,,,0,100,,5116,16,,,0,100,,5117,16,,,0,101,,5118,16,,,0,97,,5119,16,,,0,100,,5120,16,,,0,100,,5121,16,,,0,100,,5122,16,,,0,100,,5123,16,,,0,100,,5124,16,,,0,100,,5125,16,,,0,98,,5126,16,,,0,105,,5127,16,,,0,100,,5128,16,,,0,100,,5129,16,,,0,100,,5130,16,,,0
8400,'236.0.2',703,,5131,16,,,0,100,,5132,16,,,0,100,,5133,16,,,0,100,,5134,16,,,0,101,,5135,16,,,0,96,,5136,16,,,0,100,,5137,16,,,0,100,,5138,16,,,0,100,,5139,16,,,0,100,,5140,16,,,0,104,,5141,16,,,0,100,,5142,16,,,0,100,,5143,16,,,0,100,,5144,16,,,0,98,,5145,16,,,0,100,,5146,16,,,0,100,,5147,16,,,0
8400,'236.0.3',611,,5178,16,,,0,30,,5148,16,,,0,70,,5149,16,,,0,31,,5150,16,,,0,71,,5151,16,,,0,30,,5152,16,,,0,70,,5153,16,,,0,100,,5154,16,,,0,100,,5155,16,,,0,100,,5156,16,,,0,100,,5157,16,,,0,100,,5158,16,,,0,104,,5159,16,,,0,30,,5160,16,,,0,55,,5161,16,,,0,15,,5162,16,,,0,15,,5163,16,,,0,15,,5164,16,,,0,55,,5165,16,,,0,15,,5166,16,,,0,15,,5167,16,,,0,14,,5168,16,,,0,55,,5169,16,,,0,12,,5170,16,,,0,15,,5179,16,,,0,15,,5171,16,,,0,98,,5172,16,,,0,100,,5173,16,,,0,100,,5174,16,,,0,100,,5175,16,,,0,103,,5176,16,,,0,103,,5177,16,,,0
8800,'236.0.1',715,,5621,13,,,0,100,,5622,13,,,0,100,,5623,13,,,0,100,,5624,13,,,0,100,,5625,13,,,0,100,,5626,13,,,0,100,,5627,13,,,0,100,,5628,13,,,0,100,,5629,13,,,0,100,,5630,13,,,0,100,,5631,13,,,0,100,,5632,13,,,0,100,,5633,13,,,0,100,,5634,13,,,0,100,,5635,13,,,0,100,,5636,13,,,0
8800,'236.0.2',715,,5637,13,,,0,100,,5638,13,,,0,100,,5639,13,,,0,100,,5640,13,,,0,100,,5641,13,,,0,100,,5642,13,,,0,100,,5643,13,,,0,100,,5644,13,,,0,100,,5645,13,,,0,100,,5646,13,,,0,100,,5647,13,,,0,100,,5648,13,,,0,100,,5649,13,,,0,100,,5650,13,,,0,100,,5651,13,,,0
8800,'236.0.3',633,,5652,13,,,0,100,,5653,13,,,0,100,,5654,13,,,0,100,,5655,13,,,0,100,,5656,13,,,0,100,,5657,13,,,0,100,,5658,13,,,0,100,,5659,13,,,0,100,,5660,13,,,0,100,,5661,13,,,0,100,,5662,13,,,0,100,,5663,13,,,0,75,,5664,13,,,0,40,,5665,13,,,0,100,,5666,13,,,0,100,,5667,13,,,0,100,,5668,13,,,0
18200,'236.0.3',1530,,6179,22,,,0,15,,6180,22,,,0,57,,6181,22,,,0,18,,6182,22,,,0,14,,6183,22,,,0,17,,6184,22,,,0,55,,6185,22,,,0,13,,6186,22,,,0,13,,6187,22,,,0,15,,6188,22,,,0,11,,6189,22,,,0,55,,6190,22,,,0,15,,6192,22,,,0,14,,6191,22,,,0,16,,6193,22,,,0
