6301,'220.0.1',735,,6195,,,0,100,,6196,,,0,100,,6197,,,0,100,,6198,,,0,100,,6199,,,0,100,,6200,,,0,100,,6201,,,0,100,,6202,,,0,100,,6203,,,0,100,,6204,,,0,100,,6205,,,0,100,,6206,,,0,99,,6207,,,0,100,,6208,,,0,100,,6209,,,0,100,,6210,,,0
6301,'220.0.2',704,,6211,,,0,100,,6212,,,0,100,,6213,,,0,100,,6214,,,0,100,,6215,,,0,100,,6216,,,0,100,,6217,,,0,100,,6218,,,0,100,,6219,,,0,100,,6220,,,0,100,,6221,,,0,100,,6222,,,0,100,,6223,,,0,100,,6224,,,0,100,,6225,,,0
6301,'220.0.3',624,,6226,,,0,30,,6227,,,0,70,,6228,,,0,30,,6229,,,0,70,,6230,,,0,30,,6231,,,0,70,,6232,,,0,16,,6233,,,0,100,,6234,,,0,100,,6235,,,0,100,,6236,,,0,100,,6237,,,0,100,,6238,,,0,115,,6239,,,0,70,,6240,,,0,30,,6241,,,0,70,,6242,,,0,30,,6243,,,0,70,,6244,,,0,30,,6245,,,0,100,,6246,,,0,100,,6247,,,0,100,,6248,,,0,100,,6249,,,0
6301,'220.0.4',624,,6250,,,0,30,,6251,,,0,70,,6252,,,0,30,,6253,,,0,70,,6254,,,0,30,,6255,,,0,70,,6256,,,0,16,,6257,,,0,100,,6258,,,0,100,,6259,,,0,100,,6260,,,0,100,,6261,,,0,100,,6262,,,0,115,,6263,,,0,70,,6264,,,0,30,,6265,,,0,70,,6266,,,0,30,,6267,,,0,70,,6268,,,0,30,,6269,,,0,100,,6270,,,0,100,,6271,,,0,100,,6272,,,0,100,,6273,,,0,100,,6274,,,0,100,,6275,,,0,100,,6276,,,0
6800,'220.0.1',553,,6719,,,0,100,,6720,,,0,100,,6721,,,0,100,,6722,,,0,100,,6723,,,0,101,,6724,,,0,100,,6725,,,0,100,,6726,,,0,100,,6727,,,0,100,,6728,,,0,100,,6729,,,0,100,,6730,,,0,100,,6731,,,0,100,,6732,,,0,99,,6733,,,0,100,,6734,,,0,100,,6735,,,0,100,,6736,,,0,100,,6737,,,0
6800,'220.0.2',653,,6738,,,0,100,,6739,,,0,100,,6740,,,0,100,,6741,,,0,100,,6742,,,0,100,,6743,,,0,101,,6744,,,0,100,,6745,,,0,100,,6746,,,0,100,,6747,,,0,100,,6748,,,0,100,,6749,,,0,100,,6750,,,0,99,,6751,,,0,100,,6752,,,0,100,,6753,,,0
6800,'220.0.3',559,,6755,,,0,70,,6756,,,0,30,,6757,,,0,70,,6758,,,0,30,,6771,,,0,156,,6759,,,0,100,,6760,,,0,100,,6761,,,0,100,,6762,,,0,100,,6763,,,0,100,,6764,,,0,100,,6765,,,0,429,,6766,,,0,100,,6767,,,0,100,,6768,,,0,100,,6769,,,0,100,,6770,,,0
6800,'220.0.4',559,,6773,,,0,70,,6774,,,0,30,,6775,,,0,70,,6776,,,0,30,,6789,,,0,156,,6777,,,0,100,,6778,,,0,100,,6779,,,0,100,,6780,,,0,100,,6781,,,0,100,,6782,,,0,100,,6783,,,0,429,,6784,,,0,100,,6785,,,0,100,,6786,,,0,100,,6787,,,0,100,,6788,,,0,100,,6790,,,0,100,,6791,,,0
1016800,'220.0.3',1541,,11029,,,0,73,,11030,,,0,35,,11031,,,0,73,,11032,,,0,26,,11033,,,0,64,,11034,,,0,30,,11035,,,0
1016800,'220.0.4',1541,,11036,,,0,73,,11037,,,0,35,,11038,,,0,73,,11039,,,0,26,,11040,,,0,64,,11041,,,0,30,,11042,,,0
2016800,'220.0.3',1559,,12513,,,0,76,,12514,,,0,73,,12515,,,0,29,,12516,,,0,64,,12517,,,0,26,,12518,,,0
2016800,'220.0.4',1559,,12519,,,0,76,,12520,,,0,73,,12521,,,0,29,,12522,,,0,64,,12523,,,0,26,,12524,,,0
