8401,'220.0.1',622,,7468,,,0,100,,7469,,,0,100,,7470,,,0,101,,7471,,,0,101,,7472,,,0,100,,7473,,,0,100,,7474,,,0,101,,7475,,,0,100,,7476,,,0,100,,7477,,,0,100,,7478,,,0,99,,7479,,,0,100,,7480,,,0,100,,7481,,,0,99,,7482,,,0,100,,7483,,,0,100,,7484,,,0
8401,'220.0.2',626,,7485,,,0,100,,7486,,,0,100,,7487,,,0,103,,7488,,,0,100,,7489,,,0,100,,7490,,,0,100,,7491,,,0,100,,7492,,,0,100,,7493,,,0,100,,7494,,,0,100,,7495,,,0,100,,7496,,,0,99,,7497,,,0,100,,7498,,,0,100,,7499,,,0,100,,7500,,,0,100,,7501,,,0
8401,'220.0.3',530,,7502,,,0,70,,7503,,,0,30,,7504,,,0,15,,7505,,,0,55,,7533,,,0,20,,7506,,,0,15,,7507,,,0,15,,7508,,,0,55,,7509,,,0,15,,7510,,,0,15,,7511,,,0,15,,7512,,,0,55,,7513,,,0,11,,7534,,,0,15,,7514,,,0,100,,7515,,,0,100,,7516,,,0,100,,7517,,,0,100,,7518,,,0,100,,7519,,,0,100,,7520,,,0,70,,7521,,,0,31,,7522,,,0,70,,7523,,,0,30,,7524,,,0,70,,7525,,,0,28,,7526,,,0,100,,7527,,,0,98,,7528,,,0,100,,7529,,,0,100,,7530,,,0,100,,7531,,,0,100,,7532,,,0
8401,'220.0.4',530,,7535,,,0,70,,7536,,,0,30,,7537,,,0,15,,7538,,,0,55,,7566,,,0,20,,7539,,,0,15,,7540,,,0,15,,7541,,,0,55,,7542,,,0,15,,7543,,,0,15,,7544,,,0,15,,7545,,,0,55,,7546,,,0,11,,7567,,,0,15,,7547,,,0,100,,7548,,,0,100,,7549,,,0,100,,7550,,,0,100,,7551,,,0,100,,7552,,,0,100,,7553,,,0,70,,7554,,,0,31,,7555,,,0,70,,7556,,,0,30,,7557,,,0,70,,7558,,,0,28,,7559,,,0,100,,7560,,,0,98,,7561,,,0,100,,7562,,,0,100,,7563,,,0,100,,7564,,,0,100,,7565,,,0,100,,7568,,,0,30,,7569,,,0
8701,'220.0.1',628,,7995,,,0,30,,7996,,,0,70,,7997,,,0,30,,7998,,,0,70,,7999,,,0,30,,8000,,,0,71,,8001,,,0,71,,8002,,,0,30,,8003,,,0,70,,8004,,,0,31,,8005,,,0,71,,8006,,,0,30,,8007,,,0,70,,8008,,,0,30,,8009,,,0,70,,8010,,,0,30,,8011,,,0,70,,8012,,,0,30,,8013,,,0,70,,8014,,,0,30,,8015,,,0,70,,8016,,,0,30,,8017,,,0,69,,8018,,,0,26,,8019,,,0,95,,8020,,,0,100,,8021,,,0,100,,8022,,,0,100,,8023,,,0,100,,8024,,,0
8701,'220.0.2',627,,8025,,,0,100,,8026,,,0,100,,8027,,,0,102,,8028,,,0,100,,8029,,,0,100,,8030,,,0,100,,8031,,,0,103,,8032,,,0,100,,8033,,,0,99,,8034,,,0,100,,8035,,,0,100,,8036,,,0,97,,8037,,,0,100,,8038,,,0,100,,8039,,,0,100,,8040,,,0,100,,8041,,,0,98,,8042,,,0
8701,'220.0.3',652,,8043,,,0,76,,8044,,,0,15,,8045,,,0,70,,8046,,,0,24,,8047,,,0,69,,8048,,,0,30,,8049,,,0,70,,8050,,,0,30,,8051,,,0,70,,8052,,,0,30,,8053,,,0,70,,8054,,,0,30,,8055,,,0,70,,8056,,,0,30,,8057,,,0,70,,8058,,,0,33,,8059,,,0,72,,8060,,,0,30,,8061,,,0,69,,8062,,,0,31,,8063,,,0,70,,8064,,,0,30,,8065,,,0,67,,8066,,,0,28,,8067,,,0,70,,8068,,,0,50,,8069,,,0,100,,8070,,,0,100,,8071,,,0,100,,8072,,,0,100,,8073,,,0
8701,'220.0.4',652,,8074,,,0,76,,8075,,,0,15,,8076,,,0,70,,8077,,,0,24,,8078,,,0,69,,8079,,,0,30,,8080,,,0,70,,8081,,,0,30,,8082,,,0,70,,8083,,,0,30,,8084,,,0,70,,8085,,,0,30,,8086,,,0,70,,8087,,,0,30,,8088,,,0,70,,8089,,,0,33,,8090,,,0,72,,8091,,,0,30,,8092,,,0,69,,8093,,,0,31,,8094,,,0,70,,8095,,,0,30,,8096,,,0,67,,8097,,,0,28,,8098,,,0,70,,8099,,,0,50,,8100,,,0,100,,8101,,,0,100,,8102,,,0,100,,8103,,,0,100,,8104,,,0,100,,8105,,,0,100,,8106,,,0
2005101,'220.0.3',605,,12487,,,0,30,,12488,,,0,70,,12489,,,0,30,,12490,,,0,70,,12491,,,0,30,,12492,,,0,675,,12493,,,0,30,,12494,,,0,70,,12495,,,0,30,,12496,,,0,70,,12497,,,0,30,,12498,,,0,73,,12499,,,0
2005101,'220.0.4',605,,12500,,,0,30,,12501,,,0,70,,12502,,,0,30,,12503,,,0,70,,12504,,,0,30,,12505,,,0,675,,12506,,,0,30,,12507,,,0,70,,12508,,,0,30,,12509,,,0,70,,12510,,,0,30,,12511,,,0,73,,12512,,,0
