3900,'236.0.1',631,,16128,,,0,70,,16129,,,0,30,,16130,,,0,70,,16131,,,0,30,,16132,,,0,70,,16133,,,0,30,,16134,,,0,70,,16135,,,0,31,,16136,,,0,71,,16137,,,0,30,,16138,,,0,70,,16139,,,0,30,,16140,,,0,70,,16141,,,0,30,,16142,,,0,70,,16143,,,0,30,,16144,,,0,70,,16145,,,0,30,,16146,,,0,70,,16147,,,0,30,,16148,,,0,70,,16149,,,0,30,,16150,,,0,70,,16151,,,0,30,,16152,,,0,70,,16153,,,0,29,,16154,,,0,70,,16155,,,0,30,,16156,,,0,70,,16157,,,0,30,,16158,,,0,70,,16159,,,0,30,,16160,,,0,70,,16161,,,0,30,,16162,,,0
3900,'236.0.2',632,,16163,,,0,100,,16164,,,0,100,,16165,,,0,100,,16166,,,0,100,,16167,,,0,101,,16168,,,0,101,,16169,,,0,100,,16170,,,0,100,,16171,,,0,100,,16172,,,0,100,,16173,,,0,100,,16174,,,0,99,,16175,,,0,100,,16176,,,0,100,,16177,,,0,100,,16178,,,0
3900,'236.0.3',638,,16179,,,0,70,,16180,,,0,33,,16181,,,0,71,,16182,,,0,30,,16183,,,0,68,,16184,,,0,26,,16185,,,0,70,,16186,,,0,30,,16187,,,0,70,,16188,,,0,30,,16189,,,0,70,,16190,,,0,30,,16191,,,0,70,,16192,,,0,30,,16193,,,0,70,,16194,,,0,30,,16195,,,0,71,,16196,,,0,35,,16197,,,0,70,,16198,,,0,30,,16199,,,0,70,,16200,,,0,30,,16201,,,0,69,,16202,,,0,26,,16203,,,0,70,,16204,,,0,100,,16205,,,0,98,,16206,,,0,100,,16207,,,0,100,,16208,,,0
8701,'236.0.1',635,,18592,,,0,70,,18593,,,0,30,,18594,,,0,70,,18595,,,0,30,,18596,,,0,70,,18597,,,0,32,,18598,,,0,71,,18599,,,0,30,,18600,,,0,70,,18601,,,0,32,,18602,,,0,71,,18603,,,0,30,,18604,,,0,70,,18605,,,0,30,,18606,,,0,70,,18607,,,0,30,,18608,,,0,70,,18609,,,0,30,,18610,,,0,70,,18611,,,0,30,,18612,,,0,70,,18613,,,0,30,,18614,,,0,69,,18615,,,0,26,,18616,,,0,95,,18617,,,0,100,,18618,,,0,100,,18619,,,0,100,,18620,,,0,100,,18621,,,0
8701,'236.0.2',634,,18622,,,0,100,,18623,,,0,100,,18624,,,0,102,,18625,,,0,100,,18626,,,0,100,,18627,,,0,102,,18628,,,0,103,,18629,,,0,100,,18630,,,0,100,,18631,,,0,100,,18632,,,0,97,,18633,,,0,97,,18634,,,0,100,,18635,,,0,100,,18636,,,0,100,,18637,,,0,100,,18638,,,0,97,,18639,,,0
8701,'236.0.3',702,,18640,,,0,36,,18641,,,0,15,,18642,,,0,70,,18643,,,0,24,,18644,,,0,69,,18645,,,0,30,,18646,,,0,70,,18647,,,0,30,,18648,,,0,70,,18649,,,0,30,,18650,,,0,70,,18651,,,0,30,,18652,,,0,70,,18653,,,0,30,,18654,,,0,70,,18655,,,0,33,,18656,,,0,72,,18657,,,0,30,,18658,,,0,69,,18659,,,0,31,,18660,,,0,70,,18661,,,0,30,,18662,,,0,66,,18663,,,0,28,,18664,,,0,70,,18665,,,0,90,,18666,,,0,100,,18667,,,0,100,,18668,,,0,100,,18669,,,0,100,,18670,,,0
2001001,'236.0.1',642,,21221,,,0,94,,21222,,,0,87,,21223,,,0,31,,21224,,,0,70,,21225,,,0,31,,21226,,,0,73,,21227,,,0,30,,21228,,,0,70,,21229,,,0,72,,21230,,,0,33,,21231,,,0,72,,21232,,,0,30,,21233,,,0,70,,21234,,,0,30,,21235,,,0,70,,21236,,,0,30,,21237,,,0,70,,21238,,,0,30,,21239,,,0,70,,21240,,,0,30,,21241,,,0,70,,21242,,,0,30,,21243,,,0,68,,21244,,,0,27,,21245,,,0,70,,21246,,,0,30,,21247,,,0,100,,21248,,,0,100,,21249,,,0,99,,21250,,,0,100,,21251,,,0
2001001,'236.0.2',637,,21252,,,0,92,,21253,,,0,90,,21254,,,0,32,,21255,,,0,70,,21256,,,0,31,,21257,,,0,72,,21258,,,0,32,,21259,,,0,71,,21260,,,0,30,,21261,,,0,70,,21262,,,0,30,,21263,,,0,70,,21264,,,0,30,,21265,,,0,72,,21266,,,0,71,,21267,,,0,30,,21268,,,0,70,,21269,,,0,30,,21270,,,0,29,,21271,,,0,70,,21272,,,0,30,,21273,,,0,70,,21274,,,0,101,,21275,,,0,100,,21276,,,0,100,,21277,,,0,100,,21278,,,0,100,,21279,,,0,100,,21280,,,0
2001001,'236.0.3',552,,21281,,,0,70,,21282,,,0,22,,21283,,,0,60,,21284,,,0,22,,21319,,,0,20,,21285,,,0,60,,21286,,,0,20,,21287,,,0,21,,21288,,,0,93,,21289,,,0,60,,21290,,,0,24,,21291,,,0,29,,21292,,,0,70,,21293,,,0,30,,21294,,,0,70,,21295,,,0,30,,21296,,,0,70,,21297,,,0,79,,21298,,,0,21,,21299,,,0,24,,21300,,,0,55,,21301,,,0,21,,21302,,,0,20,,21303,,,0,60,,21304,,,0,21,,21305,,,0,24,,21306,,,0,65,,21307,,,0,21,,21308,,,0,20,,21309,,,0,49,,21310,,,0,20,,21311,,,0,30,,21312,,,0,69,,21313,,,0,32,,21314,,,0,70,,21315,,,0,30,,21316,,,0,70,,21317,,,0,30,,21318,,,0
3001001,'236.0.1',612,,21781,,,0,94,,21782,,,0,100,,21783,,,0,33,,21784,,,0,70,,21785,,,0,30,,21786,,,0,70,,21787,,,0,34,,21788,,,0,70,,21789,,,0,31,,21790,,,0,72,,21791,,,0,34,,21792,,,0,70,,21793,,,0,30,,21794,,,0,70,,21795,,,0,30,,21796,,,0,70,,21797,,,0,30,,21798,,,0,70,,21799,,,0,30,,21800,,,0,70,,21801,,,0,30,,21802,,,0,70,,21803,,,0,30,,21804,,,0,66,,21805,,,0,28,,21806,,,0,70,,21807,,,0,100,,21808,,,0,96,,21809,,,0,95,,21810,,,0,100,,21811,,,0
3001001,'236.0.2',612,,21813,,,0,90,,21814,,,0,100,,21815,,,0,30,,21816,,,0,70,,21817,,,0,30,,21818,,,0,71,,21819,,,0,33,,21820,,,0,74,,21821,,,0,30,,21822,,,0,70,,21823,,,0,30,,21824,,,0,71,,21825,,,0,30,,21826,,,0,70,,21827,,,0,30,,21828,,,0,73,,21829,,,0,30,,21830,,,0,70,,21831,,,0,30,,21832,,,0,70,,21833,,,0,30,,21834,,,0,70,,21835,,,0,30,,21836,,,0,67,,21837,,,0,100,,21838,,,0,94,,21839,,,0,100,,21840,,,0,100,,21841,,,0
3001001,'236.0.3',537,,21843,,,0,70,,21844,,,0,30,,21845,,,0,22,,21846,,,0,62,,21847,,,0,20,,21848,,,0,18,,21849,,,0,59,,21850,,,0,20,,21851,,,0,20,,21852,,,0,72,,21853,,,0,20,,21854,,,0,60,,21855,,,0,28,,21856,,,0,70,,21857,,,0,30,,21858,,,0,70,,21859,,,0,30,,21860,,,0,70,,21861,,,0,30,,21862,,,0,70,,21863,,,0,30,,21864,,,0,70,,21865,,,0,21,,21866,,,0,20,,21867,,,0,60,,21868,,,0,21,,21869,,,0,27,,21870,,,0,63,,21871,,,0,20,,21872,,,0,60,,21873,,,0,18,,21874,,,0,16,,21875,,,0,17,,21876,,,0,54,,21877,,,0,14,,21878,,,0,19,,21879,,,0,79,,21880,,,0,30,,21881,,,0,70,,21882,,,0,30,,21883,,,0,70,,21884,,,0,27,,21885,,,0,64,,21886,,,0
