12301,'236.0.3',1530,,19097,,,0,70,,19099,,,0,30,,19100,,,0,70,,19089,,,0,30,,19094,,,0,28,,19098,,,0,70,,19101,,,0
12701,'236.0.3',1547,,19111,,,0,55,,19112,,,0,15,,19113,,,0,85,,19114,,,0,15,,19115,,,0,15,,19116,,,0,15,,19117,,,0
12701,'236.1141.3',1627,,19118,,,0,20,,19119,,,0
12701,'236.1143.3',1627,,19120,,,0,20,,19121,,,0
18201,'236.0.3',623,,19244,4,,0,15,,19245,4,,0,15,,19246,4,,0,56,,19247,4,,0,19,,19248,4,,0,19,,19249,4,,0,59,,19250,4,,0,13,,19256,4,,0,15,,19251,4,,0,15,,19252,4,,0,55,,19253,4,,0,15,,19255,4,,0,15,,19254,4,,0
18301,'236.0.3',656,,19264,4,,0,72,,19265,4,,0,81,,19266,4,,0,30,,19267,4,,0,70,,19268,4,,0,30,,19269,4,,0
18501,'236.0.3',634,,19284,4,,0,23,,19294,4,,0,48,,19285,4,,0,16,,19286,4,,0,17,,19287,4,,0,21,,19293,4,,0,59,,19288,4,,0,14,,19289,4,,0,15,,19290,4,,0,55,,19291,4,,0,15,,19292,4,,0,15,,19295,4,,0
18601,'236.0.3',641,,19302,4,,0,72,,19303,4,,0,34,,19304,4,,0,78,,19305,4,,0,29,,19306,4,,0,70,,19307,4,,0
19201,'236.0.3',654,,19319,4,,0,70,,19314,4,,0,30,,19315,4,,0,70,,19316,4,,0,30,,19317,4,,0,70,,19318,4,,0
19400,'236.0.3',725,,19320,4,,0,30,,19321,4,,0,70,,19322,4,,0,30,,19323,4,,0
19601,'236.0.3',725,,19332,4,,0,29,,19333,4,,0,65,,19334,4,,0,34,,19335,4,,0
1000900,'236.0.1',654,,19933,,,0,100,,19934,,,0,100,,19935,,,0,96,,19936,,,0,100,,19937,,,0,96,,19938,,,0,100,,19939,,,0,100,,19940,,,0,100,,19941,,,0,100,,19942,,,0,100,,19943,,,0,100,,19944,,,0,100,,19945,,,0,104,,19946,,,0,100,,19947,,,0,100,,19948,,,0,100,,19949,,,0,100,,19950,,,0
1000900,'236.0.2',652,,19951,,,0,96,,19952,,,0,100,,19953,,,0,100,,19954,,,0,102,,19955,,,0,100,,19956,,,0,100,,19957,,,0,100,,19958,,,0,100,,19959,,,0,100,,19960,,,0,100,,19961,,,0,100,,19962,,,0,100,,19963,,,0,100,,19964,,,0,100,,19965,,,0,100,,19966,,,0,100,,19967,,,0,100,,19968,,,0
1000900,'236.0.3',606,,19969,,,0,30,,19970,,,0,70,,19971,,,0,30,,19972,,,0,72,,19973,,,0,29,,19974,,,0,12,,19975,,,0,55,,19976,,,0,30,,19977,,,0,15,,19978,,,0,55,,19979,,,0,30,,19980,,,0,15,,19981,,,0,52,,19982,,,0,27,,19983,,,0,15,,19984,,,0,15,,19985,,,0,70,,19986,,,0,15,,19987,,,0,15,,19988,,,0,70,,19989,,,0,15,,19990,,,0,15,,19991,,,0,70,,19992,,,0,26,,19993,,,0,61,,19994,,,0,9,,19995,,,0,19,,19996,,,0,10,,19997,,,0,60,,19998,,,0,10,,19999,,,0,20,,20000,,,0,10,,20001,,,0,50,,20002,,,0,21,,20003,,,0,9,,20004,,,0,6,,20005,,,0,16,,20006,,,0,50,,20007,,,0,20,,20008,,,0,10,,20009,,,0,70,,20010,,,0,30,,20011,,,0,70,,20012,,,0,30,,20013,,,0,70,,20014,,,0,28,,20015,,,0,15,,20016,,,0,55,,20017,,,0,35,,20018,,,0,20,,20019,,,0,80,,20020,,,0,20,,20021,,,0,80,,20022,,,0
2000900,'236.0.1',624,,20983,,,0,100,,20984,,,0,100,,20985,,,0,95,,20986,,,0,100,,20987,,,0,100,,20988,,,0,97,,20989,,,0,100,,20990,,,0,100,,20991,,,0,100,,20992,,,0,100,,20993,,,0,100,,20994,,,0,100,,20995,,,0,103,,20996,,,0,100,,20997,,,0,100,,20998,,,0,100,,20999,,,0,100,,21000,,,0,100,,21001,,,0
2000900,'236.0.2',623,,21002,,,0,97,,21003,,,0,98,,21004,,,0,100,,21005,,,0,101,,21006,,,0,100,,21007,,,0,100,,21008,,,0,100,,21009,,,0,100,,21010,,,0,100,,21011,,,0,100,,21012,,,0,100,,21013,,,0,100,,21014,,,0,100,,21015,,,0,101,,21016,,,0,100,,21017,,,0,100,,21018,,,0,100,,21019,,,0,100,,21020,,,0
2000900,'236.0.3',621,,21023,,,0,30,,21024,,,0,70,,21025,,,0,27,,21026,,,0,70,,21027,,,0,100,,21028,,,0,100,,21029,,,0,96,,21030,,,0,96,,21031,,,0,100,,21032,,,0,100,,21033,,,0,28,,21034,,,0,65,,21035,,,0,29,,21036,,,0,70,,21037,,,0,30,,21038,,,0,80,,21039,,,0,32,,21040,,,0,70,,21041,,,0,30,,21042,,,0,70,,21043,,,0,30,,21044,,,0,70,,21045,,,0,30,,21046,,,0,69,,21047,,,0,100,,21048,,,0,100,,21049,,,0,100,,21050,,,0,100,,21051,,,0
