800,'236.0.1',609,,1718,41,,,0,30,,1719,41,,,0,70,,1720,41,,,0,30,,1721,41,,,0,71,,1722,41,,,0,23,,1723,41,,,0,22,,1724,41,,,0,70,,1725,41,,,0,30,,1726,41,,,0,70,,1727,41,,,0,31,,1728,41,,,0,69,,1729,41,,,0,30,,1730,41,,,0,70,,1731,41,,,0,30,,1732,41,,,0,70,,1733,41,,,0,30,,1734,41,,,0,70,,1735,41,,,0,32,,1736,41,,,0,70,,1737,41,,,0,30,,1738,41,,,0,70,,1739,41,,,0,30,,1740,41,,,0,70,,1741,41,,,0,30,,1742,41,,,0,69,,1743,41,,,0,30,,1744,41,,,0,70,,1745,41,,,0,30,,1746,41,,,0,70,,1747,41,,,0,30,,1748,41,,,0,70,,1749,41,,,0,30,,1750,41,,,0,70,,1751,41,,,0,25,,1752,41,,,0,69,,1753,41,,,0,30,,1754,41,,,0,100,,1755,41,,,0
800,'236.0.2',627,,1756,41,,,0,30,,1757,41,,,0,70,,1758,41,,,0,30,,1759,41,,,0,70,,1760,41,,,0,30,,1761,41,,,0,70,,1762,41,,,0,30,,1763,41,,,0,70,,1764,41,,,0,74,,1765,41,,,0,30,,1766,41,,,0,25,,1767,41,,,0,71,,1768,41,,,0,32,,1769,41,,,0,70,,1770,41,,,0,30,,1771,41,,,0,70,,1772,41,,,0,30,,1773,41,,,0,70,,1774,41,,,0,30,,1775,41,,,0,70,,1776,41,,,0,75,,1777,41,,,0,29,,1778,41,,,0,70,,1779,41,,,0,30,,1780,41,,,0,69,,1781,41,,,0,28,,1782,41,,,0,70,,1783,41,,,0,27,,1784,41,,,0,29,,1785,41,,,0,70,,1786,41,,,0,30,,1787,41,,,0,70,,1788,41,,,0,30,,1789,41,,,0,100,,1790,41,,,0,100,,1791,41,,,0
800,'236.0.3',558,,1794,41,,,0,70,,1795,41,,,0,30,,1796,41,,,0,78,,1797,41,,,0,72,,1798,41,,,0,31,,1799,41,,,0,70,,1800,41,,,0,30,,1801,41,,,0,70,,1802,41,,,0,20,,1803,41,,,0,20,,1804,41,,,0,60,,1805,41,,,0,20,,1806,41,,,0,20,,1807,41,,,0,60,,1808,41,,,0,20,,1809,41,,,0,20,,1810,41,,,0,60,,1811,41,,,0,20,,1812,41,,,0,20,,1813,41,,,0,60,,1814,41,,,0,20,,1815,41,,,0,20,,1816,41,,,0,60,,1817,41,,,0,29,,1818,41,,,0,64,,1819,41,,,0,20,,1820,41,,,0,20,,1821,41,,,0,60,,1822,41,,,0,20,,1823,41,,,0,20,,1824,41,,,0,60,,1825,41,,,0,17,,1826,41,,,0,26,,1827,41,,,0,10,,1842,41,,,0,50,,1828,41,,,0,30,,1829,41,,,0,70,,1830,41,,,0,30,,1831,41,,,0,69,,1832,41,,,0,28,,1833,41,,,0,69,,1834,41,,,0,30,,1835,41,,,0,70,,1836,41,,,0,30,,1837,41,,,0,70,,1838,41,,,0,30,,1839,41,,,0,70,,1840,41,,,0,30,,1841,41,,,0
9000,'236.0.1',633,,5717,36,,,0,25,,5718,36,,,0,70,,5719,36,,,0,30,,5720,36,,,0,70,,5721,36,,,0,25,,5722,36,,,0,70,,5723,36,,,0,30,,5724,36,,,0,66,,5725,36,,,0,33,,5726,36,,,0,70,,5727,36,,,0,30,,5728,36,,,0,70,,5729,36,,,0,27,,5730,36,,,0,70,,5731,36,,,0,30,,5732,36,,,0,70,,5733,36,,,0,30,,5734,36,,,0,70,,5735,36,,,0,30,,5736,36,,,0,70,,5737,36,,,0,33,,5738,36,,,0,70,,5739,36,,,0,30,,5740,36,,,0,70,,5741,36,,,0,30,,5742,36,,,0,70,,5743,36,,,0,30,,5744,36,,,0,70,,5745,36,,,0,104,,5746,36,,,0,100,,5747,36,,,0,100,,5748,36,,,0,100,,5749,36,,,0
9000,'236.0.2',621,,5750,36,,,0,100,,5751,36,,,0,100,,5752,36,,,0,95,,5753,36,,,0,97,,5754,36,,,0,101,,5755,36,,,0,102,,5756,36,,,0,100,,5757,36,,,0,98,,5758,36,,,0,100,,5759,36,,,0,100,,5760,36,,,0,100,,5761,36,,,0,103,,5762,36,,,0,103,,5763,36,,,0,101,,5764,36,,,0,100,,5765,36,,,0,100,,5766,36,,,0,100,,5767,36,,,0
9000,'236.0.3',620,,5801,36,,,0,15,,5800,36,,,0,15,,5768,36,,,0,55,,5802,36,,,0,15,,5769,36,,,0,15,,5803,36,,,0,15,,5770,36,,,0,55,,5804,36,,,0,20,,5771,36,,,0,30,,5772,36,,,0,65,,5773,36,,,0,31,,5774,36,,,0,69,,5775,36,,,0,30,,5776,36,,,0,70,,5777,36,,,0,27,,5778,36,,,0,71,,5779,36,,,0,30,,5780,36,,,0,70,,5781,36,,,0,30,,5782,36,,,0,70,,5783,36,,,0,37,,5784,36,,,0,57,,5805,36,,,0,15,,5785,36,,,0,15,,5806,36,,,0,15,,5786,36,,,0,55,,5807,36,,,0,15,,5787,36,,,0,15,,5808,36,,,0,15,,5812,36,,,0,55,,5809,36,,,0,15,,5788,36,,,0,15,,5810,36,,,0,13,,5789,36,,,0,50,,5811,36,,,0,12,,5790,36,,,0,35,,5791,36,,,0,70,,5792,36,,,0,30,,5793,36,,,0,70,,5794,36,,,0,30,,5795,36,,,0,100,,5796,36,,,0,96,,5797,36,,,0,100,,5798,36,,,0,100,,5799,36,,,0
9100,'236.0.1',725,,5910,19,,,0,100,,5911,19,,,0,100,,5912,19,,,0,100,,5913,19,,,0,100,,5914,19,,,0,100,,5915,19,,,0,100,,5916,19,,,0,100,,5917,19,,,0,100,,5918,19,,,0,100,,5919,19,,,0,100,,5920,19,,,0,100,,5921,19,,,0,100,,5922,19,,,0,100,,5923,19,,,0,100,,5924,19,,,0,100,,5925,19,,,0
9100,'236.0.2',754,,5926,19,,,0,100,,5927,19,,,0,100,,5928,19,,,0,100,,5929,19,,,0,100,,5930,19,,,0,100,,5931,19,,,0,100,,5932,19,,,0,100,,5933,19,,,0,100,,5934,19,,,0,100,,5935,19,,,0,100,,5936,19,,,0,100,,5937,19,,,0,100,,5938,19,,,0,100,,5939,19,,,0,100,,5940,19,,,0
9100,'236.0.3',635,,5941,19,,,0,24,,5942,19,,,0,68,,5943,19,,,0,76,,5944,19,,,0,29,,5945,19,,,0,70,,5946,19,,,0,100,,5947,19,,,0,103,,5948,19,,,0,100,,5949,19,,,0,99,,5950,19,,,0,101,,5951,19,,,0,101,,5952,19,,,0,30,,5953,19,,,0,70,,5954,19,,,0,30,,5955,19,,,0,70,,5956,19,,,0,30,,5957,19,,,0,71,,5958,19,,,0,29,,5959,19,,,0,97,,5960,19,,,0,100,,5961,19,,,0,100,,5962,19,,,0,100,,5963,19,,,0
9300,'236.0.3',1543,,6019,27,,,0,67,,6020,27,,,0,41,,6021,27,,,0,63,,6022,27,,,0,35,,6023,27,,,0,59,,6024,27,,,0,30,,6025,27,,,0
