8200,'220.0.1',624,,7084,,,0,100,,7085,,,0,100,,7086,,,0,100,,7087,,,0,100,,7088,,,0,100,,7089,,,0,100,,7090,,,0,100,,7091,,,0,100,,7092,,,0,100,,7093,,,0,100,,7094,,,0,100,,7095,,,0,100,,7096,,,0,100,,7097,,,0,100,,7098,,,0,100,,7099,,,0,100,,7100,,,0
8200,'220.0.2',626,,7101,,,0,100,,7102,,,0,100,,7103,,,0,100,,7104,,,0,100,,7105,,,0,100,,7106,,,0,100,,7107,,,0,100,,7108,,,0,100,,7109,,,0,100,,7110,,,0,100,,7111,,,0,100,,7112,,,0,100,,7113,,,0,100,,7114,,,0,100,,7115,,,0,100,,7116,,,0
8200,'220.0.3',613,,7117,,,0,25,,7118,,,0,69,,7119,,,0,30,,7120,,,0,70,,7121,,,0,93,,7122,,,0,28,,7123,,,0,100,,7124,,,0,100,,7125,,,0,100,,7126,,,0,100,,7127,,,0,100,,7128,,,0,102,,7129,,,0,427,,7130,,,0,100,,7131,,,0,100,,7132,,,0,100,,7133,,,0
8200,'220.0.4',613,,7134,,,0,25,,7135,,,0,69,,7136,,,0,30,,7137,,,0,70,,7138,,,0,93,,7139,,,0,28,,7140,,,0,100,,7141,,,0,100,,7142,,,0,100,,7143,,,0,100,,7144,,,0,100,,7145,,,0,102,,7146,,,0,427,,7147,,,0,100,,7148,,,0,100,,7149,,,0,100,,7150,,,0,100,,7151,,,0,100,,7152,,,0,70,,7153,,,0
8601,'220.0.1',643,,7814,,,0,100,,7815,,,0,100,,7816,,,0,102,,7817,,,0,100,,7818,,,0,100,,7819,,,0,100,,7820,,,0,101,,7821,,,0,100,,7822,,,0,100,,7823,,,0,98,,7824,,,0,100,,7825,,,0,100,,7826,,,0,100,,7827,,,0,100,,7828,,,0,100,,7829,,,0,100,,7830,,,0
8601,'220.0.2',649,,7831,,,0,100,,7832,,,0,100,,7833,,,0,101,,7834,,,0,100,,7835,,,0,100,,7836,,,0,100,,7837,,,0,100,,7838,,,0,99,,7839,,,0,100,,7840,,,0,100,,7841,,,0,100,,7842,,,0,100,,7843,,,0,100,,7844,,,0,100,,7845,,,0,100,,7846,,,0
8601,'220.0.3',853,,7847,,,0,100,,7848,,,0,100,,7849,,,0,100,,7850,,,0,100,,7851,,,0,100,,7852,,,0,100,,7853,,,0,104,,7854,,,0,71,,7855,,,0,75,,7856,,,0,34,,7857,,,0,68,,7858,,,0,22,,7859,,,0,25,,7860,,,0,160,,7861,,,0,100,,7862,,,0,100,,7863,,,0,100,,7864,,,0
8601,'220.0.4',853,,7865,,,0,100,,7866,,,0,100,,7867,,,0,100,,7868,,,0,100,,7869,,,0,100,,7870,,,0,100,,7871,,,0,104,,7872,,,0,71,,7873,,,0,75,,7874,,,0,34,,7875,,,0,68,,7876,,,0,22,,7877,,,0,25,,7878,,,0,160,,7879,,,0,100,,7880,,,0,100,,7881,,,0,100,,7882,,,0,100,,7883,,,0,100,,7884,,,0,30,,7885,,,0
18200,'220.0.3',1550,,9001,,,0,55,,9002,,,0,17,,9003,,,0,18,,9004,,,0,14,,9005,,,0,57,,9006,,,0,15,,9007,,,0,11,,9008,,,0,12,,9009,,,0,55,,9010,,,0,11,,9011,,,0,15,,9012,,,0,15,,9014,,,0,14,,9013,,,0,56,,9015,,,0
18200,'220.0.4',1550,,9016,,,0,55,,9017,,,0,17,,9018,,,0,18,,9019,,,0,14,,9020,,,0,57,,9021,,,0,15,,9022,,,0,11,,9023,,,0,12,,9024,,,0,55,,9025,,,0,11,,9026,,,0,15,,9027,,,0,15,,9029,,,0,14,,9028,,,0,56,,9030,,,0
18601,'220.0.3',601,,9147,,,0,30,,9148,,,0,70,,9149,,,0,30,,9150,,,0,70,,9151,,,0,30,,9152,,,0
18601,'220.0.4',601,,9153,,,0,30,,9154,,,0,70,,9155,,,0,30,,9156,,,0,70,,9157,,,0,30,,9158,,,0
