100,7605,1,0
100,8638,2,0
100,7150,3,0
100,6088,4,0
100,6104,5,0
100,6125,6,0
100,6107,7,0
100,6084,8,0
100,6103,9,0
100,6102,10,0
100,6122,11,0
100,8331,12,0
100,8330,13,0
100,8322,14,0
100,8335,15,0
100,8329,16,0
100,8332,17,0
100,6448,18,0
100,6450,19,0
100,6451,20,0
100,7401,21,0
100,7403,22,0
100,7410,23,0
100,7406,24,0
100,7421,25,0
100,7404,26,0
100,7411,27,0
100,7405,28,0
100,7407,29,0
100,7417,30,0
100,7413,31,0
100,6201,32,0
100,6620,33,0
100,6621,34,0
100,8640,35,1
101,8640,1,0
101,6617,2,0
101,6618,3,0
101,6619,4,0
101,6203,5,0
101,7423,6,0
101,7416,7,0
101,7408,8,0
101,7422,9,0
101,7418,10,0
101,7420,11,0
101,7412,12,0
101,7419,13,0
101,7409,14,0
101,7402,15,0
101,6453,16,0
101,6447,17,0
101,6449,18,0
101,6454,19,0
101,6452,20,0
101,8328,21,0
101,8337,22,0
101,8333,23,0
101,8336,24,0
101,8327,25,0
101,8338,26,0
101,6121,27,0
101,6085,28,0
101,6106,29,0
101,6087,30,0
101,6455,31,0
101,6773,32,0
101,6778,33,0
101,6779,34,0
101,6775,35,0
101,6787,36,0
101,7351,37,0
101,7605,38,1
200,6600,1,0
200,7019,2,0
200,7024,3,0
200,6319,4,0
200,6320,5,0
200,8478,6,0
200,8481,7,0
200,8479,8,0
200,8480,9,0
200,7023,10,0
200,6601,11,0
200,6593,12,0
200,6596,13,0
200,6657,14,0
200,6658,15,0
200,6659,16,0
200,9112,17,0
200,7082,18,0
200,8488,19,0
200,8503,20,0
200,8489,21,0
200,6602,22,0
200,6604,23,0
200,7162,24,0
200,7158,25,0
200,7164,26,0
200,7168,27,0
200,7165,28,0
200,7166,29,0
200,7163,30,0
200,6644,31,0
200,6982,32,0
200,6985,33,0
200,8262,34,0
200,6564,35,0
200,6979,36,0
200,6612,37,0
200,7279,38,0
200,7277,39,0
200,6197,40,0
200,6193,41,0
200,6620,42,0
200,6621,43,0
200,8640,44,0
200,7283,45,0
200,7274,46,0
200,6409,47,0
200,6403,48,0
200,6407,49,0
200,6406,50,0
200,7355,51,0
200,7345,52,0
200,7357,53,0
200,7352,54,0
200,7342,55,0
200,7349,56,0
200,7354,57,0
200,7347,58,0
200,7351,59,0
200,7343,60,0
200,6088,61,0
200,6104,62,0
200,6125,63,0
200,6107,64,0
200,6733,65,0
200,8435,66,1
201,8435,1,0
201,6590,2,0
201,6089,3,0
201,6101,4,0
201,6116,5,0
201,7348,6,0
201,7346,7,0
201,7350,8,0
201,7341,9,0
201,7353,10,0
201,7358,11,0
201,7344,12,0
201,7356,13,0
201,6405,14,0
201,6404,15,0
201,6413,16,0
201,6414,17,0
201,7275,18,0
201,8641,19,0
201,6617,20,0
201,6618,21,0
201,6199,22,0
201,6198,23,0
201,6194,24,0
201,7281,25,0
201,7280,26,0
201,6610,27,0
201,6980,28,0
201,6981,29,0
201,6563,30,0
201,6565,31,0
201,6984,32,0
201,6616,33,0
201,6032,34,0
201,8396,35,0
201,6296,36,0
201,7167,37,0
201,7170,38,0
201,7171,39,0
201,7172,40,0
201,6597,41,0
201,6605,42,0
201,8491,43,0
201,8497,44,0
201,8496,45,0
201,7086,46,0
201,7072,47,0
201,9103,48,0
201,8157,49,0
201,8159,50,0
201,8156,51,0
201,6598,52,0
201,6594,53,0
201,6607,54,0
201,6600,55,1
400,6601,1,0
400,6645,2,0
400,6652,3,0
400,6654,4,0
400,6655,5,0
400,6656,6,0
400,7428,7,0
400,7431,8,0
400,7429,9,0
400,7437,10,0
400,7438,11,0
400,7081,12,0
400,7073,13,0
400,9111,14,0
400,7082,15,0
400,8488,16,0
400,8503,17,0
400,8489,18,0
400,8495,19,0
400,8499,20,0
400,8493,21,0
400,8490,22,0
400,8502,23,0
400,8250,24,0
400,8248,25,0
400,8242,26,0
400,8243,27,0
400,6609,28,0
400,6615,29,0
400,6982,30,0
400,6985,31,0
400,8262,32,0
400,6564,33,0
400,6979,34,0
400,6612,35,0
400,7279,36,0
400,7277,37,0
400,7285,38,0
400,7283,39,0
400,7274,40,0
400,6409,41,0
400,6403,42,0
400,6407,43,0
400,6406,44,0
400,7355,45,0
400,7345,46,0
400,7357,47,0
400,7352,48,0
400,7342,49,0
400,7349,50,0
400,7354,51,0
400,7347,52,0
400,7351,53,0
400,7343,54,0
400,6088,55,0
400,6104,56,0
400,6125,57,0
400,6107,58,0
400,6733,59,0
400,8435,60,1
401,8435,1,0
401,6590,2,0
401,6089,3,0
401,6101,4,0
401,6116,5,0
401,7348,6,0
401,7346,7,0
401,7350,8,0
401,7341,9,0
401,7353,10,0
401,7358,11,0
401,7344,12,0
401,7356,13,0
401,6405,14,0
401,6404,15,0
401,6413,16,0
401,6414,17,0
401,7275,18,0
401,8641,19,0
401,7281,20,0
401,7280,21,0
401,6610,22,0
401,6980,23,0
401,6981,24,0
401,6563,25,0
401,6565,26,0
401,6984,27,0
401,6616,28,0
401,9042,29,0
401,6614,30,0
401,6613,31,0
401,8245,32,0
401,8244,33,0
401,8249,34,0
401,8247,35,0
401,8246,36,0
401,8500,37,0
401,8498,38,0
401,8494,39,0
401,8492,40,0
401,8491,41,0
401,8497,42,0
401,8496,43,0
401,7086,44,0
401,7072,45,0
401,9104,46,0
401,7064,47,0
401,7080,48,0
401,7427,49,0
401,7432,50,0
401,7434,51,0
401,7435,52,0
401,7430,53,0
401,7436,54,0
401,7433,55,0
401,6653,56,0
401,6650,57,0
401,6649,58,0
401,6648,59,0
401,7123,60,0
401,8252,61,0
401,8251,62,0
401,6601,63,1
500,6578,1,0
500,7241,2,0
500,8343,3,0
500,8347,4,0
500,8346,5,0
500,8344,6,0
500,7011,7,0
500,7279,8,0
500,7277,9,0
500,7285,10,0
500,7283,11,0
500,7274,12,0
500,6409,13,0
500,6403,14,0
500,6407,15,0
500,6406,16,0
500,6397,17,0
500,6401,18,0
500,6412,19,0
500,6545,20,0
500,6546,21,0
500,6506,22,0
500,6503,23,0
500,6507,24,0
500,8413,25,0
500,8606,26,0
500,6107,27,0
500,6733,28,0
500,8435,29,1
501,8435,1,0
501,8412,2,0
501,8414,3,0
501,6501,4,0
501,6502,5,0
501,6504,6,0
501,6508,7,0
501,6543,8,0
501,6544,9,0
501,6400,10,0
501,6402,11,0
501,6396,12,0
501,6405,13,0
501,6404,14,0
501,6413,15,0
501,6414,16,0
501,7275,17,0
501,8641,18,0
501,7281,19,0
501,7280,20,0
501,7009,21,0
501,8345,22,0
501,8348,23,0
501,8577,24,0
501,6577,25,0
501,6578,26,1
700,7378,1,0
700,7049,2,0
700,7048,3,0
700,7047,4,0
700,7050,5,0
700,6734,6,0
700,8350,7,0
700,7382,8,0
700,7370,9,0
700,7362,10,0
700,7365,11,0
700,7364,12,0
700,6770,13,0
700,6783,14,0
700,6776,15,0
700,6777,16,0
700,6781,17,0
700,6774,18,0
700,6780,19,0
700,6786,20,0
700,6790,21,0
700,6771,22,0
700,8639,23,0
700,6107,24,0
700,6084,25,0
700,6103,26,0
700,6102,27,0
700,6124,28,0
700,6114,29,0
700,6097,30,0
700,8294,31,0
700,8292,32,0
700,8300,33,0
700,8301,34,0
700,8298,35,0
700,8297,36,0
700,8220,37,0
700,8187,38,0
700,8185,39,0
700,8219,40,0
700,8179,41,0
700,8223,42,0
700,8184,43,0
700,8206,44,0
700,8221,45,0
700,8222,46,0
700,8181,47,0
700,8210,48,0
700,8201,49,0
700,8215,50,0
700,8192,51,0
700,8209,52,0
700,8217,53,0
700,8204,54,0
700,8207,55,0
700,8191,56,0
700,8211,57,0
700,7131,58,0
700,7130,59,0
700,7379,60,0
700,7360,61,0
700,8165,62,1
701,8165,1,0
701,7361,2,0
701,7368,3,0
701,7371,4,0
701,7133,5,0
701,8212,6,0
701,8208,7,0
701,8203,8,0
701,8197,9,0
701,8218,10,0
701,8193,11,0
701,8202,12,0
701,8182,13,0
701,8213,14,0
701,8178,15,0
701,8205,16,0
701,8190,17,0
701,8214,18,0
701,8183,19,0
701,8196,20,0
701,8195,21,0
701,8194,22,0
701,8186,23,0
701,8188,24,0
701,8296,25,0
701,8303,26,0
701,8305,27,0
701,8295,28,0
701,8299,29,0
701,8293,30,0
701,6096,31,0
701,6113,32,0
701,6123,33,0
701,6121,34,0
701,6085,35,0
701,6106,36,0
701,6087,37,0
701,6455,38,0
701,6773,39,0
701,6778,40,0
701,6779,41,0
701,6775,42,0
701,6787,43,0
701,6769,44,0
701,6785,45,0
701,6768,46,0
701,6782,47,0
701,7366,48,0
701,7377,49,0
701,7381,50,0
701,7374,51,0
701,7369,52,0
701,7373,53,0
701,7376,54,0
701,7378,55,1
1000,8162,1,0
1000,8483,2,0
1000,8484,3,0
1000,8482,4,0
1000,8319,5,0
1000,6835,6,0
1000,7175,7,0
1000,7209,8,0
1000,8172,9,0
1000,7211,10,0
1000,7215,11,0
1000,8581,12,0
1000,8583,13,0
1000,8584,14,0
1000,8585,15,0
1000,8424,16,0
1000,8419,17,0
1000,8429,18,0
1000,8389,19,0
1000,7611,20,0
1000,8638,21,0
1000,7150,22,0
1000,6088,23,0
1000,6104,24,0
1000,6125,25,0
1000,6107,26,0
1000,6084,27,0
1000,6103,28,0
1000,6102,29,0
1000,6122,30,0
1000,8331,31,0
1000,8330,32,0
1000,8334,33,0
1000,8313,34,0
1000,8311,35,0
1000,8315,36,0
1000,8310,37,0
1000,6970,38,0
1000,6960,39,0
1000,6966,40,0
1000,6964,41,0
1000,6207,42,0
1000,6210,43,0
1000,6211,44,0
1000,8291,45,0
1000,7144,46,1
1001,7144,1,0
1001,8302,2,0
1001,8304,3,0
1001,6206,4,0
1001,6209,5,0
1001,6208,6,0
1001,6961,7,0
1001,6962,8,0
1001,6965,9,0
1001,6969,10,0
1001,8314,11,0
1001,8306,12,0
1001,8307,13,0
1001,8309,14,0
1001,8312,15,0
1001,8336,16,0
1001,8327,17,0
1001,8338,18,0
1001,6121,19,0
1001,6085,20,0
1001,6106,21,0
1001,6087,22,0
1001,6455,23,0
1001,6773,24,0
1001,6778,25,0
1001,6779,26,0
1001,6775,27,0
1001,6787,28,0
1001,7351,29,0
1001,7613,30,0
1001,7197,31,0
1001,8428,32,0
1001,8587,33,0
1001,8580,34,0
1001,8586,35,0
1001,8582,36,0
1001,7214,37,0
1001,7213,38,0
1001,8171,39,0
1001,7210,40,0
1001,7173,41,0
1001,6834,42,0
1001,9076,43,0
1001,8416,44,0
1001,8323,45,0
1001,8320,46,0
1001,8603,47,0
1001,8598,48,0
1001,6306,49,0
1001,6305,50,0
1001,7053,51,0
1001,7052,52,0
1001,7051,53,0
1001,6369,54,0
1001,6591,55,0
1001,6592,56,0
1001,7057,57,0
1001,6974,58,0
1001,8160,59,0
1001,8161,60,0
1001,8162,61,1
1100,7607,1,0
1100,8638,2,0
1100,6569,3,0
1100,6571,4,0
1100,6573,5,0
1100,8413,6,1
1101,6569,1,0
1101,6571,2,0
1101,6573,3,0
1101,8413,4,0
1101,8606,5,0
1101,6455,6,0
1101,6773,7,0
1101,6778,8,0
1101,6779,9,0
1101,6775,10,0
1101,6787,11,0
1101,7351,12,0
1101,7607,13,1
1400,7143,1,0
1400,7138,2,0
1400,7136,3,0
1400,9021,4,0
1400,7135,5,0
1400,7134,6,0
1400,7137,7,0
1400,8232,8,0
1400,7390,9,0
1400,7391,10,0
1400,6562,11,0
1400,6559,12,0
1400,6863,13,0
1400,6867,14,0
1400,6890,15,0
1400,6872,16,0
1400,6870,17,0
1400,6891,18,0
1400,6931,19,0
1400,8166,20,0
1400,8167,21,0
1400,6515,22,0
1400,6516,23,0
1400,7183,24,0
1400,7182,25,0
1400,7253,26,0
1400,7254,27,0
1400,8371,28,0
1400,8370,29,0
1400,7396,30,0
1400,7186,31,0
1400,7188,32,0
1400,8578,33,0
1400,6900,34,0
1400,6903,35,0
1400,7006,36,0
1400,7007,37,0
1400,7005,38,0
1400,7011,39,0
1400,7279,40,0
1400,7277,41,0
1400,7285,42,0
1400,7283,43,0
1400,7274,44,0
1400,6409,45,0
1400,6403,46,0
1400,6407,47,0
1400,6406,48,0
1400,7355,49,0
1400,7420,50,0
1400,7412,51,0
1400,7419,52,0
1400,7409,53,0
1400,7402,54,0
1400,7414,55,0
1400,8291,56,0
1400,8316,57,0
1400,8225,58,0
1400,6962,59,0
1400,6965,60,0
1400,6969,61,0
1400,8314,62,0
1400,8306,63,0
1400,8307,64,0
1400,8309,65,0
1400,8312,66,0
1400,8336,67,0
1400,8327,68,0
1400,8338,69,0
1400,6121,70,0
1400,6085,71,0
1400,6106,72,0
1400,6087,73,1
1401,6107,1,0
1401,6084,2,0
1401,6103,3,0
1401,6102,4,0
1401,6122,5,0
1401,8331,6,0
1401,8330,7,0
1401,8334,8,0
1401,8313,9,0
1401,8311,10,0
1401,8315,11,0
1401,8310,12,0
1401,6970,13,0
1401,6960,14,0
1401,6966,15,0
1401,6202,16,0
1401,8317,17,0
1401,8302,18,0
1401,8304,19,0
1401,7415,20,0
1401,7401,21,0
1401,7403,22,0
1401,7410,23,0
1401,7406,24,0
1401,7421,25,0
1401,7404,26,0
1401,6396,27,0
1401,6405,28,0
1401,6404,29,0
1401,6413,30,0
1401,6414,31,0
1401,7275,32,0
1401,8640,33,0
1401,7281,34,0
1401,7280,35,0
1401,7009,36,0
1401,7010,37,0
1401,7004,38,0
1401,7008,39,0
1401,6901,40,0
1401,8579,41,0
1401,7187,42,0
1401,7397,43,0
1401,7395,44,0
1401,8372,45,0
1401,8373,46,0
1401,7255,47,0
1401,7252,48,0
1401,7251,49,0
1401,7184,50,0
1401,6514,51,0
1401,6517,52,0
1401,8168,53,0
1401,8169,54,0
1401,6916,55,0
1401,6848,56,0
1401,6871,57,0
1401,6852,58,0
1401,6845,59,0
1401,6905,60,0
1401,6853,61,0
1401,6560,62,0
1401,6561,63,0
1401,7392,64,0
1401,7393,65,0
1401,8231,66,0
1401,7139,67,0
1401,7140,68,0
1401,7141,69,0
1401,7142,70,0
1401,7143,71,0
1401,6857,72,1
1500,8627,1,0
1500,8094,2,0
1500,8111,3,0
1500,8084,4,0
1500,8105,5,0
1500,8104,6,0
1500,8102,7,0
1500,8095,8,0
1500,8115,9,0
1500,8096,10,0
1500,8108,11,0
1500,8080,12,0
1500,8088,13,0
1500,8121,14,0
1500,8120,15,0
1500,8119,16,0
1500,8116,17,0
1500,8097,18,0
1500,8118,19,0
1500,8099,20,0
1500,8122,21,0
1500,8098,22,0
1500,8086,23,0
1500,6399,24,0
1500,6415,25,0
1500,6408,26,0
1500,7275,27,0
1500,8641,28,0
1500,7281,29,0
1500,7280,30,0
1500,6610,31,0
1500,6980,32,0
1500,6981,33,0
1500,6986,34,0
1500,8262,35,0
1500,6564,36,1
1501,6564,1,0
1501,6979,2,0
1501,6612,3,0
1501,7279,4,0
1501,7277,5,0
1501,8641,6,0
1501,7283,7,0
1501,7274,8,0
1501,6398,9,0
1501,6411,10,0
1501,6410,11,0
1501,8089,12,0
1501,8083,13,0
1501,8101,14,0
1501,8107,15,0
1501,8100,16,0
1501,8081,17,0
1501,8090,18,0
1501,8093,19,0
1501,8091,20,0
1501,8092,21,0
1501,8087,22,0
1501,8082,23,0
1501,8125,24,0
1501,8113,25,0
1501,8114,26,0
1501,8112,27,0
1501,8103,28,0
1501,8109,29,0
1501,8106,30,0
1501,8124,31,0
1501,8123,32,0
1501,8110,33,0
1501,8117,34,0
1501,8627,35,1
1600,9102,1,0
1600,9086,2,0
1600,9087,3,0
1600,9088,4,0
1600,9089,5,0
1600,9090,6,0
1600,9091,7,0
1600,7427,8,0
1600,7432,9,0
1600,7434,10,0
1600,7435,11,0
1600,7430,12,0
1600,7436,13,0
1600,7433,14,0
1600,9025,15,0
1600,9026,16,0
1600,9027,17,0
1600,9028,18,0
1600,9029,19,0
1600,9030,20,0
1600,7015,21,0
1600,7028,22,0
1600,9031,23,0
1600,9032,24,0
1600,6246,25,0
1600,6279,26,0
1600,6264,27,0
1600,6252,28,0
1600,6251,29,0
1600,6216,30,0
1600,6217,31,0
1600,6269,32,0
1600,8140,33,0
1600,8176,34,0
1600,8065,35,0
1600,8422,36,0
1600,8421,37,0
1600,8425,38,0
1600,8424,39,0
1600,6302,40,0
1600,7608,41,1
1601,7608,1,0
1601,8616,2,0
1601,6304,3,0
1601,6303,4,0
1601,8428,5,0
1601,8420,6,0
1601,8418,7,0
1601,8426,8,0
1601,8177,9,0
1601,7451,10,0
1601,8141,11,0
1601,6289,12,0
1601,6286,13,0
1601,6219,14,0
1601,6250,15,0
1601,6288,16,0
1601,6262,17,0
1601,9033,18,0
1601,7025,19,0
1601,7019,20,0
1601,7024,21,0
1601,9034,22,0
1601,8692,23,0
1601,9035,24,0
1601,9036,25,0
1601,7425,26,0
1601,7424,27,0
1601,7428,28,0
1601,7431,29,0
1601,7429,30,0
1601,7437,31,0
1601,7438,32,0
1601,9080,33,0
1601,9081,34,0
1601,9082,35,0
1601,9083,36,0
1601,9084,37,0
1601,9085,38,0
1601,7073,39,0
1601,9102,40,1
1700,9107,1,0
1700,7082,2,0
1700,8488,3,0
1700,8503,4,0
1700,8489,5,0
1700,8504,6,0
1700,6603,7,0
1700,7067,8,0
1700,7076,9,0
1700,7066,10,0
1700,7069,11,0
1700,7084,12,0
1700,7068,13,0
1700,7079,14,0
1700,7166,15,0
1700,7163,16,0
1700,6644,17,0
1700,6982,18,0
1700,6985,19,0
1700,8262,20,0
1700,6564,21,0
1700,6197,22,0
1700,6193,23,0
1700,6203,24,0
1700,6195,25,0
1700,6191,26,0
1700,8561,27,0
1700,8564,28,0
1700,8557,29,0
1700,8569,30,0
1700,8566,31,0
1700,8559,32,0
1700,6545,33,0
1700,8205,34,0
1700,8190,35,0
1700,8214,36,0
1700,8183,37,0
1700,8196,38,0
1700,8195,39,0
1700,8194,40,0
1700,8328,41,0
1700,8337,42,0
1700,8308,43,0
1700,8313,44,0
1700,8311,45,0
1700,8315,46,0
1700,8310,47,0
1700,6970,48,0
1700,6960,49,0
1700,6966,50,1
1701,6966,1,0
1701,6202,2,0
1701,8220,3,0
1701,8187,4,0
1701,8185,5,0
1701,8219,6,0
1701,8179,7,0
1701,8223,8,0
1701,8184,9,0
1701,6544,10,0
1701,8558,11,0
1701,8554,12,0
1701,8556,13,0
1701,8572,14,0
1701,8571,15,0
1701,6192,16,0
1701,6196,17,0
1701,6201,18,0
1701,6199,19,0
1701,6198,20,0
1701,6194,21,0
1701,6563,22,0
1701,6565,23,0
1701,6984,24,0
1701,6616,25,0
1701,6032,26,0
1701,8396,27,0
1701,7063,28,0
1701,7083,29,0
1701,7065,30,0
1701,7074,31,0
1701,7075,32,0
1701,7085,33,0
1701,7077,34,0
1701,8647,35,0
1701,6606,36,0
1701,8491,37,0
1701,8497,38,0
1701,8496,39,0
1701,7086,40,0
1701,7072,41,0
1701,9107,42,1
1800,9106,1,0
1800,7082,2,0
1800,8488,3,0
1800,8503,4,0
1800,8489,5,0
1800,8504,6,0
1800,6603,7,0
1800,6595,8,0
1800,6598,9,0
1800,7060,10,0
1800,7062,11,0
1800,6699,12,0
1800,6702,13,0
1800,6705,14,0
1800,7176,15,0
1800,6704,16,0
1800,6700,17,0
1800,6251,18,0
1800,6216,19,0
1800,6217,20,0
1800,6269,21,0
1800,6643,22,0
1800,8551,23,0
1800,8562,24,0
1800,8565,25,0
1800,8573,26,0
1800,8555,27,0
1800,8561,28,0
1800,8564,29,0
1800,8557,30,0
1800,8569,31,0
1800,8566,32,0
1800,8559,33,0
1800,6545,34,0
1800,8205,35,0
1800,8190,36,0
1800,8214,37,0
1800,8183,38,0
1800,8196,39,0
1800,8195,40,0
1800,8194,41,0
1800,8328,42,0
1800,8337,43,0
1800,8308,44,0
1800,8313,45,0
1800,8311,46,0
1800,8315,47,0
1800,8310,48,0
1800,6970,49,0
1800,6960,50,0
1800,6966,51,1
1801,6966,1,0
1801,6202,2,0
1801,8220,3,0
1801,8187,4,0
1801,8185,5,0
1801,8219,6,0
1801,8179,7,0
1801,8223,8,0
1801,8184,9,0
1801,6544,10,0
1801,8558,11,0
1801,8554,12,0
1801,8556,13,0
1801,8572,14,0
1801,8571,15,0
1801,8574,16,0
1801,8550,17,0
1801,8549,18,0
1801,8567,19,0
1801,8570,20,0
1801,8552,21,0
1801,6289,22,0
1801,6286,23,0
1801,6219,24,0
1801,6697,25,0
1801,6703,26,0
1801,8415,27,0
1801,6701,28,0
1801,6706,29,0
1801,6698,30,0
1801,7061,31,0
1801,6596,32,0
1801,6599,33,0
1801,8647,34,0
1801,6606,35,0
1801,8491,36,0
1801,8497,37,0
1801,8496,38,0
1801,7086,39,0
1801,7072,40,0
1801,9106,41,1
2100,6712,1,0
2100,9039,2,0
2100,8163,3,0
2100,6714,4,0
2100,6976,5,0
2100,8239,6,0
2100,6152,7,0
2100,7181,8,0
2100,7178,9,0
2100,6624,10,0
2100,6318,11,0
2100,6317,12,0
2100,6150,13,0
2100,6176,14,0
2100,6172,15,0
2100,6170,16,0
2100,6161,17,0
2100,6182,18,0
2100,6186,19,0
2100,6167,20,0
2100,6166,21,0
2100,6156,22,0
2100,6181,23,0
2100,6164,24,0
2100,6188,25,0
2100,6185,26,0
2100,6162,27,0
2100,6144,28,0
2100,6157,29,0
2100,6189,30,0
2100,7119,31,0
2100,6375,32,0
2100,6376,33,0
2100,6395,34,0
2100,6505,35,0
2100,8366,36,0
2100,6386,37,0
2100,6391,38,0
2100,6387,39,0
2100,6392,40,0
2100,7081,41,0
2100,7073,42,0
2100,9109,43,0
2100,7082,44,0
2100,8488,45,0
2100,8503,46,0
2100,8489,47,0
2100,8495,48,0
2100,8499,49,0
2100,8493,50,0
2100,8490,51,0
2100,8502,52,0
2100,8250,53,0
2100,8248,54,0
2100,8242,55,0
2100,8243,56,0
2100,6609,57,0
2100,6615,58,0
2100,7045,59,0
2100,7042,60,0
2100,7046,61,0
2100,7043,62,0
2100,8635,63,0
2100,8630,64,0
2100,8632,65,0
2100,6783,66,0
2100,6776,67,0
2100,6777,68,0
2100,6781,69,0
2100,6774,70,0
2100,6780,71,0
2100,6786,72,0
2100,6790,73,0
2100,6771,74,0
2100,8639,75,0
2100,6105,76,0
2100,6084,77,0
2100,6103,78,0
2100,6102,79,0
2100,6122,80,0
2100,8331,81,0
2100,8330,82,0
2100,8322,83,0
2100,8335,84,0
2100,8365,85,0
2100,8364,86,1
2101,8363,1,0
2101,8337,2,0
2101,8333,3,0
2101,8336,4,0
2101,8327,5,0
2101,8338,6,0
2101,6121,7,0
2101,6085,8,0
2101,6106,9,0
2101,6087,10,0
2101,6455,11,0
2101,6773,12,0
2101,6778,13,0
2101,6779,14,0
2101,6775,15,0
2101,6787,16,0
2101,6769,17,0
2101,6785,18,0
2101,6768,19,0
2101,6782,20,0
2101,8628,21,0
2101,8631,22,0
2101,8192,23,0
2101,8216,24,0
2101,6616,25,0
2101,9042,26,0
2101,6614,27,0
2101,6613,28,0
2101,8245,29,0
2101,8244,30,0
2101,8249,31,0
2101,8247,32,0
2101,8246,33,0
2101,8500,34,0
2101,8498,35,0
2101,8494,36,0
2101,8492,37,0
2101,8491,38,0
2101,8497,39,0
2101,8496,40,0
2101,7086,41,0
2101,7072,42,0
2101,9109,43,0
2101,7064,44,0
2101,7080,45,0
2101,6382,46,0
2101,6394,47,0
2101,6389,48,0
2101,6393,49,0
2101,8367,50,0
2101,6378,51,0
2101,6155,52,0
2101,6384,53,0
2101,6381,54,0
2101,6379,55,0
2101,7120,56,0
2101,6160,57,0
2101,6179,58,0
2101,6154,59,0
2101,6184,60,0
2101,6153,61,0
2101,6180,62,0
2101,6163,63,0
2101,6147,64,0
2101,6165,65,0
2101,6177,66,0
2101,6178,67,0
2101,6148,68,0
2101,6145,69,0
2101,6149,70,0
2101,6143,71,0
2101,6175,72,0
2101,6173,73,0
2101,6315,74,0
2101,6316,75,0
2101,6628,76,0
2101,7179,77,0
2101,7180,78,0
2101,6174,79,0
2101,6151,80,0
2101,8238,81,0
2101,6977,82,0
2101,6716,83,0
2101,6713,84,0
2101,6712,85,1
2200,9051,1,0
2200,8651,2,0
2200,8809,3,0
2200,8810,4,0
2200,8811,5,0
2200,8812,6,0
2200,8813,7,0
2200,7396,8,0
2200,9074,9,0
2200,8815,10,0
2200,8361,11,0
2200,8126,12,0
2200,6171,13,0
2200,6169,14,0
2200,6159,15,0
2200,6399,16,0
2200,6415,17,0
2200,6408,18,0
2200,7275,19,0
2200,8640,20,1
2201,8640,1,0
2201,7283,2,0
2201,7274,3,0
2201,6398,4,0
2201,6411,5,0
2201,6410,6,0
2201,6158,7,0
2201,6187,8,0
2201,6183,9,0
2201,8816,10,0
2201,8800,11,0
2201,8801,12,0
2201,9073,13,0
2201,7395,14,0
2201,8802,15,0
2201,8803,16,0
2201,8804,17,0
2201,8805,18,0
2201,8806,19,0
2201,8653,20,0
2201,8807,21,0
2201,9051,22,1
2300,6712,1,0
2300,9039,2,0
2300,8163,3,0
2300,6714,4,0
2300,6976,5,0
2300,8239,6,0
2300,6152,7,0
2300,7181,8,0
2300,7178,9,0
2300,6624,10,0
2300,6318,11,0
2300,6317,12,0
2300,6150,13,0
2300,6176,14,0
2300,6172,15,0
2300,6170,16,0
2300,6161,17,0
2300,6182,18,0
2300,6186,19,0
2300,6167,20,0
2300,6166,21,0
2300,6156,22,0
2300,6181,23,0
2300,6164,24,0
2300,6188,25,0
2300,6185,26,0
2300,6162,27,0
2300,6144,28,0
2300,6157,29,0
2300,6189,30,0
2300,8651,31,0
2300,8650,32,0
2300,6171,33,0
2300,6169,34,0
2300,6159,35,0
2300,6399,36,0
2300,6415,37,0
2300,6408,38,0
2300,7275,39,0
2300,8641,40,0
2300,7283,41,0
2300,7274,42,0
2300,6409,43,0
2300,6403,44,0
2300,6407,45,0
2300,6397,46,0
2300,6401,47,0
2300,6412,48,0
2300,6545,49,0
2300,8205,50,0
2300,6291,51,0
2300,8363,52,0
2300,8337,53,0
2300,8333,54,0
2300,8336,55,0
2300,8327,56,0
2300,8338,57,0
2300,6121,58,0
2300,6085,59,0
2300,6106,60,0
2300,6087,61,0
2300,8414,62,1
2301,8414,1,0
2301,6125,2,0
2301,6107,3,0
2301,6084,4,0
2301,6103,5,0
2301,6102,6,0
2301,6122,7,0
2301,8331,8,0
2301,8330,9,0
2301,8322,10,0
2301,8335,11,0
2301,8365,12,0
2301,8364,13,0
2301,8184,14,0
2301,6544,15,0
2301,6400,16,0
2301,6402,17,0
2301,6396,18,0
2301,6405,19,0
2301,6404,20,0
2301,6413,21,0
2301,6414,22,0
2301,7275,23,0
2301,8641,24,0
2301,7283,25,0
2301,7274,26,0
2301,6398,27,0
2301,6411,28,0
2301,6410,29,0
2301,6158,30,0
2301,6187,31,0
2301,6183,32,0
2301,8652,33,0
2301,8653,34,0
2301,6160,35,0
2301,6179,36,0
2301,6154,37,0
2301,6184,38,0
2301,6153,39,0
2301,6180,40,0
2301,6163,41,0
2301,6147,42,0
2301,6165,43,0
2301,6177,44,0
2301,6178,45,0
2301,6148,46,0
2301,6145,47,0
2301,6149,48,0
2301,6143,49,0
2301,6175,50,0
2301,6173,51,0
2301,6315,52,0
2301,6316,53,0
2301,6628,54,0
2301,7179,55,0
2301,7180,56,0
2301,6174,57,0
2301,6151,58,0
2301,8238,59,0
2301,6977,60,0
2301,6716,61,0
2301,6713,62,0
2301,6712,63,1
2900,6564,1,0
2900,6979,2,0
2900,6612,3,0
2900,7279,4,0
2900,7277,5,0
2900,7285,6,0
2900,6617,7,0
2900,6618,8,0
2900,6619,9,0
2900,6498,10,0
2900,6497,11,0
2900,6493,12,0
2900,6499,13,0
2900,8552,14,0
2900,8563,15,0
2900,7089,16,0
2900,7088,17,0
2900,7097,18,0
2900,6929,19,0
2900,6581,20,0
2900,6582,21,0
2900,6586,22,0
2900,6587,23,0
2900,6100,24,0
2900,6120,25,0
2900,6109,26,0
2900,6095,27,0
2900,6090,28,0
2900,6115,29,0
2900,6088,30,0
2900,6104,31,0
2900,6125,32,0
2900,6107,33,0
2900,6733,34,0
2900,8435,35,0
2900,8822,36,0
2900,8823,37,0
2900,8824,38,0
2900,8825,39,0
2900,8826,40,0
2900,6112,41,0
2900,6092,42,0
2900,6111,43,0
2900,6972,44,0
2900,6968,45,0
2900,6970,46,0
2900,8402,47,0
2900,8401,48,0
2900,8407,49,0
2900,8406,50,0
2900,8409,51,1
2901,8409,1,0
2901,8405,2,0
2901,8404,3,0
2901,8403,4,0
2901,8408,5,0
2901,6566,6,0
2901,6967,7,0
2901,6963,8,0
2901,6093,9,0
2901,7092,10,0
2901,8866,11,0
2901,8819,12,0
2901,9006,13,0
2901,8821,14,0
2901,8435,15,0
2901,6087,16,0
2901,8414,17,0
2901,6089,18,0
2901,6101,19,0
2901,6116,20,0
2901,6091,21,0
2901,6127,22,0
2901,6094,23,0
2901,6110,24,0
2901,6119,25,0
2901,6580,26,0
2901,6588,27,0
2901,6584,28,0
2901,6583,29,0
2901,6585,30,0
2901,7096,31,0
2901,7091,32,0
2901,7095,33,0
2901,7093,34,0
2901,8553,35,0
2901,8560,36,0
2901,6492,37,0
2901,6496,38,0
2901,6500,39,0
2901,6620,40,0
2901,6621,41,0
2901,8641,42,0
2901,7281,43,0
2901,7280,44,0
2901,6610,45,0
2901,6980,46,0
2901,6981,47,0
2901,6986,48,0
2901,8262,49,0
2901,6564,50,1
3100,9114,1,0
3100,7082,2,0
3100,7078,3,0
3100,8647,4,0
3100,6606,5,0
3100,6602,6,0
3100,6604,7,0
3100,7162,8,0
3100,7158,9,0
3100,7164,10,0
3100,7168,11,0
3100,7165,12,0
3100,7166,13,0
3100,7163,14,0
3100,7169,15,0
3100,7045,16,0
3100,8635,17,0
3100,6783,18,0
3100,6781,19,0
3100,6771,20,0
3100,6105,21,0
3100,6084,22,0
3100,6122,23,0
3100,8330,24,0
3100,8335,25,0
3100,8364,26,1
3101,8363,1,0
3101,8337,2,0
3101,8336,3,0
3101,8338,4,0
3101,6121,5,0
3101,6106,6,0
3101,6087,7,0
3101,6455,8,0
3101,6769,9,0
3101,6782,10,0
3101,8631,11,0
3101,8192,12,0
3101,6616,13,0
3101,6032,14,0
3101,8396,15,0
3101,6296,16,0
3101,7167,17,0
3101,7170,18,0
3101,7171,19,0
3101,7172,20,0
3101,6597,21,0
3101,6605,22,0
3101,8504,23,0
3101,6603,24,0
3101,6660,25,0
3101,7072,26,0
3101,9114,27,1
3200,6871,1,0
3200,7394,2,0
3200,6608,3,0
3200,6562,4,0
3200,6559,5,0
3200,6863,6,0
3200,6867,7,0
3200,6890,8,0
3200,6872,9,0
3200,6870,10,0
3200,6891,11,0
3200,6931,12,0
3200,8166,13,0
3200,8167,14,0
3200,6515,15,0
3200,6516,16,0
3200,6906,17,0
3200,6910,18,0
3200,6900,19,0
3200,6903,20,0
3200,8132,21,0
3200,8153,22,0
3200,8136,23,0
3200,8149,24,0
3200,8363,25,0
3200,8337,26,0
3200,8336,27,0
3200,8338,28,0
3200,6121,29,0
3200,6106,30,0
3200,6087,31,1
3201,6105,1,0
3201,6084,2,0
3201,6122,3,0
3201,8330,4,0
3201,8335,5,0
3201,8364,6,0
3201,8138,7,0
3201,8137,8,0
3201,8139,9,0
3201,6901,10,0
3201,6868,11,0
3201,6844,12,0
3201,6514,13,0
3201,6517,14,0
3201,8168,15,0
3201,8169,16,0
3201,6916,17,0
3201,6848,18,0
3201,6871,19,0
3201,7394,20,0
3201,6608,21,0
3201,6562,22,0
3201,6559,23,0
3201,6863,24,0
3201,6867,25,0
3201,6890,26,0
3201,6872,27,1
3300,6940,1,0
3300,6824,2,0
3300,6822,3,0
3300,6814,4,0
3300,6813,5,0
3300,6829,6,0
3300,6801,7,0
3300,6810,8,0
3300,6808,9,0
3300,6828,10,0
3300,6807,11,0
3300,6823,12,0
3300,6930,13,0
3300,6816,14,0
3300,6812,15,0
3300,7032,16,0
3300,7029,17,0
3300,9054,18,0
3300,7026,19,0
3300,7027,20,0
3300,6027,21,0
3300,7031,22,0
3300,7372,23,0
3300,7030,24,0
3300,7020,25,0
3300,7015,26,0
3300,7028,27,0
3300,7023,28,0
3300,6601,29,0
3300,6593,30,0
3300,6596,31,0
3300,6657,32,0
3300,6658,33,0
3300,6659,34,0
3300,9113,35,0
3300,7082,36,0
3300,8488,37,0
3300,8503,38,0
3300,8489,39,0
3300,6602,40,0
3300,6604,41,0
3300,7162,42,0
3300,7158,43,0
3300,7164,44,0
3300,7168,45,0
3300,7165,46,0
3300,7166,47,0
3300,7163,48,0
3300,7169,49,0
3300,7045,50,0
3300,8635,51,0
3300,6783,52,0
3300,6781,53,0
3300,6771,54,0
3300,6105,55,0
3300,6084,56,0
3300,6122,57,0
3300,8330,58,0
3300,8335,59,0
3300,8364,60,1
3301,8363,1,0
3301,8337,2,0
3301,8336,3,0
3301,8338,4,0
3301,6121,5,0
3301,6106,6,0
3301,6087,7,0
3301,6455,8,0
3301,6769,9,0
3301,6782,10,0
3301,8631,11,0
3301,8192,12,0
3301,6616,13,0
3301,6032,14,0
3301,8396,15,0
3301,6296,16,0
3301,7167,17,0
3301,7170,18,0
3301,7171,19,0
3301,7172,20,0
3301,6597,21,0
3301,6605,22,0
3301,8491,23,0
3301,8497,24,0
3301,8496,25,0
3301,7086,26,0
3301,7072,27,0
3301,9113,28,0
3301,8157,29,0
3301,8159,30,0
3301,8156,31,0
3301,6598,32,0
3301,6594,33,0
3301,6607,34,0
3301,6600,35,0
3301,7019,36,0
3301,7024,37,0
3301,7016,38,0
3301,7021,39,0
3301,7278,40,0
3301,7017,41,0
3301,6383,42,0
3301,7022,43,0
3301,7014,44,0
3301,9055,45,0
3301,7018,46,0
3301,7033,47,0
3301,6830,48,0
3301,6817,49,0
3301,6819,50,0
3301,6811,51,0
3301,6820,52,0
3301,6809,53,0
3301,6806,54,0
3301,6821,55,0
3301,6802,56,0
3301,6826,57,0
3301,6831,58,0
3301,6827,59,0
3301,6815,60,0
3301,6940,61,1
3400,9034,1,0
3400,8692,2,0
3400,9035,3,0
3400,9036,4,0
3400,7425,5,0
3400,7424,6,0
3400,6653,7,0
3400,6650,8,0
3400,6649,9,0
3400,6648,10,0
3400,6647,11,0
3400,6593,12,0
3400,6596,13,0
3400,6657,14,0
3400,6658,15,0
3400,6659,16,0
3400,9113,17,0
3400,7082,18,0
3400,8488,19,0
3400,8503,20,0
3400,8489,21,0
3400,6759,22,0
3400,6764,23,0
3400,6761,24,0
3400,7068,25,0
3400,7079,26,0
3400,7166,27,0
3400,7163,28,0
3400,7169,29,0
3400,7045,30,0
3400,8635,31,0
3400,6783,32,0
3400,6781,33,0
3400,6771,34,0
3400,6105,35,0
3400,6084,36,0
3400,6122,37,0
3400,8330,38,0
3400,8335,39,0
3400,8364,40,1
3401,8363,1,0
3401,8337,2,0
3401,8336,3,0
3401,8338,4,0
3401,6121,5,0
3401,6106,6,0
3401,6087,7,0
3401,6455,8,0
3401,6769,9,0
3401,6782,10,0
3401,8631,11,0
3401,8192,12,0
3401,6616,13,0
3401,6032,14,0
3401,8396,15,0
3401,7063,16,0
3401,7083,17,0
3401,6760,18,0
3401,6763,19,0
3401,6762,20,0
3401,8492,21,0
3401,8491,22,0
3401,8497,23,0
3401,8496,24,0
3401,7086,25,0
3401,7072,26,0
3401,9113,27,0
3401,8157,28,0
3401,8159,29,0
3401,8156,30,0
3401,6598,31,0
3401,6594,32,0
3401,6645,33,0
3401,6652,34,0
3401,6654,35,0
3401,6655,36,0
3401,6656,37,0
3401,9025,38,0
3401,9026,39,0
3401,9027,40,0
3401,9028,41,0
3401,9029,42,0
3401,9030,43,1
3500,9114,1,0
3500,7064,2,0
3500,7080,3,0
3500,7427,4,0
3500,7432,5,0
3500,7434,6,0
3500,7435,7,0
3500,7430,8,0
3500,7436,9,0
3500,7433,10,0
3500,6653,11,0
3500,6650,12,0
3500,6649,13,0
3500,6648,14,0
3500,6647,15,0
3500,6593,16,0
3500,7060,17,0
3500,7062,18,0
3500,6699,19,0
3500,6702,20,0
3500,6705,21,0
3500,7176,22,0
3500,6704,23,0
3500,6700,24,0
3500,6251,25,0
3500,6216,26,0
3500,8551,27,0
3500,8573,28,0
3500,8633,29,0
3500,6783,30,0
3500,6781,31,0
3500,7351,32,0
3500,6104,33,0
3500,6107,34,0
3500,6084,35,0
3500,6124,36,0
3500,6097,37,0
3500,6938,38,1
3501,6938,1,0
3501,6096,2,0
3501,6123,3,0
3501,6121,4,0
3501,6106,5,0
3501,6087,6,0
3501,6568,7,0
3501,7348,8,0
3501,6782,9,0
3501,8631,10,0
3501,8629,11,0
3501,8550,12,0
3501,8570,13,0
3501,6219,14,0
3501,6697,15,0
3501,6703,16,0
3501,8415,17,0
3501,6701,18,0
3501,6706,19,0
3501,6698,20,0
3501,7061,21,0
3501,6594,22,0
3501,6645,23,0
3501,6652,24,0
3501,6654,25,0
3501,6655,26,0
3501,6656,27,0
3501,7428,28,0
3501,7431,29,0
3501,7429,30,0
3501,7437,31,0
3501,7438,32,0
3501,7081,33,0
3501,7073,34,0
3501,9114,35,1
4100,7607,1,0
4100,8638,2,0
4100,7150,3,0
4100,6088,4,0
4100,6104,5,0
4100,6125,6,0
4100,6107,7,0
4100,6084,8,0
4100,6103,9,0
4100,6102,10,0
4100,6124,11,0
4100,6114,12,0
4100,6097,13,0
4100,8294,14,0
4100,8292,15,0
4100,8300,16,0
4100,8301,17,0
4100,8298,18,0
4100,8297,19,0
4100,8317,20,0
4100,8302,21,0
4100,7144,22,1
4101,7144,1,0
4101,8296,2,0
4101,8303,3,0
4101,8305,4,0
4101,8295,5,0
4101,8299,6,0
4101,8293,7,0
4101,6096,8,0
4101,6113,9,0
4101,6123,10,0
4101,6121,11,0
4101,6085,12,0
4101,6106,13,0
4101,6087,14,0
4101,6455,15,0
4101,6773,16,0
4101,6778,17,0
4101,6779,18,0
4101,6775,19,0
4101,6787,20,0
4101,7351,21,0
4101,7607,22,1
4200,9108,1,0
4200,7082,2,0
4200,7078,3,0
4200,7067,4,0
4200,7076,5,0
4200,7066,6,0
4200,7069,7,0
4200,7084,8,0
4200,7068,9,0
4200,7079,10,0
4200,7166,11,0
4200,7163,12,0
4200,7169,13,0
4200,7045,14,0
4200,7042,15,0
4200,7046,16,0
4200,7043,17,0
4200,8635,18,0
4200,8193,19,0
4200,8202,20,0
4200,8182,21,0
4200,8213,22,0
4200,8178,23,0
4200,8205,24,0
4200,8190,25,0
4200,8214,26,0
4200,8183,27,0
4200,8196,28,0
4200,8195,29,0
4200,8194,30,0
4200,8186,31,0
4200,8188,32,0
4200,8317,33,0
4200,8302,34,0
4200,7144,35,1
4201,7144,1,0
4201,8220,2,0
4201,8187,3,0
4201,8185,4,0
4201,8219,5,0
4201,8179,6,0
4201,8223,7,0
4201,8184,8,0
4201,8206,9,0
4201,8221,10,0
4201,8222,11,0
4201,8181,12,0
4201,8210,13,0
4201,8201,14,0
4201,8215,15,0
4201,8192,16,0
4201,8216,17,0
4201,6616,18,0
4201,6032,19,0
4201,8396,20,0
4201,7063,21,0
4201,7083,22,0
4201,7065,23,0
4201,7074,24,0
4201,7075,25,0
4201,7085,26,0
4201,7077,27,0
4201,6660,28,0
4201,7072,29,0
4201,9108,30,1
5100,6989,1,0
5100,8398,2,0
5100,8399,3,0
5100,7447,4,0
5100,7448,5,0
5100,7248,6,0
5100,7250,7,0
5100,7249,8,0
5100,6012,9,0
5100,8537,10,0
5100,8543,11,0
5100,8532,12,0
5100,8517,13,0
5100,8536,14,0
5100,8535,15,0
5100,8527,16,0
5100,8075,17,0
5100,8077,18,0
5100,8076,19,0
5100,8079,20,0
5100,8073,21,0
5100,6083,22,0
5100,6637,23,0
5100,8074,24,0
5100,8072,25,0
5100,8071,26,0
5100,8070,27,0
5100,8078,28,0
5100,8512,29,0
5100,8521,30,0
5100,8541,31,0
5100,8529,32,0
5100,8526,33,0
5100,8546,34,0
5100,8539,35,0
5100,8540,36,0
5100,8542,37,0
5100,8538,38,0
5100,8127,39,0
5100,7145,40,0
5100,7196,41,0
5100,7616,42,1
5101,7616,1,0
5101,7128,2,0
5101,7129,3,0
5101,8510,4,0
5101,8525,5,0
5101,8524,6,0
5101,8523,7,0
5101,8531,8,0
5101,8509,9,0
5101,8545,10,0
5101,8513,11,0
5101,8516,12,0
5101,9053,13,0
5101,8534,14,0
5101,8544,15,0
5101,8075,16,0
5101,8077,17,0
5101,8076,18,0
5101,8079,19,0
5101,8073,20,0
5101,8074,21,0
5101,8072,22,0
5101,8071,23,0
5101,6083,24,0
5101,6637,25,0
5101,8070,26,0
5101,8078,27,0
5101,8511,28,0
5101,8518,29,0
5101,8519,30,0
5101,8514,31,0
5101,8520,32,0
5101,8515,33,0
5101,8528,34,0
5101,8522,35,0
5101,6005,36,0
5101,6006,37,0
5101,6009,38,0
5101,6015,39,0
5101,6010,40,0
5101,6987,41,0
5101,6988,42,0
5101,6989,43,1
5200,6376,1,0
5200,6395,2,0
5200,6505,3,0
5200,8366,4,0
5200,6386,5,0
5200,6391,6,0
5200,6387,7,0
5200,6392,8,0
5200,7081,9,0
5200,7073,10,0
5200,9110,11,0
5200,7082,12,0
5200,7078,13,0
5200,7067,14,0
5200,7076,15,0
5200,7066,16,0
5200,7069,17,0
5200,7084,18,0
5200,7068,19,0
5200,7079,20,0
5200,7166,21,0
5200,7163,22,0
5200,6644,23,0
5200,6982,24,0
5200,6985,25,0
5200,6979,26,0
5200,6612,27,0
5200,7279,28,0
5200,7277,29,0
5200,7285,30,0
5200,7283,31,0
5200,7274,32,0
5200,6409,33,0
5200,6403,34,0
5200,6407,35,0
5200,6406,36,0
5200,7355,37,0
5200,7345,38,0
5200,7357,39,0
5200,7352,40,0
5200,7342,41,0
5200,7349,42,0
5200,7354,43,0
5200,7347,44,0
5200,7351,45,0
5200,7614,46,0
5200,8616,47,0
5200,8612,48,0
5200,8618,49,0
5200,8615,50,0
5200,8619,51,0
5200,6019,52,0
5200,6018,53,0
5200,8418,54,0
5200,8426,55,0
5200,8177,56,0
5200,7451,57,0
5200,8141,58,0
5200,6921,59,0
5200,6919,60,0
5200,6922,61,0
5200,6924,62,0
5200,6928,63,0
5200,6949,64,0
5200,6959,65,0
5200,6958,66,0
5200,6956,67,0
5200,6953,68,0
5200,6955,69,0
5200,6957,70,0
5200,8610,71,0
5200,6673,72,0
5200,6678,73,0
5200,6672,74,0
5200,6675,75,0
5200,6015,76,0
5200,6010,77,0
5200,6011,78,0
5200,6003,79,0
5200,6016,80,0
5200,6000,81,0
5200,6004,82,0
5200,6765,83,0
5200,6766,84,0
5200,6767,85,0
5200,7153,86,1
5201,6767,1,0
5201,6483,2,0
5201,6008,3,0
5201,6001,4,0
5201,6002,5,0
5201,6007,6,0
5201,6013,7,0
5201,6012,8,0
5201,8537,9,0
5201,8543,10,0
5201,8609,11,0
5201,8611,12,0
5201,7153,13,0
5201,7152,14,0
5201,6225,15,0
5201,7155,16,0
5201,7149,17,0
5201,7154,18,0
5201,7205,19,0
5201,6949,20,0
5201,6959,21,0
5201,6958,22,0
5201,8241,23,0
5201,6925,24,0
5201,6927,25,0
5201,6920,26,0
5201,6926,27,0
5201,6917,28,0
5201,8140,29,0
5201,8176,30,0
5201,8065,31,0
5201,8422,32,0
5201,6020,33,0
5201,6022,34,0
5201,8622,35,0
5201,8620,36,0
5201,8617,37,0
5201,8621,38,0
5201,7606,39,0
5201,7346,40,0
5201,7350,41,0
5201,7341,42,0
5201,7353,43,0
5201,7358,44,0
5201,7344,45,0
5201,7356,46,0
5201,6405,47,0
5201,6404,48,0
5201,6413,49,0
5201,6414,50,0
5201,7275,51,0
5201,8640,52,0
5201,7281,53,0
5201,7280,54,0
5201,6610,55,0
5201,6980,56,0
5201,6981,57,0
5201,6986,58,0
5201,6984,59,0
5201,6616,60,0
5201,6032,61,0
5201,8396,62,0
5201,7063,63,0
5201,7083,64,0
5201,7065,65,0
5201,7074,66,0
5201,7075,67,0
5201,7085,68,0
5201,7077,69,0
5201,6660,70,0
5201,7072,71,0
5201,9105,72,0
5201,7064,73,0
5201,7080,74,0
5201,6382,75,0
5201,6394,76,0
5201,6389,77,0
5201,6393,78,0
5201,6385,79,0
5201,6548,80,0
5201,6377,81,0
5201,6388,82,0
5201,8691,83,0
5201,6390,84,0
5201,6380,85,0
5201,6375,86,0
5201,6376,87,1
5300,8140,1,0
5300,7455,2,0
5300,7452,3,0
5300,7458,4,0
5300,6539,5,0
5300,6540,6,0
5300,7126,7,0
5300,7127,8,0
5300,6017,9,0
5300,6024,10,0
5300,6021,11,0
5300,8421,12,0
5300,8425,13,0
5300,8424,14,0
5300,8419,15,0
5300,8429,16,0
5300,8389,17,0
5300,7609,18,0
5300,8638,19,0
5300,7150,20,0
5300,6088,21,0
5300,6104,22,0
5300,6125,23,0
5300,6107,24,0
5300,6084,25,0
5300,6103,26,0
5300,6102,27,0
5300,6122,28,0
5300,8331,29,0
5300,8330,30,0
5300,8322,31,0
5300,8335,32,0
5300,8365,33,0
5300,8364,34,1
5301,8363,1,0
5301,8337,2,0
5301,8333,3,0
5301,8336,4,0
5301,8327,5,0
5301,8338,6,0
5301,6121,7,0
5301,6085,8,0
5301,6106,9,0
5301,6087,10,0
5301,6455,11,0
5301,6773,12,0
5301,6778,13,0
5301,6779,14,0
5301,6775,15,0
5301,6787,16,0
5301,7351,17,0
5301,7615,18,0
5301,8616,19,0
5301,8612,20,0
5301,8618,21,0
5301,8615,22,0
5301,8619,23,0
5301,6019,24,0
5301,6018,25,0
5301,8418,26,0
5301,8426,27,0
5301,8140,28,1
5400,6460,1,0
5400,6485,2,0
5400,6484,3,0
5400,6361,4,0
5400,6364,5,0
5400,6362,6,0
5400,6367,7,0
5400,6363,8,0
5400,6370,9,0
5400,6366,10,0
5400,6368,11,0
5400,8594,12,0
5400,8318,13,0
5400,8321,14,0
5400,8319,15,0
5400,6835,16,0
5400,7175,17,0
5400,7209,18,0
5400,8172,19,0
5400,6735,20,0
5400,6532,21,0
5400,6531,22,0
5400,6528,23,0
5400,6526,24,0
5400,6527,25,0
5400,6537,26,0
5400,7385,27,0
5400,7389,28,0
5400,7388,29,0
5400,6064,30,1
5401,6064,1,0
5401,6028,2,0
5401,7058,3,0
5401,7059,4,0
5401,7386,5,0
5401,6538,6,0
5401,6535,7,0
5401,6536,8,0
5401,6534,9,0
5401,6530,10,0
5401,6529,11,0
5401,6736,12,0
5401,8171,13,0
5401,7210,14,0
5401,7173,15,0
5401,6834,16,0
5401,9076,17,0
5401,8416,18,0
5401,8323,19,0
5401,8320,20,0
5401,8603,21,0
5401,8598,22,0
5401,6359,23,0
5401,6355,24,0
5401,6360,25,0
5401,6371,26,0
5401,6369,27,0
5401,6357,28,0
5401,6358,29,0
5401,6356,30,0
5401,6372,31,0
5401,6082,32,0
5401,7146,33,0
5401,6460,34,1
5500,8459,1,0
5500,8461,2,0
5500,8449,3,0
5500,8439,4,0
5500,8443,5,0
5500,8464,6,0
5500,8445,7,0
5500,8437,8,0
5500,8473,9,0
5500,8463,10,0
5500,8444,11,0
5500,8454,12,0
5500,8453,13,0
5500,8446,14,0
5500,8440,15,0
5500,8447,16,0
5500,8441,17,0
5500,8450,18,0
5500,8448,19,0
5500,6312,20,0
5500,6314,21,0
5500,6313,22,0
5500,7209,23,0
5500,8172,24,0
5500,6735,25,0
5500,6532,26,0
5500,6531,27,0
5500,8384,28,0
5500,8388,29,0
5500,8390,30,0
5500,8387,31,0
5500,8389,32,0
5500,7601,33,1
5501,7601,1,0
5501,8393,2,0
5501,8385,3,0
5501,8383,4,0
5501,8386,5,0
5501,8391,6,0
5501,6530,7,0
5501,6529,8,0
5501,6736,9,0
5501,8171,10,0
5501,7210,11,0
5501,8460,12,0
5501,8436,13,0
5501,8466,14,0
5501,8442,15,0
5501,8468,16,0
5501,8465,17,0
5501,8462,18,0
5501,8451,19,0
5501,8452,20,0
5501,8471,21,0
5501,8476,22,0
5501,8472,23,0
5501,8455,24,0
5501,8477,25,0
5501,8474,26,0
5501,8456,27,0
5501,8457,28,0
5501,8458,29,0
5501,8469,30,0
5501,8438,31,0
5501,8467,32,0
5501,8470,33,0
5501,8459,34,1
5600,8054,1,0
5600,8659,2,0
5600,6841,3,0
5600,6842,4,0
5600,6797,5,0
5600,7214,6,0
5600,7213,7,0
5600,8171,8,0
5600,6735,9,0
5600,6532,10,0
5600,6531,11,0
5600,8384,12,0
5600,8388,13,0
5600,8390,14,0
5600,8387,15,0
5600,8389,16,0
5600,7608,17,1
5601,7608,1,0
5601,8393,2,0
5601,8385,3,0
5601,8383,4,0
5601,8386,5,0
5601,8391,6,0
5601,6530,7,0
5601,6529,8,0
5601,6736,9,0
5601,8172,10,0
5601,7211,11,0
5601,7215,12,0
5601,6796,13,0
5601,8654,14,0
5601,8655,15,0
5601,8656,16,0
5601,8657,17,0
5601,8054,18,1
5700,8957,1,0
5700,8828,2,0
5700,8829,3,0
5700,8830,4,0
5700,8831,5,0
5700,8832,6,0
5700,8833,7,0
5700,8834,8,0
5700,8064,9,0
5700,8255,10,0
5700,8258,11,0
5700,8256,12,0
5700,6639,13,0
5700,6627,14,0
5700,8045,15,0
5700,8941,16,0
5700,8841,17,0
5700,8842,18,0
5700,8843,19,0
5700,9066,20,0
5700,8845,21,0
5700,8846,22,0
5700,8892,23,0
5700,8891,24,0
5700,8889,25,0
5700,8890,26,0
5700,8010,27,0
5700,7482,28,0
5700,6066,29,0
5700,8964,30,1
5701,8964,1,0
5701,7466,2,0
5701,8017,3,0
5701,7481,4,0
5701,7271,5,0
5701,7270,6,0
5701,7272,7,0
5701,8893,8,0
5701,8847,9,0
5701,8848,10,0
5701,9067,11,0
5701,8850,12,0
5701,8851,13,0
5701,8852,14,0
5701,8941,15,0
5701,8050,16,0
5701,8055,17,0
5701,6626,18,0
5701,6625,19,0
5701,8254,20,0
5701,8253,21,0
5701,8257,22,0
5701,8034,23,0
5701,8031,24,0
5701,8835,25,0
5701,8836,26,0
5701,8837,27,0
5701,8838,28,0
5701,8839,29,0
5701,8840,30,0
5701,8957,31,1
5800,6575,1,0
5800,6574,2,0
5800,6576,3,0
5800,8326,4,0
5800,8339,5,0
5800,6632,6,0
5800,6629,7,0
5800,6631,8,0
5800,6634,9,0
5800,8588,10,0
5800,8593,11,0
5800,8601,12,0
5800,8602,13,0
5800,8600,14,0
5800,8945,15,0
5800,8028,16,0
5800,8042,17,0
5800,8053,18,0
5800,8043,19,0
5800,8058,20,0
5800,8039,21,0
5800,8057,22,0
5800,6029,23,0
5800,6030,24,0
5800,6025,25,0
5800,7602,26,1
5801,7602,1,0
5801,6026,2,0
5801,6064,3,0
5801,6028,4,0
5801,8035,5,0
5801,8051,6,0
5801,8060,7,0
5801,8052,8,0
5801,8062,9,0
5801,8059,10,0
5801,8044,11,0
5801,8038,12,0
5801,8036,13,0
5801,8940,14,0
5801,8589,15,0
5801,8596,16,0
5801,8591,17,0
5801,8597,18,0
5801,8595,19,0
5801,6292,20,0
5801,6633,21,0
5801,6635,22,0
5801,6630,23,0
5801,6636,24,0
5801,6294,25,0
5801,6293,26,0
5801,7460,27,0
5801,8400,28,0
5801,8575,29,0
5801,8576,30,0
5801,7148,31,0
5801,6575,32,1
5900,6477,1,0
5900,6475,2,0
5900,6048,3,0
5900,6047,4,0
5900,6049,5,0
5900,6046,6,0
5900,6467,7,0
5900,6468,8,0
5900,6469,9,0
5900,6464,10,0
5900,6465,11,0
5900,6463,12,0
5900,6473,13,0
5900,6471,14,0
5900,6470,15,0
5900,6472,16,0
5900,6466,17,0
5900,6541,18,0
5900,6542,19,0
5900,6480,20,0
5900,6479,21,0
5900,6478,22,0
5900,6481,23,0
5900,8955,24,0
5900,8047,25,0
5900,8041,26,0
5900,8045,27,0
5900,8948,28,0
5900,8028,29,0
5900,8042,30,0
5900,8053,31,0
5900,8043,32,0
5900,8058,33,0
5900,8039,34,0
5900,8057,35,0
5900,6029,36,0
5900,6030,37,0
5900,6025,38,0
5900,7612,39,0
5900,8638,40,0
5900,7150,41,0
5900,6088,42,0
5900,6104,43,0
5900,6125,44,0
5900,6107,45,0
5900,6084,46,0
5900,6103,47,0
5900,6102,48,0
5900,6122,49,0
5900,8331,50,0
5900,8330,51,0
5900,8322,52,0
5900,8335,53,0
5900,8365,54,0
5900,8364,55,0
5900,7604,56,1
5901,8363,1,0
5901,8337,2,0
5901,8333,3,0
5901,8336,4,0
5901,8327,5,0
5901,8338,6,0
5901,6121,7,0
5901,6085,8,0
5901,6106,9,0
5901,6087,10,0
5901,6455,11,0
5901,6773,12,0
5901,6778,13,0
5901,6779,14,0
5901,6775,15,0
5901,6787,16,0
5901,7351,17,0
5901,7604,18,0
5901,6026,19,0
5901,6063,20,0
5901,6028,21,0
5901,8035,22,0
5901,8051,23,0
5901,8060,24,0
5901,8052,25,0
5901,8062,26,0
5901,8059,27,0
5901,8044,28,0
5901,8038,29,0
5901,8036,30,0
5901,8944,31,0
5901,8050,32,0
5901,8055,33,0
5901,8037,34,0
5901,8040,35,0
5901,8046,36,0
5901,8951,37,0
5901,6474,38,0
5901,6476,39,0
5901,6482,40,0
5901,6477,41,1
6000,8669,1,0
6000,8670,2,0
6000,8671,3,0
6000,8672,4,0
6000,8673,5,0
6000,8674,6,0
6000,8675,7,0
6000,8676,8,0
6000,8677,9,0
6000,8678,10,0
6000,8679,11,0
6000,6340,12,0
6000,6339,13,0
6000,6334,14,0
6000,6346,15,0
6000,8274,16,0
6000,8273,17,0
6000,8271,18,0
6000,8269,19,0
6000,8270,20,0
6000,8277,21,0
6000,8276,22,0
6000,8275,23,0
6000,7463,24,0
6000,7495,25,0
6000,8015,26,0
6000,7500,27,0
6000,7483,28,0
6000,7494,29,0
6000,7491,30,0
6000,7490,31,0
6000,7486,32,0
6000,8002,33,0
6000,7471,34,0
6000,8001,35,0
6000,7484,36,0
6000,8013,37,0
6000,7488,38,0
6000,7492,39,0
6000,7472,40,0
6000,6066,41,0
6000,8962,42,0
6000,7466,43,0
6000,8017,44,0
6000,7481,45,0
6000,7464,46,0
6000,7479,47,0
6000,9007,48,0
6000,7485,49,0
6000,8008,50,0
6000,7476,51,0
6000,7493,52,0
6000,8016,53,0
6000,8057,54,0
6000,6029,55,0
6000,6030,56,0
6000,6025,57,0
6000,7604,58,1
6001,7604,1,0
6001,6026,2,0
6001,6063,3,0
6001,6028,4,0
6001,8035,5,0
6001,7468,6,0
6001,7480,7,0
6001,8006,8,0
6001,7496,9,0
6001,8003,10,0
6001,7465,11,0
6001,8009,12,0
6001,7470,13,0
6001,8010,14,0
6001,7482,15,0
6001,6066,16,0
6001,8962,17,0
6001,7467,18,0
6001,7499,19,0
6001,7498,20,0
6001,8011,21,0
6001,7469,22,0
6001,8004,23,0
6001,8019,24,0
6001,8018,25,0
6001,7475,26,0
6001,7462,27,0
6001,7474,28,0
6001,8005,29,0
6001,8012,30,0
6001,7461,31,0
6001,7487,32,0
6001,7473,33,0
6001,7477,34,0
6001,8014,35,0
6001,7497,36,0
6001,6509,37,0
6001,7147,38,0
6001,8660,39,0
6001,8661,40,0
6001,8662,41,0
6001,8663,42,0
6001,8664,43,0
6001,6789,44,0
6001,8665,45,0
6001,8666,46,0
6001,8667,47,0
6001,8668,48,0
6001,8669,49,0
6001,6511,50,0
6001,6513,51,0
6001,6512,52,0
6001,6510,53,0
6001,6333,54,0
6001,6337,55,0
6001,6340,56,1
6100,7102,1,0
6100,7113,2,0
6100,8280,3,0
6100,8282,4,0
6100,8281,5,0
6100,7107,6,0
6100,6331,7,0
6100,8506,8,0
6100,8507,9,0
6100,7001,10,0
6100,7002,11,0
6100,7003,12,0
6100,7000,13,0
6100,7118,14,0
6100,7115,15,0
6100,7105,16,0
6100,7109,17,0
6100,7104,18,0
6100,7103,19,0
6100,8020,20,0
6100,6942,21,0
6100,6945,22,0
6100,6946,23,0
6100,6944,24,0
6100,6934,25,0
6100,6937,26,0
6100,6933,27,0
6100,6074,28,0
6100,6081,29,0
6100,6077,30,0
6100,6078,31,0
6100,6075,32,0
6100,6991,33,0
6100,6996,34,0
6100,6992,35,0
6100,6999,36,0
6100,6035,37,0
6100,6042,38,0
6100,6039,39,0
6100,6038,40,0
6100,6041,41,0
6100,6037,42,0
6100,7203,43,0
6100,7202,44,0
6100,7200,45,0
6100,6667,46,0
6100,6480,47,0
6100,6479,48,0
6100,6478,49,0
6100,6481,50,0
6100,8955,51,0
6100,8047,52,0
6100,8041,53,0
6100,8045,54,0
6100,8948,55,0
6100,8028,56,0
6100,8042,57,0
6100,8053,58,0
6100,8043,59,0
6100,8058,60,0
6100,8039,61,0
6100,8057,62,0
6100,6029,63,0
6100,6030,64,0
6100,6025,65,0
6100,7612,66,0
6100,8638,67,0
6100,7150,68,0
6100,6088,69,0
6100,6104,70,0
6100,6125,71,0
6100,6107,72,1
6101,6087,1,0
6101,6455,2,0
6101,6773,3,0
6101,6778,4,0
6101,6779,5,0
6101,6775,6,0
6101,6787,7,0
6101,7351,8,0
6101,7603,9,0
6101,6026,10,0
6101,6063,11,0
6101,6028,12,0
6101,8035,13,0
6101,8051,14,0
6101,8060,15,0
6101,8052,16,0
6101,8062,17,0
6101,8059,18,0
6101,8044,19,0
6101,8038,20,0
6101,8036,21,0
6101,8944,22,0
6101,8050,23,0
6101,8055,24,0
6101,8037,25,0
6101,8040,26,0
6101,8046,27,0
6101,8951,28,0
6101,6474,29,0
6101,6476,30,0
6101,6482,31,0
6101,6664,32,0
6101,7198,33,0
6101,7199,34,0
6101,7201,35,0
6101,6045,36,0
6101,6043,37,0
6101,6036,38,0
6101,6040,39,0
6101,6033,40,0
6101,6044,41,0
6101,6994,42,0
6101,6997,43,0
6101,6990,44,0
6101,6993,45,0
6101,6995,46,0
6101,6998,47,0
6101,6070,48,0
6101,6079,49,0
6101,6080,50,0
6101,6073,51,0
6101,6076,52,0
6101,6071,53,0
6101,6072,54,0
6101,6069,55,0
6101,6932,56,0
6101,6935,57,0
6101,6941,58,0
6101,6947,59,0
6101,6948,60,0
6101,6943,61,0
6101,7106,62,0
6101,7112,63,0
6101,7108,64,0
6101,7114,65,0
6101,7110,66,0
6101,7111,67,0
6101,7117,68,0
6101,7116,69,0
6101,7102,70,0
6101,6307,71,0
6101,6308,72,0
6101,6081,73,0
6101,6077,74,1
6200,6671,1,0
6200,6707,2,0
6200,6711,3,0
6200,6708,4,0
6200,6792,5,0
6200,6794,6,0
6200,8486,7,0
6200,6525,8,0
6200,6518,9,0
6200,6520,10,0
6200,6522,11,0
6200,8868,12,0
6200,7259,13,0
6200,7267,14,0
6200,7269,15,0
6200,7266,16,0
6200,7256,17,0
6200,7263,18,0
6200,7261,19,0
6200,8590,20,0
6200,8588,21,0
6200,8593,22,0
6200,8601,23,0
6200,8602,24,0
6200,8600,25,0
6200,8946,26,0
6200,7177,27,0
6200,7442,28,0
6200,7444,29,0
6200,7384,30,0
6200,8289,31,0
6200,8290,32,0
6200,6205,33,0
6200,6832,34,0
6200,6311,35,0
6200,8069,36,0
6200,8285,37,0
6200,8286,38,0
6200,6838,39,0
6200,6837,40,0
6200,6526,41,0
6200,6527,42,0
6200,6537,43,0
6200,7385,44,0
6200,7389,45,0
6200,7388,46,0
6200,6030,47,0
6200,6025,48,0
6200,7601,49,1
6201,7601,1,0
6201,6026,2,0
6201,6064,3,0
6201,6028,4,0
6201,7058,5,0
6201,7059,6,0
6201,7386,7,0
6201,6538,8,0
6201,6535,9,0
6201,6536,10,0
6201,6839,11,0
6201,6836,12,0
6201,8284,13,0
6201,8067,14,0
6201,8068,15,0
6201,8066,16,0
6201,6833,17,0
6201,6204,18,0
6201,8287,19,0
6201,8288,20,0
6201,7383,21,0
6201,7443,22,0
6201,7441,23,0
6201,8943,24,0
6201,8589,25,0
6201,8596,26,0
6201,8591,27,0
6201,8597,28,0
6201,8595,29,0
6201,8592,30,0
6201,7260,31,0
6201,7268,32,0
6201,7258,33,0
6201,7257,34,0
6201,7265,35,0
6201,7262,36,0
6201,7264,37,0
6201,6519,38,0
6201,6523,39,0
6201,6524,40,0
6201,6521,41,0
6201,8485,42,0
6201,8487,43,0
6201,6793,44,0
6201,6709,45,0
6201,6710,46,0
6201,6671,47,1
6300,6640,1,0
6300,6720,2,0
6300,6721,3,0
6300,6975,4,0
6300,7472,5,0
6300,7466,6,0
6300,8017,7,0
6300,7481,8,0
6300,7464,9,0
6300,7479,10,0
6300,9007,11,0
6300,7485,12,0
6300,8008,13,0
6300,7476,14,0
6300,7493,15,0
6300,8016,16,0
6300,8057,17,0
6300,6029,18,0
6300,6030,19,0
6300,6025,20,0
6300,7603,21,1
6301,7603,1,0
6301,6026,2,0
6301,6063,3,0
6301,6028,4,0
6301,8035,5,0
6301,7468,6,0
6301,7480,7,0
6301,8006,8,0
6301,7496,9,0
6301,8003,10,0
6301,7465,11,0
6301,8009,12,0
6301,7470,13,0
6301,8010,14,0
6301,7482,15,0
6301,7467,16,0
6301,7499,17,0
6301,7498,18,0
6301,6640,19,1
6400,6767,1,0
6400,6483,2,0
6400,6008,3,0
6400,6001,4,0
6400,6002,5,0
6400,6007,6,0
6400,6013,7,0
6400,6012,8,0
6400,8537,9,0
6400,8543,10,0
6400,8532,11,0
6400,8517,12,0
6400,8530,13,0
6400,8140,14,0
6400,8176,15,0
6400,8065,16,0
6400,8422,17,0
6400,6020,18,0
6400,6022,19,0
6400,8622,20,0
6400,8620,21,0
6400,8617,22,0
6400,8621,23,0
6400,7616,24,1
6401,7616,1,0
6401,8616,2,0
6401,8612,3,0
6401,8618,4,0
6401,8615,5,0
6401,8619,6,0
6401,6019,7,0
6401,6018,8,0
6401,8418,9,0
6401,8426,10,0
6401,8177,11,0
6401,7451,12,0
6401,8141,13,0
6401,8514,14,0
6401,8520,15,0
6401,8515,16,0
6401,8528,17,0
6401,8522,18,0
6401,6005,19,0
6401,6006,20,0
6401,6009,21,0
6401,6015,22,0
6401,6010,23,0
6401,6011,24,0
6401,6003,25,0
6401,6016,26,0
6401,6000,27,0
6401,6004,28,0
6401,6765,29,0
6401,6766,30,0
6401,6767,31,1
6500,6061,1,0
6500,7440,2,0
6500,6354,3,0
6500,6336,4,0
6500,6342,5,0
6500,6321,6,0
6500,6322,7,0
6500,6053,8,0
6500,6057,9,0
6500,6060,10,0
6500,6050,11,0
6500,6345,12,0
6500,6348,13,0
6500,6350,14,0
6500,6343,15,0
6500,6347,16,0
6500,6344,17,0
6500,6351,18,0
6500,8952,19,1
6501,8952,1,0
6501,6335,2,0
6501,6353,3,0
6501,6338,4,0
6501,6349,5,0
6501,6332,6,0
6501,6352,7,0
6501,6341,8,0
6501,6056,9,0
6501,6059,10,0
6501,6052,11,0
6501,6054,12,0
6501,6051,13,0
6501,6058,14,0
6501,6055,15,0
6501,6373,16,0
6501,6374,17,0
6501,8278,18,0
6501,8279,19,0
6501,8268,20,0
6501,8267,21,0
6501,7439,22,0
6501,6061,23,1
6600,6297,1,0
6600,6266,2,0
6600,6245,3,0
6600,6226,4,0
6600,6270,5,0
6600,6557,6,0
6600,6554,7,0
6600,6555,8,0
6600,6552,9,0
6600,6005,10,0
6600,6006,11,0
6600,6009,12,0
6600,6676,13,0
6600,6674,14,0
6600,6677,15,0
6600,8608,16,0
6600,6951,17,0
6600,6950,18,0
6600,6954,19,0
6600,6952,20,0
6600,8241,21,0
6600,6490,22,0
6600,6323,23,0
6600,6328,24,0
6600,6325,25,0
6600,6326,26,0
6600,6641,27,0
6600,6623,28,0
6600,6486,29,0
6600,6488,30,0
6600,6925,31,0
6600,6927,32,0
6600,6920,33,0
6600,6926,34,0
6600,6917,35,0
6600,8140,36,0
6600,7455,37,0
6600,7452,38,0
6600,7458,39,0
6600,7456,40,0
6600,7450,41,0
6600,6023,42,0
6600,8264,43,0
6600,8265,44,0
6600,7214,45,0
6600,7213,46,0
6600,8171,47,0
6600,7210,48,0
6600,7173,49,0
6600,6834,50,0
6600,9076,51,0
6600,8416,52,0
6600,7039,53,0
6600,7036,54,0
6600,7035,55,0
6600,8602,56,0
6600,8600,57,0
6600,8946,58,0
6600,8028,59,0
6600,6732,60,0
6600,6724,61,0
6600,6731,62,0
6600,6726,63,0
6600,6727,64,0
6600,6725,65,1
6601,6725,1,0
6601,6730,2,0
6601,6728,3,0
6601,6729,4,0
6601,6723,5,0
6601,8038,6,0
6601,8036,7,0
6601,8943,8,0
6601,8589,9,0
6601,8596,10,0
6601,7034,11,0
6601,7037,12,0
6601,7040,13,0
6601,7038,14,0
6601,6835,15,0
6601,7175,16,0
6601,7209,17,0
6601,8172,18,0
6601,7211,19,0
6601,7215,20,0
6601,8263,21,0
6601,8266,22,0
6601,6017,23,0
6601,7449,24,0
6601,7459,25,0
6601,7457,26,0
6601,7453,27,0
6601,7454,28,0
6601,8141,29,0
6601,6921,30,0
6601,6919,31,0
6601,6922,32,0
6601,6924,33,0
6601,6928,34,0
6601,6490,35,0
6601,6323,36,0
6601,6328,37,0
6601,6325,38,0
6601,6326,39,0
6601,6641,40,0
6601,6623,41,0
6601,6486,42,0
6601,6488,43,0
6601,8240,44,0
6601,6956,45,0
6601,6953,46,0
6601,6955,47,0
6601,6957,48,0
6601,8610,49,0
6601,6673,50,0
6601,6678,51,0
6601,6672,52,0
6601,6675,53,0
6601,6013,54,0
6601,6012,55,0
6601,8508,56,0
6601,6550,57,0
6601,6551,58,0
6601,6556,59,0
6601,6553,60,0
6601,6238,61,0
6601,6281,62,0
6601,6263,63,0
6601,6260,64,0
6601,6243,65,0
6601,9038,66,0
6601,6297,67,1
6800,6419,1,0
6800,6942,2,0
6800,6945,3,0
6800,6946,4,0
6800,6944,5,0
6800,6934,6,0
6800,7012,7,0
6800,8375,8,0
6800,8377,9,0
6800,8378,10,0
6800,6671,11,0
6800,6670,12,0
6800,6424,13,0
6800,6426,14,0
6800,6427,15,0
6800,6421,16,0
6800,8024,17,0
6800,8025,18,0
6800,7399,19,0
6800,6478,20,0
6800,6481,21,0
6800,8955,22,0
6800,8047,23,0
6800,8041,24,0
6800,8045,25,0
6800,8948,26,0
6800,8028,27,0
6800,8042,28,0
6800,8053,29,0
6800,8043,30,0
6800,8058,31,0
6800,8039,32,0
6800,8057,33,0
6800,6029,34,0
6800,6030,35,0
6800,6025,36,0
6800,7610,37,0
6800,8638,38,0
6800,7150,39,0
6800,6088,40,0
6800,6104,41,0
6800,6125,42,0
6800,6107,43,0
6800,6084,44,0
6800,6103,45,0
6800,6102,46,0
6800,6122,47,0
6800,8331,48,0
6800,8330,49,0
6800,8322,50,0
6800,8335,51,0
6800,8365,52,0
6800,8364,53,0
6800,7602,54,1
6801,8363,1,0
6801,8337,2,0
6801,8333,3,0
6801,8336,4,0
6801,8327,5,0
6801,8338,6,0
6801,6121,7,0
6801,6085,8,0
6801,6106,9,0
6801,6087,10,0
6801,6455,11,0
6801,6773,12,0
6801,6778,13,0
6801,6779,14,0
6801,6775,15,0
6801,6787,16,0
6801,7351,17,0
6801,7602,18,0
6801,6026,19,0
6801,6063,20,0
6801,6028,21,0
6801,8035,22,0
6801,8051,23,0
6801,8060,24,0
6801,8052,25,0
6801,8062,26,0
6801,8059,27,0
6801,8044,28,0
6801,8038,29,0
6801,8036,30,0
6801,8944,31,0
6801,8050,32,0
6801,8055,33,0
6801,8037,34,0
6801,8040,35,0
6801,8046,36,0
6801,8951,37,0
6801,6474,38,0
6801,7398,39,0
6801,8027,40,0
6801,8026,41,0
6801,6422,42,0
6801,6423,43,0
6801,6425,44,0
6801,6428,45,0
6801,6665,46,0
6801,6666,47,0
6801,6669,48,0
6801,6668,49,0
6801,8380,50,0
6801,8376,51,0
6801,8379,52,0
6801,8381,53,0
6801,7013,54,0
6801,6935,55,0
6801,7242,56,0
6801,7244,57,0
6801,7245,58,0
6801,7243,59,0
6801,7099,60,0
6801,7101,61,0
6801,7098,62,0
6801,7100,63,0
6801,7156,64,0
6801,7157,65,0
6801,6417,66,0
6801,6420,67,0
6801,6416,68,0
6801,6418,69,0
6801,6419,70,1
7200,8953,1,0
7200,8325,2,0
7200,8326,3,0
7200,8339,4,0
7200,6632,5,0
7200,6629,6,0
7200,6631,7,0
7200,6634,8,0
7200,8592,9,0
7200,8604,10,0
7200,8318,11,0
7200,8321,12,0
7200,8319,13,0
7200,6835,14,0
7200,7175,15,0
7200,7209,16,0
7200,8172,17,0
7200,7211,18,0
7200,7215,19,0
7200,8263,20,0
7200,8266,21,0
7200,6017,22,0
7200,7449,23,0
7200,7459,24,0
7200,7457,25,0
7200,7453,26,0
7200,7454,27,0
7200,8141,28,0
7200,6921,29,0
7200,6919,30,0
7200,6922,31,0
7200,6924,32,0
7200,6928,33,0
7200,6949,34,0
7200,6959,35,0
7200,6958,36,0
7200,6956,37,0
7200,6953,38,0
7200,6955,39,0
7200,6957,40,0
7200,8860,41,0
7200,8861,42,0
7200,8862,43,0
7200,8863,44,0
7200,8864,45,0
7200,8865,46,0
7200,9116,47,0
7200,8894,48,0
7200,8654,49,0
7200,8655,50,0
7200,8853,51,1
7201,8853,1,0
7201,8854,2,0
7201,8855,3,0
7201,9115,4,0
7201,8856,5,0
7201,8857,6,0
7201,8858,7,0
7201,8859,8,0
7201,8867,9,0
7201,6951,10,0
7201,6950,11,0
7201,6954,12,0
7201,6952,13,0
7201,8241,14,0
7201,6925,15,0
7201,6927,16,0
7201,6920,17,0
7201,6926,18,0
7201,6917,19,0
7201,8140,20,0
7201,7455,21,0
7201,7452,22,0
7201,7458,23,0
7201,7456,24,0
7201,7450,25,0
7201,6023,26,0
7201,8264,27,0
7201,8265,28,0
7201,7214,29,0
7201,7213,30,0
7201,8171,31,0
7201,7210,32,0
7201,7173,33,0
7201,6834,34,0
7201,9076,35,0
7201,8416,36,0
7201,8323,37,0
7201,8320,38,0
7201,8599,39,0
7201,8590,40,0
7201,6292,41,0
7201,6633,42,0
7201,6635,43,0
7201,6630,44,0
7201,6636,45,0
7201,8324,46,0
7201,8680,47,0
7201,8953,48,1
7800,6671,1,0
7800,6707,2,0
7800,6711,3,0
7800,6708,4,0
7800,6792,5,0
7800,6794,6,0
7800,8486,7,0
7800,6525,8,0
7800,6518,9,0
7800,6520,10,0
7800,6522,11,0
7800,8868,12,0
7800,7259,13,0
7800,7267,14,0
7800,7269,15,0
7800,7266,16,0
7800,7256,17,0
7800,7263,18,0
7800,7261,19,0
7800,8590,20,0
7800,8588,21,0
7800,8593,22,0
7800,8601,23,0
7800,8602,24,0
7800,7472,25,0
7800,8965,26,1
7801,8965,1,0
7801,8596,2,0
7801,8591,3,0
7801,8597,4,0
7801,8595,5,0
7801,8592,6,0
7801,7260,7,0
7801,7268,8,0
7801,7258,9,0
7801,7257,10,0
7801,7265,11,0
7801,7262,12,0
7801,7264,13,0
7801,6519,14,0
7801,6523,15,0
7801,6524,16,0
7801,6521,17,0
7801,8485,18,0
7801,8487,19,0
7801,6793,20,0
7801,6709,21,0
7801,6710,22,0
7801,6671,23,1
7900,6477,1,0
7900,6475,2,0
7900,6048,3,0
7900,6047,4,0
7900,6049,5,0
7900,6046,6,0
7900,6128,7,0
7900,6541,8,0
7900,6542,9,0
7900,6480,10,0
7900,6479,11,0
7900,6478,12,0
7900,6481,13,0
7900,8957,14,0
7900,8047,15,0
7900,7472,16,0
7900,8966,17,1
7901,8966,1,0
7901,8046,2,0
7901,8957,3,0
7901,6474,4,0
7901,6476,5,0
7901,6482,6,0
7901,6477,7,1
8000,8961,1,0
8000,8431,2,0
8000,9000,3,0
8000,6579,4,0
8000,7337,5,0
8000,7309,6,0
8000,7305,7,0
8000,7299,8,0
8000,7328,9,0
8000,7304,10,0
8000,7313,11,0
8000,7330,12,0
8000,7303,13,0
8000,7333,14,0
8000,9038,15,0
8000,6297,16,0
8000,6266,17,0
8000,6245,18,0
8000,6226,19,0
8000,6236,20,0
8000,6228,21,0
8000,6285,22,0
8000,6249,23,0
8000,6257,24,0
8000,6278,25,0
8000,6277,26,0
8000,6240,27,0
8000,6280,28,0
8000,6255,29,0
8000,6253,30,0
8000,6241,31,0
8000,6230,32,0
8000,6274,33,0
8000,6258,34,0
8000,6224,35,0
8000,6273,36,0
8000,6272,37,0
8000,6234,38,0
8000,6233,39,0
8000,6276,40,0
8000,6242,41,0
8000,6248,42,0
8000,6275,43,0
8000,6246,44,0
8000,6279,45,0
8000,6264,46,0
8000,6252,47,0
8000,6251,48,0
8000,6216,49,0
8000,6217,50,0
8000,6269,51,0
8000,6644,52,0
8000,6982,53,0
8000,6985,54,0
8000,8262,55,0
8000,6564,56,0
8000,6197,57,0
8000,6193,58,0
8000,6203,59,0
8000,6195,60,0
8000,6191,61,0
8000,8633,62,0
8000,8193,63,0
8000,8202,64,0
8000,8182,65,0
8000,8213,66,0
8000,8178,67,0
8000,8205,68,0
8000,8190,69,0
8000,8214,70,0
8000,8183,71,0
8000,8196,72,0
8000,8195,73,0
8000,8194,74,0
8000,8328,75,0
8000,8337,76,0
8000,8333,77,0
8000,8336,78,0
8000,8327,79,0
8000,8338,80,0
8000,6121,81,0
8000,6085,82,0
8000,6106,83,0
8000,6087,84,0
8000,8414,85,1
8001,8414,1,0
8001,6125,2,0
8001,6107,3,0
8001,6084,4,0
8001,6103,5,0
8001,6102,6,0
8001,6122,7,0
8001,8331,8,0
8001,8330,9,0
8001,8322,10,0
8001,8335,11,0
8001,8329,12,0
8001,8332,13,0
8001,8219,14,0
8001,8179,15,0
8001,8223,16,0
8001,8184,17,0
8001,8206,18,0
8001,8221,19,0
8001,8222,20,0
8001,8181,21,0
8001,8210,22,0
8001,8201,23,0
8001,8215,24,0
8001,8629,25,0
8001,8634,26,0
8001,6192,27,0
8001,6196,28,0
8001,6201,29,0
8001,6199,30,0
8001,6198,31,0
8001,6194,32,0
8001,6563,33,0
8001,6565,34,0
8001,6984,35,0
8001,6289,36,0
8001,6286,37,0
8001,6219,38,0
8001,6250,39,0
8001,6288,40,0
8001,6262,41,0
8001,6268,42,0
8001,6256,43,0
8001,6247,44,0
8001,6222,45,0
8001,6223,46,0
8001,6287,47,0
8001,6239,48,0
8001,6220,49,0
8001,6221,50,0
8001,6271,51,0
8001,6232,52,0
8001,6284,53,0
8001,6290,54,0
8001,6259,55,0
8001,9023,56,0
8001,6254,57,0
8001,6265,58,0
8001,6235,59,0
8001,6229,60,0
8001,6244,61,0
8001,6283,62,0
8001,9024,63,0
8001,6227,64,0
8001,6282,65,0
8001,6237,66,0
8001,6238,67,0
8001,6281,68,0
8001,6263,69,0
8001,6260,70,0
8001,6243,71,0
8001,9038,72,0
8001,6297,73,0
8001,7338,74,0
8001,7296,75,0
8001,7331,76,0
8001,7323,77,0
8001,7327,78,0
8001,7312,79,0
8001,7325,80,0
8001,7311,81,0
8001,7310,82,0
8001,7329,83,0
8001,8433,84,0
8001,9001,85,0
8001,8432,86,0
8001,8961,87,1
8100,8849,1,0
8100,7125,2,0
8100,8351,3,0
8100,7400,4,0
8100,6547,5,0
8100,8352,6,0
8100,7124,7,0
8100,8869,8,0
8100,6272,9,0
8100,6234,10,0
8100,6233,11,0
8100,6276,12,0
8100,6242,13,0
8100,6248,14,0
8100,6275,15,0
8100,6246,16,0
8100,6279,17,0
8100,6264,18,0
8100,6252,19,0
8100,6251,20,0
8100,6216,21,0
8100,6217,22,0
8100,6269,23,0
8100,6644,24,0
8100,6982,25,0
8100,6985,26,0
8100,8262,27,0
8100,6564,28,0
8100,6197,29,0
8100,6193,30,0
8100,6203,31,0
8100,6195,32,0
8100,6191,33,0
8100,8633,34,0
8100,8193,35,0
8100,8202,36,0
8100,8182,37,0
8100,8213,38,0
8100,8178,39,0
8100,8205,40,0
8100,8190,41,0
8100,8214,42,0
8100,8183,43,0
8100,8196,44,0
8100,8195,45,0
8100,8194,46,0
8100,8328,47,0
8100,8337,48,0
8100,8333,49,0
8100,8336,50,0
8100,8327,51,0
8100,8338,52,0
8100,6121,53,0
8100,6085,54,0
8100,6106,55,0
8100,6087,56,0
8100,8414,57,1
8101,8414,1,0
8101,6125,2,0
8101,6107,3,0
8101,6084,4,0
8101,6103,5,0
8101,6102,6,0
8101,6122,7,0
8101,8331,8,0
8101,8330,9,0
8101,8322,10,0
8101,8335,11,0
8101,8329,12,0
8101,8332,13,0
8101,8219,14,0
8101,8179,15,0
8101,8223,16,0
8101,8184,17,0
8101,8206,18,0
8101,8221,19,0
8101,8222,20,0
8101,8181,21,0
8101,8210,22,0
8101,8201,23,0
8101,8215,24,0
8101,8629,25,0
8101,8634,26,0
8101,6192,27,0
8101,6196,28,0
8101,6201,29,0
8101,6199,30,0
8101,6198,31,0
8101,6194,32,0
8101,6563,33,0
8101,6565,34,0
8101,6984,35,0
8101,6289,36,0
8101,6286,37,0
8101,6219,38,0
8101,6250,39,0
8101,6288,40,0
8101,6262,41,0
8101,6268,42,0
8101,6256,43,0
8101,6247,44,0
8101,6222,45,0
8101,6223,46,0
8101,6287,47,0
8101,6239,48,0
8101,8849,49,1
8200,8960,1,0
8200,8431,2,0
8200,9000,3,0
8200,6579,4,0
8200,7294,5,0
8200,7297,6,0
8200,7295,7,0
8200,7307,8,0
8200,7306,9,0
8200,7314,10,0
8200,7322,11,0
8200,7233,12,0
8200,7226,13,0
8200,7225,14,0
8200,9005,15,0
8200,7237,16,0
8200,7235,17,0
8200,7240,18,0
8200,7228,19,0
8200,7224,20,0
8200,7238,21,0
8200,7229,22,0
8200,8353,23,0
8200,8354,24,0
8200,8358,25,0
8200,8360,26,0
8200,7339,27,0
8200,7287,28,0
8200,7286,29,0
8200,7204,30,0
8200,7207,31,0
8200,6690,32,0
8200,6695,33,0
8200,6692,34,0
8200,6684,35,0
8200,6693,36,0
8200,6687,37,0
8200,6685,38,0
8200,6680,39,0
8200,6651,40,0
8200,6688,41,0
8200,6430,42,0
8200,6431,43,0
8200,6439,44,0
8200,6444,45,0
8200,6438,46,0
8200,6436,47,0
8200,6435,48,0
8200,6299,49,0
8200,6266,50,0
8200,6245,51,0
8200,6226,52,0
8200,6236,53,0
8200,6228,54,0
8200,6285,55,0
8200,6249,56,0
8200,6257,57,0
8200,6278,58,0
8200,6277,59,0
8200,6240,60,0
8200,6280,61,0
8200,6255,62,0
8200,6253,63,0
8200,6241,64,0
8200,6230,65,0
8200,6274,66,0
8200,6258,67,0
8200,6224,68,0
8200,6273,69,0
8200,6272,70,0
8200,6234,71,0
8200,6233,72,0
8200,6276,73,0
8200,6242,74,0
8200,6248,75,0
8200,6275,76,0
8200,6246,77,0
8200,6279,78,0
8200,6264,79,0
8200,6252,80,0
8200,6251,81,0
8200,6216,82,0
8200,6217,83,0
8200,6269,84,0
8200,6643,85,0
8200,8551,86,0
8200,8562,87,0
8200,8565,88,0
8200,8573,89,0
8200,8555,90,0
8200,8561,91,0
8200,8564,92,0
8200,8557,93,0
8200,8569,94,0
8200,8566,95,0
8200,8559,96,0
8200,6545,97,0
8200,6546,98,0
8200,6506,99,0
8200,6503,100,0
8200,6507,101,0
8200,8413,102,0
8200,8606,103,0
8200,6107,104,0
8200,6733,105,0
8200,8435,106,1
8201,6107,1,0
8201,6733,2,0
8201,8435,3,0
8201,8412,4,0
8201,8414,5,0
8201,6501,6,0
8201,6502,7,0
8201,6504,8,0
8201,6508,9,0
8201,6543,10,0
8201,6544,11,0
8201,8558,12,0
8201,8554,13,0
8201,8556,14,0
8201,8572,15,0
8201,8571,16,0
8201,8574,17,0
8201,8550,18,0
8201,8549,19,0
8201,8567,20,0
8201,8570,21,0
8201,8552,22,0
8201,6289,23,0
8201,6286,24,0
8201,6219,25,0
8201,6250,26,0
8201,6288,27,0
8201,6262,28,0
8201,6268,29,0
8201,6256,30,0
8201,6247,31,0
8201,6222,32,0
8201,6223,33,0
8201,6287,34,0
8201,6239,35,0
8201,6220,36,0
8201,6221,37,0
8201,6271,38,0
8201,6232,39,0
8201,6284,40,0
8201,6290,41,0
8201,6259,42,0
8201,9023,43,0
8201,6254,44,0
8201,6265,45,0
8201,6235,46,0
8201,6229,47,0
8201,6244,48,0
8201,6283,49,0
8201,9024,50,0
8201,6227,51,0
8201,6282,52,0
8201,6237,53,0
8201,6238,54,0
8201,6281,55,0
8201,6263,56,0
8201,6260,57,0
8201,6243,58,0
8201,9038,59,0
8201,6297,60,0
8201,6433,61,0
8201,6442,62,0
8201,6434,63,0
8201,6429,64,0
8201,6267,65,0
8201,6443,66,0
8201,6441,67,0
8201,6440,68,0
8201,6681,69,0
8201,6642,70,0
8201,6689,71,0
8201,6679,72,0
8201,6686,73,0
8201,6683,74,0
8201,6691,75,0
8201,6694,76,0
8201,6696,77,0
8201,6682,78,0
8201,7208,79,0
8201,7206,80,0
8201,7288,81,0
8201,7289,82,0
8201,7340,83,0
8201,8359,84,0
8201,8355,85,0
8201,8356,86,0
8201,8357,87,0
8201,7222,88,0
8201,7227,89,0
8201,7234,90,0
8201,7236,91,0
8201,7230,92,0
8201,7232,93,0
8201,7223,94,0
8201,7220,95,0
8201,7239,96,0
8201,7231,97,0
8201,7221,98,0
8201,7301,99,0
8201,7298,100,0
8201,7332,101,0
8201,7315,102,0
8201,9037,103,0
8201,7318,104,0
8201,8259,105,0
8201,8433,106,0
8201,9001,107,0
8201,8432,108,0
8201,8960,109,1
8300,8342,1,0
8300,8341,2,0
8300,7335,3,0
8300,7326,4,0
8300,7308,5,0
8300,7316,6,0
8300,7324,7,0
8300,7292,8,0
8300,7321,9,0
8300,7320,10,0
8300,7301,11,0
8300,7298,12,0
8300,7332,13,0
8300,7315,14,0
8300,9037,15,0
8300,7318,16,0
8300,8259,17,0
8300,8433,18,0
8300,9001,19,0
8300,8432,20,0
8300,8960,21,1
8301,8960,1,0
8301,8431,2,0
8301,9000,3,0
8301,6579,4,0
8301,7294,5,0
8301,7297,6,0
8301,7295,7,0
8301,7307,8,0
8301,7306,9,0
8301,7314,10,0
8301,7322,11,0
8301,7300,12,0
8301,7336,13,0
8301,7293,14,0
8301,7302,15,0
8301,7319,16,0
8301,7317,17,0
8301,7334,18,0
8301,7359,19,0
8301,8701,20,0
8301,8340,21,0
8301,8342,22,1
8400,8967,1,0
8400,8431,2,0
8400,9000,3,0
8400,6579,4,0
8400,7294,5,0
8400,7297,6,0
8400,6215,7,0
8400,6214,8,0
8400,6755,9,0
8400,6737,10,0
8400,6758,11,0
8400,6746,12,0
8400,6753,13,0
8400,6742,14,0
8400,6751,15,0
8400,6744,16,0
8400,6749,17,0
8400,6752,18,0
8400,6750,19,0
8400,6436,20,0
8400,6435,21,0
8400,6299,22,0
8400,8533,23,0
8400,8537,24,0
8400,8543,25,0
8400,8532,26,0
8400,8517,27,0
8400,8530,28,0
8400,6098,29,0
8400,6100,30,0
8400,6120,31,0
8400,6090,32,0
8400,6115,33,0
8400,6104,34,0
8400,6105,35,0
8400,6084,36,0
8400,6122,37,0
8400,8330,38,0
8400,8335,39,0
8400,8364,40,1
8401,8363,1,0
8401,8337,2,0
8401,8336,3,0
8401,8338,4,0
8401,6121,5,0
8401,6106,6,0
8401,6087,7,0
8401,8414,8,0
8401,6116,9,0
8401,6127,10,0
8401,6119,11,0
8401,6099,12,0
8401,8514,13,0
8401,8520,14,0
8401,8515,15,0
8401,8528,16,0
8401,8522,17,0
8401,8508,18,0
8401,6297,19,0
8401,6433,20,0
8401,6442,21,0
8401,6434,22,0
8401,6739,23,0
8401,6741,24,0
8401,6738,25,0
8401,6756,26,0
8401,6740,27,0
8401,6754,28,0
8401,6743,29,0
8401,6757,30,0
8401,6745,31,0
8401,6747,32,0
8401,6748,33,0
8401,6213,34,0
8401,6212,35,0
8401,9037,36,0
8401,7318,37,0
8401,8259,38,0
8401,8433,39,0
8401,9001,40,0
8401,8432,41,0
8401,8967,42,1
8500,6297,1,0
8500,6433,2,0
8500,6442,3,0
8500,6434,4,0
8500,6739,5,0
8500,6741,6,0
8500,6738,7,0
8500,6756,8,0
8500,6740,9,0
8500,6754,10,0
8500,6743,11,0
8500,6757,12,0
8500,6745,13,0
8500,6747,14,0
8500,6748,15,0
8500,6213,16,0
8500,6212,17,0
8500,9037,18,0
8500,7318,19,0
8500,8259,20,0
8500,8433,21,0
8500,9001,22,0
8500,8432,23,0
8500,8967,24,0
8500,8533,25,0
8500,8537,26,0
8500,8543,27,0
8500,8532,28,0
8500,8517,29,0
8500,8530,30,0
8500,6098,31,0
8500,6100,32,0
8500,6120,33,0
8500,6090,34,0
8500,6115,35,0
8500,6104,36,0
8500,6105,37,0
8500,6084,38,0
8500,6122,39,0
8500,8330,40,0
8500,8335,41,0
8500,8364,42,1
8501,8363,1,0
8501,8337,2,0
8501,8336,3,0
8501,8338,4,0
8501,6121,5,0
8501,6106,6,0
8501,6087,7,0
8501,8414,8,0
8501,6116,9,0
8501,6127,10,0
8501,6119,11,0
8501,6099,12,0
8501,8514,13,0
8501,8520,14,0
8501,8515,15,0
8501,8528,16,0
8501,8522,17,0
8501,8508,18,0
8501,8967,19,0
8501,8431,20,0
8501,9000,21,0
8501,6579,22,0
8501,7294,23,0
8501,7297,24,0
8501,6215,25,0
8501,6214,26,0
8501,6755,27,0
8501,6737,28,0
8501,6758,29,0
8501,6746,30,0
8501,6753,31,0
8501,6742,32,0
8501,6751,33,0
8501,6744,34,0
8501,6749,35,0
8501,6752,36,0
8501,6750,37,0
8501,6436,38,0
8501,6435,39,0
8501,6297,40,1
8600,8227,1,0
8600,8230,2,0
8600,8229,3,0
8600,8173,4,0
8600,8170,5,0
8600,8174,6,0
8600,8226,7,0
8600,8228,8,0
8600,6236,9,0
8600,6228,10,0
8600,6285,11,0
8600,6249,12,0
8600,6261,13,0
8600,7193,14,0
8600,7195,15,0
8600,7191,16,0
8600,6133,17,0
8600,6137,18,0
8600,6129,19,0
8600,6136,20,0
8600,6138,21,0
8600,6135,22,0
8600,6130,23,0
8600,6804,24,0
8600,6805,25,0
8600,6818,26,0
8600,7015,27,0
8600,7028,28,0
8600,7023,29,0
8600,7045,30,0
8600,8635,31,0
8600,6783,32,0
8600,6781,33,0
8600,6771,34,0
8600,6105,35,0
8600,6084,36,0
8600,6122,37,0
8600,8330,38,0
8600,8335,39,0
8600,8364,40,1
8601,8363,1,0
8601,8337,2,0
8601,8336,3,0
8601,8338,4,0
8601,6121,5,0
8601,6106,6,0
8601,6087,7,0
8601,6455,8,0
8601,6769,9,0
8601,6782,10,0
8601,8631,11,0
8601,8192,12,0
8601,6219,13,0
8601,6250,14,0
8601,6288,15,0
8601,6262,16,0
8601,7025,17,0
8601,7019,18,0
8601,7024,19,0
8601,7016,20,0
8601,6803,21,0
8601,6825,22,0
8601,6131,23,0
8601,6140,24,0
8601,6139,25,0
8601,6142,26,0
8601,6132,27,0
8601,6134,28,0
8601,6141,29,0
8601,7189,30,0
8601,7190,31,0
8601,7192,32,0
8601,7194,33,0
8601,6227,34,0
8601,6282,35,0
8601,6237,36,0
8601,6238,37,0
8601,8227,38,0
8601,8230,39,0
8601,8229,40,0
8601,8173,41,0
8601,8170,42,0
8601,8174,43,0
8601,8226,44,0
8601,8228,45,1
8700,8967,1,0
8700,8431,2,0
8700,9000,3,0
8700,6579,4,0
8700,7294,5,0
8700,7297,6,0
8700,6215,7,0
8700,6214,8,0
8700,6755,9,0
8700,6737,10,0
8700,6758,11,0
8700,6746,12,0
8700,6753,13,0
8700,6742,14,0
8700,6751,15,0
8700,6744,16,0
8700,6749,17,0
8700,6752,18,0
8700,6750,19,0
8700,6436,20,0
8700,6435,21,0
8700,6297,22,0
8700,8533,23,0
8700,8537,24,0
8700,8543,25,0
8700,8532,26,0
8700,8517,27,0
8700,8530,28,0
8700,8140,29,0
8700,8176,30,0
8700,8065,31,0
8700,8422,32,0
8700,8421,33,0
8700,8425,34,0
8700,8424,35,0
8700,8419,36,0
8700,8429,37,0
8700,8389,38,0
8700,7615,39,1
8701,7615,1,0
8701,7197,2,0
8701,8428,3,0
8701,8420,4,0
8701,8418,5,0
8701,8426,6,0
8701,8177,7,0
8701,7451,8,0
8701,8141,9,0
8701,8514,10,0
8701,8520,11,0
8701,8515,12,0
8701,8528,13,0
8701,8522,14,0
8701,8508,15,0
8701,6297,16,0
8701,6433,17,0
8701,6442,18,0
8701,6434,19,0
8701,6739,20,0
8701,6741,21,0
8701,6738,22,0
8701,6756,23,0
8701,6740,24,0
8701,6754,25,0
8701,6743,26,0
8701,6757,27,0
8701,6745,28,0
8701,6747,29,0
8701,6748,30,0
8701,6213,31,0
8701,6212,32,0
8701,9037,33,0
8701,7318,34,0
8701,8259,35,0
8701,8433,36,0
8701,9001,37,0
8701,8432,38,0
8701,8967,39,1
8800,8505,1,0
8800,9041,2,0
8800,8199,3,0
8800,9002,4,0
8800,6436,5,0
8800,6435,6,0
8800,6297,7,1
8801,6297,1,0
8801,6433,2,0
8801,6442,3,0
8801,6434,4,0
8801,8681,5,0
8801,8682,6,0
8801,8200,7,0
8801,9040,8,0
8801,8505,9,1
8900,6297,1,0
8900,6266,2,0
8900,6245,3,0
8900,6226,4,0
8900,6236,5,0
8900,6228,6,0
8900,6285,7,0
8900,6249,8,0
8900,6257,9,0
8900,6278,10,0
8900,6277,11,0
8900,6240,12,0
8900,6280,13,0
8900,6255,14,0
8900,6784,15,0
8900,6804,16,0
8900,6805,17,0
8900,6818,18,0
8900,9057,19,0
8900,6445,20,0
8900,8870,21,0
8900,6567,22,0
8900,8887,23,0
8900,6840,24,0
8900,7212,25,0
8900,7216,26,0
8900,7217,27,0
8900,8056,28,0
8900,7026,29,0
8900,7027,30,0
8900,6027,31,0
8900,7031,32,0
8900,7372,33,0
8900,7030,34,0
8900,7020,35,0
8900,9034,36,0
8900,8692,37,0
8900,9035,38,0
8900,9036,39,0
8900,7425,40,0
8900,7424,41,0
8900,7428,42,0
8900,7431,43,0
8900,7429,44,0
8900,7437,45,0
8900,7438,46,0
8900,7081,47,0
8900,7073,48,0
8900,9102,49,1
8901,9102,1,0
8901,7064,2,0
8901,7080,3,0
8901,7427,4,0
8901,7432,5,0
8901,7434,6,0
8901,7435,7,0
8901,7430,8,0
8901,7436,9,0
8901,7433,10,0
8901,9025,11,0
8901,9026,12,0
8901,9027,13,0
8901,9028,14,0
8901,9029,15,0
8901,9030,16,0
8901,7021,17,0
8901,7278,18,0
8901,7017,19,0
8901,6383,20,0
8901,7022,21,0
8901,7014,22,0
8901,6067,23,0
8901,6168,24,0
8901,6218,25,0
8901,6231,26,0
8901,6533,27,0
8901,6622,28,0
8901,8886,29,0
8901,6549,30,0
8901,8871,31,0
8901,6446,32,0
8901,6971,33,0
8901,9056,34,0
8901,6803,35,0
8901,6825,36,0
8901,6718,37,0
8901,6254,38,0
8901,6265,39,0
8901,6235,40,0
8901,6229,41,0
8901,6244,42,0
8901,6283,43,0
8901,9024,44,0
8901,6227,45,0
8901,6282,46,0
8901,6237,47,0
8901,6238,48,0
8901,6281,49,0
8901,6263,50,0
8901,6260,51,0
8901,6243,52,0
8901,9038,53,0
8901,6297,54,1
9000,9092,1,0
9000,8878,2,0
9000,8879,3,0
9000,8880,4,0
9000,8881,5,0
9000,8882,6,0
9000,7124,7,0
9000,8869,8,0
9000,6272,9,0
9000,6234,10,0
9000,6233,11,0
9000,6276,12,0
9000,6242,13,0
9000,6248,14,0
9000,6275,15,0
9000,6246,16,0
9000,6279,17,0
9000,6264,18,0
9000,6252,19,0
9000,6251,20,0
9000,6216,21,0
9000,6217,22,0
9000,6269,23,0
9000,6643,24,0
9000,8551,25,0
9000,8562,26,0
9000,8565,27,0
9000,8573,28,0
9000,8555,29,0
9000,8561,30,0
9000,8564,31,0
9000,8557,32,0
9000,8569,33,0
9000,8566,34,0
9000,8559,35,0
9000,6545,36,0
9000,8205,37,0
9000,8190,38,0
9000,8214,39,0
9000,8183,40,0
9000,8196,41,0
9000,8195,42,0
9000,8194,43,0
9000,8186,44,0
9000,8883,45,0
9000,8411,46,0
9000,7246,47,0
9000,8884,48,0
9000,8819,49,0
9000,9006,50,0
9000,8821,51,0
9000,8435,52,1
9001,8435,1,0
9001,8822,2,0
9001,8823,3,0
9001,8824,4,0
9001,8825,5,0
9001,8885,6,0
9001,7247,7,0
9001,8410,8,0
9001,8187,9,0
9001,8185,10,0
9001,8219,11,0
9001,8179,12,0
9001,8223,13,0
9001,8184,14,0
9001,6544,15,0
9001,8558,16,0
9001,8554,17,0
9001,8556,18,0
9001,8572,19,0
9001,8571,20,0
9001,8574,21,0
9001,8550,22,0
9001,8549,23,0
9001,8567,24,0
9001,8570,25,0
9001,8552,26,0
9001,6289,27,0
9001,6286,28,0
9001,6219,29,0
9001,6250,30,0
9001,6288,31,0
9001,6262,32,0
9001,6268,33,0
9001,6256,34,0
9001,6247,35,0
9001,6222,36,0
9001,6223,37,0
9001,6287,38,0
9001,6239,39,0
9001,8849,40,0
9001,7125,41,0
9001,8873,42,0
9001,8874,43,0
9001,8875,44,0
9001,8876,45,0
9001,8877,46,0
9001,9092,47,1
15900,8949,1,0
15900,8637,2,0
15900,6030,3,0
15900,8625,4,0
15900,6108,5,1
15901,6108,1,0
15901,8624,2,0
15901,6063,3,0
15901,8943,4,0
15901,8949,5,1
18500,8959,1,0
18500,8532,2,0
18500,6108,3,1
18501,6108,1,0
18501,8515,2,0
18501,8959,3,1
19400,8887,1,0
19400,6445,2,0
19400,8870,3,0
19400,6567,4,0
19400,6330,5,0
19400,6327,6,0
19400,6329,7,0
19400,6324,8,0
19400,6301,9,0
19400,7027,10,0
19400,6027,11,0
19400,6298,12,0
19400,7045,13,0
19400,8635,14,0
19400,6783,15,0
19400,6781,16,0
19400,6771,17,0
19400,6105,18,0
19400,6084,19,0
19400,6122,20,0
19400,8330,21,0
19400,8335,22,0
19400,8364,23,1
19401,8363,1,0
19401,8337,2,0
19401,8336,3,0
19401,8338,4,0
19401,6121,5,0
19401,6106,6,0
19401,6087,7,0
19401,6455,8,0
19401,6769,9,0
19401,6782,10,0
19401,8631,11,0
19401,8192,12,0
19401,6365,13,0
19401,6383,14,0
19401,7022,15,0
19401,6589,16,0
19401,6646,17,0
19401,6491,18,0
19401,6487,19,0
19401,6489,20,0
19401,8887,21,0
19401,6445,22,0
19401,8870,23,0
19401,6567,24,1
32000,8695,1,0
32000,8697,2,0
32000,9015,3,0
32000,9012,4,0
32000,8705,5,0
32000,8698,6,0
32000,9004,7,0
32000,8030,8,0
32000,7610,9,0
32000,9061,10,1
32001,9061,1,0
32001,7610,2,0
32001,8030,3,0
32001,9003,4,0
32001,8699,5,0
32001,8704,6,0
32001,9011,7,0
32001,9013,8,0
32001,9014,9,0
32001,8696,10,0
32001,8695,11,1
33000,6940,1,0
33000,7618,2,0
33000,9061,3,1
33001,9061,1,0
33001,7618,2,0
33001,6940,3,1
37000,8394,1,0
37000,6942,2,0
37000,7175,3,0
37000,7609,4,0
37000,9061,5,1
37001,9061,1,0
37001,7609,2,0
37001,7173,3,0
37001,6943,4,0
37001,8394,5,1
40000,8734,1,0
40000,8735,2,0
40000,8736,3,0
40000,8737,4,0
40000,8738,5,0
40000,8739,6,0
40000,8740,7,0
40000,8741,8,0
40000,8742,9,0
40000,8128,10,0
40000,8743,11,0
40000,8744,12,0
40000,8745,13,0
40000,8746,14,0
40000,8747,15,0
40000,8748,16,0
40000,8749,17,0
40000,8750,18,0
40000,8751,19,0
40000,8752,20,0
40000,8753,21,0
40000,8754,22,0
40000,8820,23,0
40000,8755,24,0
40000,8756,25,0
40000,8757,26,0
40000,8758,27,0
40000,6213,28,0
40000,6212,29,0
40000,9037,30,0
40000,7318,31,0
40000,8259,32,0
40000,8433,33,0
40000,9001,34,0
40000,8432,35,0
40000,8958,36,1
40001,8958,1,0
40001,8431,2,0
40001,9000,3,0
40001,6579,4,0
40001,7294,5,0
40001,7297,6,0
40001,6215,7,0
40001,6214,8,0
40001,8709,9,0
40001,8710,10,0
40001,8711,11,0
40001,8712,12,0
40001,8713,13,0
40001,8714,14,0
40001,8820,15,0
40001,8715,16,0
40001,8716,17,0
40001,8717,18,0
40001,8718,19,0
40001,8719,20,0
40001,8720,21,0
40001,8721,22,0
40001,8722,23,0
40001,8723,24,0
40001,8724,25,0
40001,8725,26,0
40001,8129,27,0
40001,8726,28,0
40001,8727,29,0
40001,8728,30,0
40001,8729,31,0
40001,8730,32,0
40001,8731,33,0
40001,8732,34,0
40001,8733,35,0
40001,8734,36,1
40100,8897,1,0
40100,8898,2,0
40100,9008,3,0
40100,8899,4,0
40100,8900,5,0
40100,8658,6,0
40100,8901,7,0
40100,8902,8,0
40100,8903,9,0
40100,8643,10,0
40100,8645,11,0
40100,8646,12,0
40100,8904,13,0
40100,8905,14,0
40100,8548,15,0
40100,8909,16,0
40100,9079,17,0
40100,8910,18,0
40100,8911,19,0
40100,8912,20,0
40100,8913,21,0
40100,8914,22,0
40100,8915,23,0
40100,8916,24,0
40100,8687,25,0
40100,8688,26,0
40100,8917,27,0
40100,8918,28,0
40100,8919,29,0
40100,8920,30,0
40100,8921,31,0
40100,8922,32,0
40100,8923,33,0
40100,8924,34,0
40100,8693,35,0
40100,8925,36,0
40100,8926,37,0
40100,8049,38,0
40100,8927,39,0
40100,8928,40,0
40100,8827,41,0
40100,8929,42,0
40100,8930,43,0
40100,8931,44,0
40100,8932,45,0
40100,8933,46,0
40100,8934,47,0
40100,8935,48,0
40100,8936,49,0
40100,8937,50,0
40100,8938,51,0
40100,8939,52,0
40100,9009,53,0
40100,6480,54,0
40100,6479,55,0
40100,6478,56,0
40100,6481,57,0
40100,8954,58,1
40101,8954,1,0
40101,6474,2,0
40101,6476,3,0
40101,6482,4,0
40101,6477,5,0
40101,6475,6,0
40101,9010,7,0
40101,8759,8,0
40101,8760,9,0
40101,8761,10,0
40101,8762,11,0
40101,8763,12,0
40101,8764,13,0
40101,8765,14,0
40101,8766,15,0
40101,8767,16,0
40101,8768,17,0
40101,8769,18,0
40101,8814,19,0
40101,8770,20,0
40101,8771,21,0
40101,8048,22,0
40101,8772,23,0
40101,8773,24,0
40101,8774,25,0
40101,8775,26,0
40101,8817,27,0
40101,8776,28,0
40101,8777,29,0
40101,8778,30,0
40101,8779,31,0
40101,8780,32,0
40101,8781,33,0
40101,8844,34,0
40101,8818,35,0
40101,8782,36,0
40101,8783,37,0
40101,8784,38,0
40101,8785,39,0
40101,8786,40,0
40101,8787,41,0
40101,8788,42,0
40101,9078,43,0
40101,8909,44,0
40101,8547,45,0
40101,8790,46,0
40101,8791,47,0
40101,8792,48,0
40101,8793,49,0
40101,7375,50,0
40101,8794,51,0
40101,8795,52,0
40101,8796,53,0
40101,8872,54,0
40101,8797,55,0
40101,8798,56,0
40101,8895,57,0
40101,8896,58,0
40101,8897,59,1
100000900,6859,1,0
100000900,6908,2,0
100000900,6855,3,0
100000900,6861,4,0
100000900,6854,5,0
100000900,6877,6,0
100000900,6876,7,0
100000900,6899,8,0
100000900,6849,9,0
100000900,6799,10,0
100000900,6798,11,0
100000900,6795,12,0
100000900,6904,13,0
100000900,6875,14,0
100000900,6858,15,0
100000900,6873,16,0
100000900,6864,17,0
100000900,6866,18,0
100000900,6863,19,0
100000900,6867,20,0
100000900,6890,21,0
100000900,6872,22,0
100000900,6870,23,0
100000900,6891,24,0
100000900,6860,25,0
100000900,6909,26,0
100000900,6906,27,0
100000900,6910,28,0
100000900,6900,29,0
100000900,6903,30,0
100000900,6399,31,0
100000900,6415,32,0
100000900,6408,33,0
100000900,7275,34,0
100000900,8641,35,0
100000900,7283,36,0
100000900,7274,37,0
100000900,6409,38,0
100000900,6403,39,0
100000900,6407,40,0
100000900,6494,41,0
100000900,8135,42,0
100000900,8133,43,0
100000900,8136,44,0
100000900,8147,45,0
100000900,8149,46,0
100000900,8150,47,0
100000900,6291,48,0
100000900,8363,49,0
100000900,8337,50,0
100000900,8333,51,0
100000900,8336,52,0
100000900,8327,53,0
100000900,8338,54,0
100000900,6121,55,0
100000900,6085,56,0
100000900,6106,57,0
100000900,6087,58,0
100000900,8414,59,1
100000901,8414,1,0
100000901,6125,2,0
100000901,6107,3,0
100000901,6084,4,0
100000901,6103,5,0
100000901,6102,6,0
100000901,6122,7,0
100000901,8331,8,0
100000901,8330,9,0
100000901,8322,10,0
100000901,8335,11,0
100000901,8365,12,0
100000901,8364,13,0
100000901,8261,14,0
100000901,8138,15,0
100000901,8148,16,0
100000901,8137,17,0
100000901,8134,18,0
100000901,8146,19,0
100000901,6495,20,0
100000901,6413,21,0
100000901,6414,22,0
100000901,7275,23,0
100000901,8640,24,0
100000901,7283,25,0
100000901,7274,26,0
100000901,6398,27,0
100000901,6411,28,0
100000901,6410,29,0
100000901,6901,30,0
100000901,6868,31,0
100000901,6844,32,0
100000901,6856,33,0
100000901,6850,34,0
100000901,6869,35,0
100000901,6848,36,0
100000901,6871,37,0
100000901,6852,38,0
100000901,6845,39,0
100000901,6905,40,0
100000901,6853,41,0
100000901,6857,42,0
100000901,6907,43,0
100000901,6892,44,0
100000901,6874,45,0
100000901,6897,46,0
100000901,6799,47,0
100000901,6798,48,0
100000901,6795,49,0
100000901,6898,50,0
100000901,6915,51,0
100000901,6893,52,0
100000901,6846,53,0
100000901,6862,54,0
100000901,6911,55,0
100000901,6800,56,0
100000901,6859,57,1
200000900,6902,1,0
200000900,7054,2,0
200000900,7055,3,0
200000900,7056,4,0
200000900,7122,5,0
200000900,7121,6,0
200000900,9020,7,0
200000900,8349,8,0
200000900,6843,9,0
200000900,6889,10,0
200000900,6888,11,0
200000900,6886,12,0
200000900,6896,13,0
200000900,6884,14,0
200000900,6882,15,0
200000900,6880,16,0
200000900,6913,17,0
200000900,6865,18,0
200000900,6894,19,0
200000900,6859,20,0
200000900,6908,21,0
200000900,6855,22,0
200000900,6861,23,0
200000900,6854,24,0
200000900,6877,25,0
200000900,6876,26,0
200000900,6899,27,0
200000900,6849,28,0
200000900,6904,29,0
200000900,6875,30,0
200000900,6858,31,0
200000900,6873,32,0
200000900,6864,33,0
200000900,6866,34,0
200000900,6863,35,0
200000900,6867,36,0
200000900,6890,37,0
200000900,6872,38,0
200000900,6870,39,0
200000900,6891,40,0
200000900,6860,41,0
200000900,6909,42,0
200000900,6906,43,0
200000900,6910,44,0
200000900,6900,45,0
200000900,6903,46,0
200000900,6399,47,0
200000900,6415,48,0
200000900,6408,49,0
200000900,7275,50,0
200000900,8641,51,0
200000900,7283,52,0
200000900,7274,53,0
200000900,6409,54,0
200000900,6403,55,0
200000900,6407,56,0
200000900,6494,57,0
200000900,8135,58,0
200000900,8133,59,0
200000900,8136,60,0
200000900,8147,61,0
200000900,8149,62,0
200000900,8150,63,0
200000900,6291,64,0
200000900,8363,65,0
200000900,8337,66,0
200000900,8333,67,0
200000900,8336,68,0
200000900,8327,69,0
200000900,8338,70,0
200000900,6121,71,0
200000900,6085,72,0
200000900,6106,73,0
200000900,6087,74,0
200000900,8414,75,1
200000901,8414,1,0
200000901,6125,2,0
200000901,6107,3,0
200000901,6084,4,0
200000901,6103,5,0
200000901,6102,6,0
200000901,6122,7,0
200000901,8331,8,0
200000901,8330,9,0
200000901,8322,10,0
200000901,8335,11,0
200000901,8365,12,0
200000901,8364,13,0
200000901,8261,14,0
200000901,8138,15,0
200000901,8148,16,0
200000901,8137,17,0
200000901,8134,18,0
200000901,8146,19,0
200000901,6495,20,0
200000901,6413,21,0
200000901,6414,22,0
200000901,7275,23,0
200000901,8640,24,0
200000901,7283,25,0
200000901,7274,26,0
200000901,6398,27,0
200000901,6411,28,0
200000901,6410,29,0
200000901,6901,30,0
200000901,6868,31,0
200000901,6844,32,0
200000901,6856,33,0
200000901,6850,34,0
200000901,6869,35,0
200000901,6848,36,0
200000901,6871,37,0
200000901,6852,38,0
200000901,6845,39,0
200000901,6905,40,0
200000901,6853,41,0
200000901,6857,42,0
200000901,6907,43,0
200000901,6892,44,0
200000901,6874,45,0
200000901,6897,46,0
200000901,6898,47,0
200000901,6915,48,0
200000901,6893,49,0
200000901,6846,50,0
200000901,6862,51,0
200000901,6911,52,0
200000901,6800,53,0
200000901,6847,54,0
200000901,6878,55,0
200000901,6879,56,0
200000901,6914,57,0
200000901,6895,58,0
200000901,6881,59,0
200000901,6883,60,0
200000901,6912,61,0
200000901,6885,62,0
200000901,6887,63,0
200000901,6902,64,1
